   -0.66561247
    0.34785632
    0.31621708
   -0.67058770
    0.34412236
    0.33872029
   -0.70500266
    0.35663537
    0.34755615
   -0.66208923
    0.32668943
    0.31276580
   -0.67034629
    0.33978378
    0.32303292
   -0.68076391
    0.34555662
    0.33369801
   -0.70123797
    0.32828041
    0.35055358
   -0.68225825
    0.35913641
    0.33872772
   -0.68353386
    0.33956366
    0.35010056
   -0.66650814
    0.34995120
    0.33442863
   -0.67001894
    0.33196059
    0.32027421
   -0.66669504
    0.32991390
    0.32244226
   -0.67412549
    0.33359176
    0.33461469
   -0.65010492
    0.32955710
    0.35148582
   -0.65333213
    0.33820635
    0.31679906
   -0.67679638
    0.35392642
    0.32531730
   -0.66307133
    0.32103464
    0.35324087
   -0.67998972
    0.32299468
    0.35001196
   -0.67201527
    0.32201952
    0.34731176
   -0.67846797
    0.35614672
    0.34227428
   -0.68971879
    0.34048065
    0.33187611
   -0.67368123
    0.35920088
    0.33710331
   -0.64740437
    0.35172272
    0.31493098
   -0.64761122
    0.30555016
    0.34278563
   -0.66522794
    0.33117008
    0.34969830
   -0.67828498
    0.33318435
    0.31929483
   -0.70555776
    0.34536887
    0.34421482
   -0.63318307
    0.32414531
    0.32537321
   -0.64940153
    0.33953642
    0.31014938
   -0.63513435
    0.32650241
    0.33587208
   -0.64047009
    0.29085781
    0.34539018
   -0.66051036
    0.35181604
    0.32169323
   -0.69842162
    0.33992862
    0.36589947
   -0.65827190
    0.32934547
    0.33663871
   -0.69543732
    0.34432838
    0.34048645
   -0.65085053
    0.32681032
    0.31636647
   -0.69429389
    0.35170934
    0.34085890
   -0.69330455
    0.34146507
    0.36212615
   -0.68459137
    0.33231804
    0.34549147
   -0.68298142
    0.34590655
    0.35035792
   -0.67120033
    0.33287950
    0.35423929
   -0.67966756
    0.33860775
    0.33275518
   -0.66141739
    0.30456636
    0.33287724
   -0.68196758
    0.34569023
    0.36391026
   -0.67513767
    0.34188986
    0.33419767
   -0.68227282
    0.31755722
    0.35241795
   -0.67814345
    0.34109421
    0.33506308
   -0.67569209
    0.33985504
    0.33751202
   -0.67821288
    0.33460772
    0.33170230
   -0.65277398
    0.31940561
    0.31352178
   -0.68601947
    0.32717778
    0.35029490
   -0.65554867
    0.33319219
    0.31775385
   -0.67960613
    0.34165051
    0.33397136
   -0.68723348
    0.33489640
    0.33397075
   -0.66957264
    0.32314454
    0.33994055
   -0.68870801
    0.34202204
    0.33638893
   -0.65027725
    0.35273640
    0.29012446
   -0.66829600
    0.30410696
    0.34507043
   -0.64628104
    0.30659838
    0.33570004
   -0.69184539
    0.33416454
    0.36141063
   -0.68628336
    0.33844512
    0.36185368
   -0.64525906
    0.32240648
    0.31584269
   -0.63621734
    0.33834541
    0.30198025
   -0.67887510
    0.33773763
    0.34406637
   -0.69245652
    0.34748763
    0.35085423
   -0.67056860
    0.31482050
    0.33147745
   -0.67984939
    0.35521333
    0.33573071
   -0.65301033
    0.31090933
    0.34179659
   -0.64370918
    0.32075129
    0.32405428
   -0.65410546
    0.34896534
    0.32076337
   -0.66321142
    0.31359369
    0.34364640
   -0.70468152
    0.33204712
    0.35327404
   -0.70623684
    0.35540816
    0.35484494
   -0.67021574
    0.32082503
    0.34337948
   -0.67547247
    0.34090492
    0.33763352
   -0.67983015
    0.33295658
    0.33418117
   -0.67704201
    0.34624533
    0.33764870
   -0.64906421
    0.31306221
    0.31768302
   -0.70723213
    0.35191684
    0.34216683
   -0.69918506
    0.33636107
    0.35358093
   -0.66814552
    0.32594994
    0.31546383
   -0.66676725
    0.35266473
    0.33924649
   -0.67118648
    0.34797411
    0.34986384
   -0.69061709
    0.32878771
    0.34763745
   -0.63337542
    0.29420136
    0.32771975
   -0.63720686
    0.31533499
    0.33727057
   -0.67750388
    0.34140301
    0.34400353
   -0.63330830
    0.31594114
    0.31273981
   -0.65174478
    0.35808513
    0.28223129
   -0.67727198
    0.33101012
    0.34975376
   -0.65013214
    0.32598151
    0.31719769
   -0.65989964
    0.32833156
    0.33960485
   -0.62713984
    0.35082914
    0.28288010
   -0.67557425
    0.34096012
    0.32991255
   -0.66112160
    0.33368881
    0.32019998
   -0.63262298
    0.34399872
    0.29154569
   -0.65988697
    0.33587928
    0.32131028
   -0.67526892
    0.32514904
    0.33704351
   -0.62972908
    0.35721659
    0.28512675
   -0.64104476
    0.32562378
    0.32143235
   -0.63933164
    0.31725456
    0.32035326
   -0.65284283
    0.31276057
    0.33416872
   -0.66916868
    0.33310784
    0.33213860
   -0.69644094
    0.35542083
    0.34662974
   -0.63025987
    0.32683036
    0.31465191
   -0.67977693
    0.35299108
    0.33014420
   -0.64721761
    0.31393941
    0.32609446
   -0.65210341
    0.32948943
    0.32148955
   -0.68527117
    0.32559699
    0.35665636
   -0.63509537
    0.34661478
    0.28068346
   -0.62007572
    0.34670360
    0.28604322
   -0.64916733
    0.32006357
    0.32442125
   -0.66274038
    0.34308868
    0.32389353
   -0.66876285
    0.32965763
    0.32934553
   -0.66451293
    0.33503425
    0.31783555
   -0.63041829
    0.32762314
    0.31542742
   -0.66770412
    0.32829681
    0.32956287
   -0.67620687
    0.32438532
    0.31769306
   -0.67168706
    0.30963454
    0.35358506
   -0.64844997
    0.32176250
    0.32803784
   -0.65015234
    0.35249096
    0.28163890
   -0.69253989
    0.33164577
    0.34607276
   -0.65842714
    0.33603618
    0.32536077
   -0.64576941
    0.34263857
    0.32360244
   -0.64851173
    0.34831741
    0.31561656
   -0.62685062
    0.28561926
    0.34949440
   -0.66986955
    0.34483902
    0.32109456
   -0.63042537
    0.32116319
    0.32594794
   -0.68691027
    0.33071330
    0.35099909
   -0.65293752
    0.35312604
    0.30597534
   -0.65712504
    0.34098413
    0.30267399
   -0.68362361
    0.35132299
    0.34406983
   -0.64953794
    0.28932150
    0.34831245
   -0.64572422
    0.35405613
    0.31234768
   -0.68699375
    0.35359914
    0.32459044
   -0.66759399
    0.35597174
    0.32629018
   -0.67749794
    0.33449890
    0.32710621
   -0.70194443
    0.34907904
    0.33954020
   -0.67715604
    0.32297375
    0.34257552
   -0.65969526
    0.35078472
    0.31684436
   -0.65527466
    0.33189303
    0.31466144
   -0.66996783
    0.32494965
    0.33856025
   -0.65451601
    0.27569071
    0.35388876
   -0.68121373
    0.32801185
    0.35718443
   -0.67067940
    0.31351474
    0.34681778
   -0.61832303
    0.28932231
    0.33726998
   -0.67278398
    0.32382960
    0.34384903
   -0.65495505
    0.32255057
    0.35240006
   -0.65693337
    0.35564900
    0.30575668
   -0.60926885
    0.29255971
    0.33739837
   -0.66723956
    0.34325094
    0.35629960
   -0.66525581
    0.33315297
    0.31448844
   -0.62565248
    0.35311687
    0.27831223
   -0.63723095
    0.35677571
    0.27941335
   -0.66403006
    0.31637616
    0.33986941
   -0.67228654
    0.32953460
    0.34016920
   -0.64283200
    0.32758914
    0.33138421
   -0.64072537
    0.32230768
    0.33189078
   -0.67686764
    0.33329521
    0.32817580
   -0.65161452
    0.31910189
    0.32268828
   -0.65700475
    0.30753206
    0.34810726
   -0.68220314
    0.31770951
    0.34316234
   -0.64568341
    0.31298482
    0.33761729
   -0.64448156
    0.33618445
    0.32726099
   -0.65948375
    0.34567908
    0.32204404
   -0.64191264
    0.32386422
    0.32318709
   -0.66803426
    0.34859758
    0.32678767
   -0.66415813
    0.32655018
    0.34991055
   -0.66701120
    0.32689854
    0.33487476
   -0.65149004
    0.33510278
    0.32982758
   -0.66285626
    0.33375154
    0.33977765
   -0.65207544
    0.33685134
    0.32587341
   -0.65418662
    0.33965355
    0.31260496
   -0.68349464
    0.35954965
    0.34536295
   -0.65849401
    0.35044252
    0.31018360
   -0.64811631
    0.34801199
    0.32257093
   -0.60788820
    0.31386858
    0.28860822
