   #   Energy       Run. Aver.   Diff / au.
    1 -441.15507837  -0.70302529  -0.70302529
    2 -397.74092420  -1.01994551  -0.31692022
    3 -390.75429335  -0.99317259   0.02677292
    4 -386.18049840  -0.89204065   0.10113195
    5 -385.40543537  -0.81624265   0.07579800
    6 -388.63458401  -0.77079063   0.04545201
    7 -388.15789330  -0.74255153   0.02823911
    8 -388.79842049  -0.72365141   0.01890012
    9 -390.21191440  -0.71023926   0.01341215
   10 -386.42553163  -0.69945494   0.01078432
   11 -387.56615079  -0.69103554   0.00841940
   12 -386.12293534  -0.68402480   0.00701075
   13 -387.38750257  -0.67835601   0.00566879
   14 -383.77589036  -0.67318179   0.00517422
   15 -384.71220203  -0.66882991   0.00435188
   16 -384.46148563  -0.66504844   0.00378147
   17 -387.80159349  -0.66205851   0.00298993
   18 -391.63772315  -0.65978440   0.00227412
   19 -387.71015734  -0.65745792   0.00232648
   20 -389.38974483  -0.65549530   0.00196262
   21 -387.50538426  -0.65359392   0.00190137
   22 -388.58235192  -0.65194620   0.00164773
   23 -389.99980421  -0.65055099   0.00139521
   24 -391.24195130  -0.64936505   0.00118594
   25 -388.57936357  -0.64811264   0.00125242
   26 -388.65546615  -0.64695867   0.00115397
   27 -388.37030065  -0.64587699   0.00108168
   28 -388.58560062  -0.64488741   0.00098958
   29 -387.79347491  -0.64392573   0.00096168
   30 -388.48022741  -0.64306557   0.00086016
   31 -390.70753696  -0.64237868   0.00068689
   32 -391.74879846  -0.64179198   0.00058669
   33 -391.26545195  -0.64122054   0.00057144
   34 -392.25920792  -0.64072974   0.00049080
   35 -391.73003769  -0.64024520   0.00048454
   36 -391.72976247  -0.63978773   0.00045746
   37 -394.41767292  -0.63947150   0.00031623
   38 -393.60406924  -0.63914150   0.00032999
   39 -393.22507326  -0.63881259   0.00032891
   40 -394.15446410  -0.63853718   0.00027541
   41 -395.14501594  -0.63831501   0.00022217
   42 -393.97253669  -0.63806020   0.00025481
   43 -395.00536759  -0.63785476   0.00020544
   44 -395.10622423  -0.63766343   0.00019133
   45 -392.46509485  -0.63738739   0.00027604
   46 -392.96826215  -0.63713894   0.00024845
   47 -393.02640582  -0.63690362   0.00023532
   48 -392.25299033  -0.63665270   0.00025092
   49 -391.87359573  -0.63639937   0.00025333
   50 -393.12398020  -0.63619597   0.00020340
   51 -393.62034997  -0.63601704   0.00017893
   52 -393.00757181  -0.63582668   0.00019036
   53 -392.19802292  -0.63561895   0.00020773
   54 -391.00272218  -0.63538332   0.00023563
   55 -393.54297869  -0.63522935   0.00015397
   56 -394.57943699  -0.63511183   0.00011752
   57 -395.94099734  -0.63503714   0.00007469
   58 -396.10133948  -0.63497017   0.00006697
   59 -396.41930368  -0.63491419   0.00005598
   60 -397.64421419  -0.63489279   0.00002140
   61 -396.79991225  -0.63485061   0.00004219
   62 -395.55236515  -0.63477738   0.00007323
   63 -396.20726866  -0.63472255   0.00005483
   64 -397.87661133  -0.63471129   0.00001126
   65 -397.37565417  -0.63468876   0.00002253
   66 -397.32082790  -0.63466543   0.00002334
   67 -397.25790254  -0.63464128   0.00002415
   68 -396.84449169  -0.63460814   0.00003314
   69 -396.91487213  -0.63457745   0.00003068
   70 -395.88016388  -0.63452412   0.00005333
   71 -395.43943903  -0.63446208   0.00006204
   72 -394.99906065  -0.63439190   0.00007018
   73 -394.62641073  -0.63431540   0.00007651
   74 -395.35599606  -0.63425658   0.00005881
   75 -395.02871047  -0.63419262   0.00006396
   76 -396.11577352  -0.63415307   0.00003955
   77 -396.06116807  -0.63411373   0.00003934
   78 -395.64488516  -0.63406690   0.00004683
   79 -395.43317797  -0.63401689   0.00005001
   80 -393.42467514  -0.63392808   0.00008881
   81 -392.56308506  -0.63382403   0.00010405
   82 -392.87535673  -0.63372840   0.00009563
   83 -392.58520100  -0.63362961   0.00009879
   84 -393.08294924  -0.63354258   0.00008703
   85 -393.11196996  -0.63345827   0.00008430
   86 -393.49479775  -0.63338305   0.00007522
   87 -394.06113995  -0.63332004   0.00006301
   88 -392.80370135  -0.63323583   0.00008421
   89 -392.37328496  -0.63314557   0.00009026
   90 -392.15196932  -0.63305332   0.00009224
   91 -391.61559746  -0.63295369   0.00009963
   92 -391.83468057  -0.63285994   0.00009375
   93 -392.29197710  -0.63277611   0.00008384
   94 -392.10395939  -0.63269097   0.00008513
   95 -392.00167919  -0.63260590   0.00008507
   96 -391.95864137  -0.63252189   0.00008401
   97 -390.79386347  -0.63242048   0.00010141
   98 -390.66922741  -0.63231894   0.00010154
   99 -391.05080719  -0.63222560   0.00009335
  100 -391.15975621  -0.63213593   0.00008966
  101 -390.93091194  -0.63204447   0.00009146
  102 -390.90164046  -0.63195433   0.00009014
  103 -391.36655501  -0.63187314   0.00008119
  104 -392.17019884  -0.63180592   0.00006723
  105 -392.30110375  -0.63174209   0.00006382
  106 -391.03476537  -0.63166047   0.00008163
  107 -391.09281250  -0.63158106   0.00007940
  108 -390.80505590  -0.63149891   0.00008216
  109 -390.22528955  -0.63140975   0.00008915
  110 -390.21877974  -0.63132207   0.00008769
  111 -390.69660837  -0.63124283   0.00007924
  112 -391.87128075  -0.63118180   0.00006103
  113 -391.86336780  -0.63112190   0.00005990
  114 -391.67076729  -0.63106036   0.00006153
  115 -391.56827315  -0.63099847   0.00006190
  116 -391.54461547  -0.63093731   0.00006116
  117 -391.21810575  -0.63087275   0.00006455
  118 -390.84155150  -0.63080418   0.00006857
  119 -390.53898816  -0.63073267   0.00007151
  120 -388.99288448  -0.63064180   0.00009087
  121 -390.16699514  -0.63056774   0.00007407
  122 -389.82078004  -0.63049050   0.00007724
  123 -389.90200970  -0.63041554   0.00007495
  124 -390.03284721  -0.63034350   0.00007205
  125 -390.50126957  -0.63027860   0.00006490
  126 -390.69261836  -0.63021721   0.00006139
  127 -391.35753279  -0.63016516   0.00005205
  128 -391.17025419  -0.63011166   0.00005350
  129 -391.30751256  -0.63006067   0.00005098
  130 -391.35788596  -0.63001111   0.00004956
  131 -391.12452095  -0.62995948   0.00005163
  132 -390.94604350  -0.62990645   0.00005302
  133 -391.18380075  -0.62985707   0.00004939
  134 -391.08208377  -0.62980723   0.00004983
  135 -391.24527070  -0.62976006   0.00004717
  136 -390.31170084  -0.62970266   0.00005740
  137 -390.31908724  -0.62964612   0.00005655
  138 -389.71351900  -0.62958340   0.00006272
  139 -389.70994991  -0.62952150   0.00006190
  140 -390.36974418  -0.62946801   0.00005350
  141 -390.63575354  -0.62941833   0.00004967
  142 -390.74467571  -0.62937061   0.00004772
  143 -390.79805165  -0.62932416   0.00004645
  144 -390.78433210  -0.62927822   0.00004595
  145 -390.98120874  -0.62923507   0.00004314
  146 -391.17356437  -0.62919464   0.00004044
  147 -391.58333905  -0.62915921   0.00003542
  148 -392.17833426  -0.62913071   0.00002851
  149 -394.43237168  -0.62912674   0.00000397
  150 -394.89932465  -0.62912795  -0.00000121
  151 -395.57388548  -0.62913629  -0.00000835
  152 -395.53013504  -0.62914412  -0.00000782
  153 -395.96376966  -0.62915635  -0.00001224
  154 -396.31125513  -0.62917205  -0.00001570
  155 -396.80859948  -0.62919269  -0.00002063
  156 -396.64951098  -0.62921147  -0.00001878
  157 -396.34682133  -0.62922692  -0.00001545
  158 -396.36819992  -0.62924237  -0.00001545
  159 -396.06428262  -0.62925458  -0.00001221
  160 -396.05449809  -0.62926652  -0.00001194
  161 -395.91268986  -0.62927691  -0.00001039
  162 -395.80851550  -0.62928614  -0.00000922
  163 -395.34749665  -0.62929073  -0.00000460
  164 -395.33929618  -0.62929517  -0.00000443
  165 -395.20583938  -0.62929826  -0.00000309
  166 -395.08909543  -0.62930018  -0.00000192
  167 -395.39897646  -0.62930503  -0.00000485
  168 -395.29497385  -0.62930885  -0.00000382
  169 -396.28857011  -0.62932200  -0.00001314
  170 -396.06279340  -0.62933292  -0.00001093
  171 -395.65149917  -0.62933987  -0.00000695
  172 -395.43194317  -0.62934469  -0.00000481
  173 -395.22305119  -0.62934751  -0.00000282
  174 -394.57202741  -0.62934432   0.00000319
  175 -394.61403956  -0.62934152   0.00000280
  176 -394.64328313  -0.62933902   0.00000250
  177 -399.02269059  -0.62937598  -0.00003696
  178 -399.42612188  -0.62941635  -0.00004038
  179 -399.22972388  -0.62945455  -0.00003820
  180 -399.08227128  -0.62949100  -0.00003645
  181 -398.64036201  -0.62952315  -0.00003215
  182 -398.38980807  -0.62955273  -0.00002958
  183 -398.96107680  -0.62958695  -0.00003422
  184 -394.71681377  -0.62958406   0.00000289
  185 -396.16591972  -0.62959349  -0.00000942
  186 -395.97303038  -0.62960122  -0.00000774
  187 -396.30468485  -0.62961169  -0.00001047
  188 -396.46800340  -0.62962345  -0.00001176
  189 -397.01866788  -0.62963974  -0.00001628
  190 -396.66812125  -0.62965294  -0.00001320
  191 -397.72398438  -0.62967479  -0.00002185
  192 -398.28327381  -0.62970110  -0.00002631
  193 -398.20831838  -0.62972654  -0.00002544
  194 -398.20285305  -0.62975167  -0.00002513
  195 -397.99193354  -0.62977482  -0.00002315
  196 -398.40580097  -0.62980109  -0.00002627
  197 -398.31153506  -0.62982634  -0.00002525
  198 -398.47605096  -0.62985266  -0.00002632
  199 -398.77775857  -0.62988113  -0.00002847
  200 -398.75277776  -0.62990913  -0.00002800
