   -0.65859389
    0.33216242
    0.32383002
   -0.69930623
    0.35716715
    0.35838401
   -0.67889692
    0.33781437
    0.34929984
   -0.69218294
    0.37457512
    0.32346436
   -0.70481190
    0.35897735
    0.34681243
   -0.70193429
    0.34053468
    0.36248231
   -0.71004747
    0.34194658
    0.36927046
   -0.68073881
    0.34906516
    0.33938381
   -0.69626311
    0.36340535
    0.35540598
   -0.68913875
    0.34514447
    0.33821509
   -0.69291225
    0.34086626
    0.36425515
   -0.69359699
    0.35349473
    0.33150199
   -0.70312959
    0.34076272
    0.35825546
   -0.66433904
    0.33057318
    0.34686780
   -0.68436538
    0.33803176
    0.36278467
   -0.69751267
    0.35313504
    0.35175986
   -0.69484915
    0.33055716
    0.35360823
   -0.64601724
    0.32619198
    0.32700229
   -0.67217415
    0.32960061
    0.35099868
   -0.68714968
    0.33281058
    0.34482969
   -0.68452712
    0.33964922
    0.34161359
   -0.68059482
    0.34617219
    0.33358420
   -0.68278226
    0.33382161
    0.32055463
   -0.66334500
    0.31761717
    0.33262524
   -0.65363435
    0.32338999
    0.34377880
   -0.66219314
    0.33526941
    0.33789450
   -0.70084713
    0.35798007
    0.34325245
   -0.72149207
    0.35960657
    0.33538022
   -0.72310505
    0.33945924
    0.35289712
   -0.70357082
    0.34747434
    0.35121064
   -0.66215764
    0.33373490
    0.32017634
   -0.70458201
    0.35691982
    0.35370373
   -0.69398301
    0.34055360
    0.33522314
   -0.71186682
    0.34977389
    0.34374567
   -0.68343749
    0.33297007
    0.34161705
   -0.67343961
    0.36402230
    0.32906929
   -0.66821658
    0.35504781
    0.33380020
   -0.69231000
    0.35066580
    0.36424254
   -0.68479773
    0.34988015
    0.35127221
   -0.67818773
    0.35627377
    0.32716068
   -0.69010790
    0.34028921
    0.37210298
   -0.68754318
    0.35105727
    0.33495552
   -0.64512126
    0.32218503
    0.32356570
   -0.69519485
    0.34453856
    0.36534685
   -0.69097100
    0.34476288
    0.36477480
   -0.70541234
    0.32878388
    0.36460613
   -0.67377675
    0.32721859
    0.33804080
   -0.65712146
    0.33037002
    0.32314911
   -0.66954297
    0.33885433
    0.31802616
   -0.71133717
    0.35837837
    0.34644442
   -0.68584149
    0.34074868
    0.35112165
   -0.67328198
    0.33885883
    0.33620151
   -0.67472698
    0.33533484
    0.34004338
   -0.65099909
    0.31382262
    0.32290955
   -0.69988070
    0.34185948
    0.35755816
   -0.66595375
    0.33295973
    0.35846607
   -0.69432739
    0.35266805
    0.35521591
   -0.68882843
    0.32452183
    0.35494721
   -0.68859609
    0.34817343
    0.35722803
   -0.65163431
    0.33934006
    0.30932777
   -0.67460070
    0.34060071
    0.34187545
   -0.67157949
    0.34636849
    0.34282514
   -0.69730699
    0.33364233
    0.33290591
   -0.70996623
    0.35114663
    0.34929291
   -0.65765623
    0.35298992
    0.31149461
   -0.67204927
    0.31814280
    0.35489641
   -0.69808471
    0.34257834
    0.34527479
   -0.68169976
    0.35432228
    0.32831021
   -0.66463124
    0.34004837
    0.33364336
   -0.69543916
    0.36628527
    0.32639717
   -0.66628953
    0.31445928
    0.33723060
   -0.68917789
    0.32610452
    0.35759394
   -0.69450265
    0.35040343
    0.35466222
   -0.66115155
    0.34348419
    0.32177719
   -0.65784473
    0.31189002
    0.35529682
   -0.66659053
    0.32745994
    0.34012898
   -0.71055054
    0.35782720
    0.34361092
   -0.65637997
    0.32955107
    0.32616710
   -0.66676737
    0.32493750
    0.35012315
   -0.65732848
    0.36024304
    0.30899295
   -0.68799338
    0.33524814
    0.34562790
   -0.68470976
    0.36211582
    0.33848048
   -0.68223011
    0.35015849
    0.33452798
   -0.68936352
    0.34207632
    0.35634003
   -0.67542417
    0.35354497
    0.31000847
   -0.66087295
    0.31779190
    0.34740449
   -0.65520530
    0.35274447
    0.31387730
   -0.68669153
    0.35458656
    0.34352387
   -0.66502663
    0.34076918
    0.33146546
   -0.68382450
    0.34157612
    0.33234298
   -0.69576698
    0.34512596
    0.34503528
   -0.67916284
    0.33862941
    0.31491592
   -0.69787768
    0.35529090
    0.35465783
   -0.68385727
    0.35589493
    0.31574121
   -0.67072628
    0.31543872
    0.36390476
   -0.63634674
    0.31745910
    0.33390310
   -0.69771827
    0.34450644
    0.32693785
   -0.66542566
    0.32179727
    0.32980717
   -0.64305622
    0.35882143
    0.29306339
   -0.67345700
    0.34878005
    0.33127633
   -0.69386232
    0.35748342
    0.35410347
   -0.68142341
    0.32467662
    0.34487449
   -0.69048975
    0.34153526
    0.33690115
   -0.69131150
    0.31360053
    0.35149604
   -0.68309771
    0.32735311
    0.35461982
   -0.62757918
    0.35903497
    0.28426588
   -0.66010934
    0.32710122
    0.32762944
   -0.69144159
    0.33000449
    0.34164838
   -0.68009733
    0.31329669
    0.34901120
   -0.68417985
    0.32123437
    0.35700879
   -0.64310435
    0.30347083
    0.34691118
   -0.67856458
    0.34431536
    0.35120558
   -0.68811600
    0.35987903
    0.32237206
   -0.65580757
    0.33772140
    0.31863076
   -0.67467387
    0.32459666
    0.33232414
   -0.67568260
    0.32224070
    0.33888094
   -0.65555727
    0.33914636
    0.31835353
   -0.65447781
    0.31296397
    0.34073474
   -0.67657268
    0.34065747
    0.31416014
   -0.66538524
    0.32521332
    0.33190188
   -0.68348634
    0.34264511
    0.31903896
   -0.68189422
    0.33975187
    0.35000744
   -0.67274200
    0.33003662
    0.34893917
   -0.63596103
    0.32185787
    0.31697505
   -0.64115220
    0.33492635
    0.32767291
   -0.68331133
    0.33322805
    0.34706003
   -0.68398003
    0.35583580
    0.32827184
   -0.65036191
    0.31629818
    0.33878284
   -0.64051400
    0.28589195
    0.34902786
   -0.68994169
    0.36477904
    0.33555476
   -0.63012493
    0.28696780
    0.34716295
   -0.64249347
    0.31498785
    0.33614054
   -0.66847492
    0.35395401
    0.31488388
   -0.67875021
    0.32713462
    0.33535426
   -0.68709785
    0.32427992
    0.35966976
   -0.64389645
    0.32009225
    0.33408511
   -0.69527501
    0.32749279
    0.35207088
   -0.72545629
    0.35029629
    0.36536682
   -0.63871899
    0.34882314
    0.28272360
   -0.62533323
    0.34532144
    0.31688612
   -0.67560849
    0.33898766
    0.33985858
   -0.64282096
    0.32887839
    0.31162435
   -0.68328292
    0.35106509
    0.32134401
   -0.67777737
    0.33375789
    0.33915003
   -0.66997156
    0.36323525
    0.31111813
   -0.68271301
    0.30731132
    0.36427659
   -0.65437263
    0.32922694
    0.32249875
   -0.68278236
    0.35957688
    0.35557453
   -0.67829527
    0.33180700
    0.32314632
   -0.67978012
    0.35352163
    0.32349074
   -0.65986243
    0.32599982
    0.34330057
   -0.66969641
    0.33992161
    0.35355971
   -0.67659422
    0.34056583
    0.31811793
   -0.68753380
    0.33443699
    0.33389896
   -0.64982758
    0.31124726
    0.33327613
   -0.66929297
    0.33094122
    0.33818375
   -0.65302564
    0.31280093
    0.34672369
   -0.66350958
    0.33976110
    0.33106251
   -0.67284272
    0.33850256
    0.35047611
   -0.66313084
    0.33081571
    0.31256507
   -0.63880012
    0.33643451
    0.30257633
   -0.64509131
    0.33407762
    0.30541951
   -0.68680955
    0.32176242
    0.36477850
   -0.67110922
    0.31963327
    0.33484629
   -0.68760554
    0.33090373
    0.34841191
   -0.62117998
    0.34401297
    0.28152539
   -0.65192058
    0.33966700
    0.32275921
   -0.67310078
    0.33811170
    0.32967512
   -0.67168107
    0.31906276
    0.32408672
   -0.69676811
    0.35286621
    0.35908695
   -0.66219582
    0.33312611
    0.33150902
   -0.67148693
    0.32034354
    0.32851398
   -0.62216181
    0.30515260
    0.32636368
   -0.65311303
    0.34187441
    0.32553702
   -0.64498919
    0.34953671
    0.29668997
   -0.64656359
    0.34674206
    0.31922643
   -0.65302578
    0.34708950
    0.30204103
   -0.69150562
    0.34971547
    0.34034505
   -0.67372625
    0.33400298
    0.34142625
   -0.66523775
    0.33575563
    0.33837126
   -0.65628296
    0.32015064
    0.32811845
   -0.61852446
    0.32961562
    0.31405930
   -0.64958906
    0.33572170
    0.31389448
   -0.64383895
    0.34746475
    0.28802277
   -0.67115104
    0.33215315
    0.33277650
   -0.69507442
    0.34204997
    0.35936151
   -0.67289657
    0.33522248
    0.31963973
   -0.68443985
    0.34251896
    0.36008251
   -0.69306222
    0.34107966
    0.36270099
   -0.64867113
    0.30060525
    0.34417216
   -0.67740721
    0.33920235
    0.33933068
   -0.66657596
    0.32942695
    0.33471532
   -0.63171745
    0.31161403
    0.33513393
   -0.64211592
    0.32963351
    0.32002239
   -0.68513519
    0.32676003
    0.34799222
   -0.63732249
    0.33137680
    0.32309065
   -0.66279111
    0.33084825
    0.34352054
   -0.65192821
    0.32149414
    0.32591200
   -0.64445954
    0.33674111
    0.30948188
   -0.64911199
    0.32616594
    0.33461509
   -0.68849003
    0.31911014
    0.34179614
   -0.69594804
    0.33569586
    0.33891571
   -0.68085225
    0.35264064
    0.33566640
   -0.64675774
    0.31303462
    0.34216450
   -0.64577509
    0.33070998
    0.33134850
   -0.66709794
    0.33241201
    0.31491025
   -0.66859467
    0.32772690
    0.35538035
   -0.65093941
    0.32829165
    0.32847158
   -0.71358919
    0.33323422
    0.34767325
   -0.68011781
    0.33777152
    0.34786492
   -0.68390546
    0.33506900
    0.36699181
   -0.65802555
    0.31509070
    0.35709396
   -0.68596679
    0.35546093
    0.31070688
   -0.67888795
    0.34431511
    0.33611291
   -0.64264242
    0.31832237
    0.32920823
   -0.66793339
    0.32045088
    0.33439378
   -0.63575782
    0.35296623
    0.28269400
   -0.67644006
    0.32637770
    0.32957158
   -0.68600149
    0.33388611
    0.35549512
   -0.64804971
    0.33083786
    0.31984543
   -0.68094535
    0.35760130
    0.33024767
   -0.65811443
    0.29422714
    0.36043888
   -0.65158005
    0.34841485
    0.29650356
   -0.67761601
    0.32627404
    0.33776232
   -0.67849313
    0.35965872
    0.33075886
   -0.66658123
    0.33015448
    0.32157610
   -0.64655455
    0.29826053
    0.36226100
   -0.67727468
    0.35128558
    0.32973707
   -0.66076676
    0.35882676
    0.29285136
   -0.66309999
    0.34463690
    0.32849245
   -0.65007953
    0.32641415
    0.33115856
   -0.66714638
    0.32608140
    0.31290489
   -0.67590531
    0.31974505
    0.34411483
   -0.67993502
    0.32684450
    0.35668577
   -0.67645991
    0.33676699
    0.34702161
   -0.68695360
    0.33916283
    0.34396182
   -0.64939666
    0.35732941
    0.27748074
   -0.64600710
    0.35638931
    0.27823232
   -0.63539989
    0.28134825
    0.35604226
   -0.65220671
    0.31614854
    0.34373034
   -0.66445566
    0.32240439
    0.32784094
   -0.71036066
    0.33343831
    0.35858502
   -0.61901419
    0.28409023
    0.33820417
   -0.66958834
    0.32945250
    0.34020624
   -0.63657836
    0.32709342
    0.30320353
   -0.64234713
    0.34861364
    0.31713487
   -0.64861177
    0.34452256
    0.29610033
   -0.65985020
    0.30002014
    0.33216216
   -0.66617757
    0.33970326
    0.33791724
   -0.65545025
    0.32962845
    0.34705092
   -0.63992176
    0.33369185
    0.34182152
   -0.68992673
    0.36155649
    0.34259369
