           1           2  0.827105236661703     
           1           3  0.860305308458949     
           4           5  0.793169028138961     
           4           6  0.812377856573780     
           7           8  0.834126524493402     
           7           9  0.823718713369029     
          10          11  0.761947458745243     
          10          12  0.857357794561402     
          13          14  0.794796017751156     
          13          15  0.816566397899398     
          16          17  0.820539594787636     
          16          18  0.782059883864970     
          19          20  0.807108994803629     
          19          21  0.781062039066891     
          22          23  0.815013243513965     
          22          24  0.826212115160221     
          25          26  0.775526444579252     
          25          27  0.823803567613154     
          28          29  0.805582151271156     
          28          30  0.816924868614335     
          31          32  0.804990486852918     
          31          33  0.801546474207884     
          34          35  0.805439458501549     
          34          36  0.831411953268136     
          37          38  0.811692815869101     
          37          39  0.785952556640647     
          40          41  0.846242129012632     
          40          42  0.833806527779431     
          43          44  0.823439211113443     
          43          45  0.803507019519599     
          46          47  0.796658576803441     
          46          48  0.824922297106996     
          49          50  0.829653636532400     
          49          51  0.787477664200315     
          52          53  0.859857791278231     
          52          54  0.851585152631854     
          55          56  0.829974858324479     
          55          57  0.826193307750889     
          58          59  0.823653248121916     
          58          60  0.800099403761431     
          61          62  0.830036917203764     
          61          63  0.827111586460527     
          64          65  0.821976745084671     
          64          66  0.820315422255585     
          67          68  0.843369753666528     
          67          69  0.853286717109058     
          70          71  0.855846485181922     
          70          72  0.827932230113174     
          73          74  0.865030711325528     
          73          75  0.804174387571229     
          76          77  0.848975162611916     
          76          78  0.824283275922349     
          79          80  0.788143475379357     
          79          81  0.800038156481097     
          82          83  0.772161221298781     
          82          84  0.816987833264724     
          85          86  0.811466564284613     
          85          87  0.774533073956880     
          88          89  0.793994529994843     
          88          90  0.807245283816295     
          91          92  0.851467319691782     
          91          93  0.850816020339457     
          94          95  0.799942768209558     
          94          96  0.814033818810986     
          97          98  0.817390751770279     
          97          99  0.830872605147531     
         100         101  0.809107574363668     
         100         102  0.808836935469481     
         103         104  0.832134014476215     
         103         105  0.815382189356499     
         106         107  0.806144316566296     
         106         108  0.857746369660912     
         109         110  0.806245698051197     
         109         111  0.854747042931740     
         112         113  0.816332906731502     
         112         114  0.788716209822851     
         115         116  0.817142792836946     
         115         117  0.802229477366813     
         118         119  0.813728023766570     
         118         120  0.852476070302667     
         121         122  0.816216647881576     
         121         123  0.778808194199817     
         124         125  0.815250393268733     
         124         126  0.854794460874668     
         127         128  0.860779550594649     
         127         129  0.858965746159014     
         130         131  0.843535224885301     
         130         132  0.779883045055929     
         133         134  0.811769078634641     
         133         135  0.799129136292275     
         136         137  0.826212360724520     
         136         138  0.757923384960895     
         139         140  0.835246123759979     
         139         141  0.831577126516938     
         142         143  0.828329320250171     
         142         144  0.865233689768981     
         145         146  0.823243268525189     
         145         147  0.867145398145130     
         148         149  0.788819616429644     
         148         150  0.808092266795493     
         151         152  0.837128220908335     
         151         153  0.802181276323251     
         154         155  0.839591904439294     
         154         156  0.812475637909056     
         157         158  0.829275530889020     
         157         159  0.838114444270233     
         160         161  0.875338594710584     
         160         162  0.854331227829487     
         163         164  0.811886247369409     
         163         165  0.811469471950397     
         166         167  0.851644453659528     
         166         168  0.800587843985331     
         169         170  0.808337989961027     
         169         171  0.820714035654733     
         172         173  0.834868360426505     
         172         174  0.811658168306658     
         175         176  0.826838147743432     
         175         177  0.805613995287616     
         178         179  0.825862441293294     
         178         180  0.878227503922849     
         181         182  0.827554451476546     
         181         183  0.824748979956640     
         184         185  0.820284345702047     
         184         186  0.812316569461295     
         187         188  0.828978484249600     
         187         189  0.816226627109452     
         190         191  0.800625464585151     
         190         192  0.793768310621036     
         193         194  0.804547576579610     
         193         195  0.891163173518817     
         196         197  0.862113166174470     
         196         198  0.811337981924228     
         199         200  0.812837627088861     
         199         201  0.804853953378896     
         202         203  0.821417839475821     
         202         204  0.824395532286810     
         205         206  0.835755081365707     
         205         207  0.827591234221714     
         208         209  0.761680740343317     
         208         210  0.860571958124278     
         211         212  0.864868138379671     
         211         213  0.829507361513501     
         214         215  0.853216793070608     
         214         216  0.790389615983269     
         217         218  0.824527132272779     
         217         219  0.793547268358636     
         220         221  0.835914740442009     
         220         222  0.847873463730101     
         223         224  0.873682933848648     
         223         225  0.826538058251944     
         226         227  0.829416465641661     
         226         228  0.833081679145804     
         229         230  0.779755361189643     
         229         231  0.799802934888426     
         232         233  0.838557610522813     
         232         234  0.863817544788507     
         235         236  0.846837578648070     
         235         237  0.812788694458237     
         238         239  0.806566067703756     
         238         240  0.873502504478833     
         241         242  0.811402655443352     
         241         243  0.830836790574502     
         244         245  0.808294289312971     
         244         246  0.818706817548579     
         247         248  0.806735151127638     
         247         249  0.835922568711191     
         250         251  0.808370202763330     
         250         252  0.808359866218793     
         253         254  0.810085143754729     
         253         255  0.877847509307160     
         256         257  0.863434314050506     
         256         258  0.829073918921146     
         259         260  0.810842557189612     
         259         261  0.871966798938744     
         262         263  0.806612296269653     
         262         264  0.838034213039565     
         265         266  0.805880621465990     
         265         267  0.854035950765415     
         268         269  0.821574208209669     
         268         270  0.821326744856993     
         271         272  0.797947858920516     
         271         273  0.821220162720881     
         274         275  0.812620632286035     
         274         276  0.867771693959423     
         277         278  0.793443635337710     
         277         279  0.804843460639990     
         280         281  0.797910233846297     
         280         282  0.855580963104221     
         283         284  0.883843393430118     
         283         285  0.781560689280010     
         286         287  0.876179073533942     
         286         288  0.860225521929781     
         289         290  0.791381177189823     
         289         291  0.843769158523457     
         292         293  0.856477805528864     
         292         294  0.835171267798991     
         295         296  0.808908441346492     
         295         297  0.908015923465443     
         298         299  0.842725207076018     
         298         300  0.844981510452140     
         301         302  0.793892463635341     
         301         303  0.817920941479172     
         304         305  0.844638241897201     
         304         306  0.807151629989530     
         307         308  0.822603595161868     
         307         309  0.828076537685301     
         310         311  0.859074466235932     
         310         312  0.797837302314289     
         313         314  0.826429147473450     
         313         315  0.785412191230151     
         316         317  0.807857525640660     
         316         318  0.912692913764348     
         319         320  0.858179474284994     
         319         321  0.830999550577412     
         322         323  0.846611023361423     
         322         324  0.802061410581017     
         325         326  0.853686471312626     
         325         327  0.815505780029118     
         328         329  0.839946244367628     
         328         330  0.816594393694312     
         331         332  0.889967558351182     
         331         333  0.802508859911455     
         334         335  0.812883980465101     
         334         336  0.820841691732215     
         337         338  0.797777051890997     
         337         339  0.858286962704855     
         340         341  0.832976608262007     
         340         342  0.878598673544955     
         343         344  0.832956207116962     
         343         345  0.828068184954376     
         346         347  0.844986543034810     
         346         348  0.830254987720988     
         349         350  0.822665181930250     
         349         351  0.862855458828089     
         352         353  0.875733198854424     
         352         354  0.818423064782669     
         355         356  0.794380837007527     
         355         357  0.870734501086539     
         358         359  0.863584851475614     
         358         360  0.835597380027197     
         361         362  0.799655818291900     
         361         363  0.859514655209494     
         364         365  0.830098310313518     
         364         366  0.799002524712705     
         367         368  0.830432758355296     
         367         369  0.816781204865123     
         370         371  0.864512464219989     
         370         372  0.879191912575899     
         373         374  0.853776203607729     
         373         375  0.859557605750921     
         376         377  0.809882631119521     
         376         378  0.805732069173983     
         379         380  0.812217011858439     
         379         381  0.820197377410441     
         382         383  0.876503468770536     
         382         384  0.837908336875145     
         385         386  0.914417872601591     
         385         387  0.794541422711101     
         388         389  0.806521469495749     
         388         390  0.833266588252545     
         391         392  0.907694450933362     
         391         393  0.817793542787609     
         394         395  0.887708894105047     
         394         396  0.832241405421605     
         397         398  0.818734365888794     
         397         399  0.869149126124057     
         400         401  0.834170784813582     
         400         402  0.810247265383297     
         403         404  0.830340119498380     
         403         405  0.792698031202070     
         406         407  0.873040305328050     
         406         408  0.845264821337282     
         409         410  0.820384296765624     
         409         411  0.799015031649220     
         412         413  0.819968381975324     
         412         414  0.766968933437281     
         415         416  0.788168675243741     
         415         417  0.912885770887449     
         418         419  0.839970788445122     
         418         420  0.890876728577609     
         421         422  0.822479782925080     
         421         423  0.828881175339721     
         424         425  0.836305224239158     
         424         426  0.884158253048853     
         427         428  0.806804682356973     
         427         429  0.840114436197420     
         430         431  0.847811355053641     
         430         432  0.808309311931028     
         433         434  0.782415563786307     
         433         435  0.884990818140377     
         436         437  0.885397668155348     
         436         438  0.777975674216377     
         439         440  0.835149736252006     
         439         441  0.866877712286173     
         442         443  0.802619037105244     
         442         444  0.816470738682628     
         445         446  0.814648881310441     
         445         447  0.848091919710937     
         448         449  0.827687284400184     
         448         450  0.849544994084584     
         451         452  0.845417084828536     
         451         453  0.837123221147482     
         454         455  0.843459397689928     
         454         456  0.812541528647959     
         457         458  0.821723308917468     
         457         459  0.838310704347180     
         460         461  0.843067199852512     
         460         462  0.822845461277026     
         463         464  0.887781000003382     
         463         465  0.833792182026601     
         466         467  0.832695030917047     
         466         468  0.827317066524682     
         469         470  0.868840907980069     
         469         471  0.815965709059387     
         472         473  0.815599673034105     
         472         474  0.853966642972151     
         475         476  0.830047910946738     
         475         477  0.831493496456487     
         478         479  0.837839459599373     
         478         480  0.864603280019743     
         481         482  0.836416562642733     
         481         483  0.896316831357363     
         484         485  0.840910341286986     
         484         486  0.886768971431475     
         487         488  0.846870940957109     
         487         489  0.799207442197741     
         490         491  0.870540923275328     
         490         492  0.806283490313016     
         493         494  0.828759323256150     
         493         495  0.812664824860817     
         496         497  0.829057172708305     
         496         498  0.915567137633851     
         499         500  0.835568218088613     
         499         501  0.870729407787550     
         502         503  0.802080485781896     
         502         504  0.841742718763572     
         505         506  0.846541435011108     
         505         507  0.834713800139394     
         508         509  0.820092088552766     
         508         510  0.794998667148436     
         511         512  0.835112304701885     
         511         513  0.857571936948679     
         514         515  0.853871641327565     
         514         516  0.837127073637189     
         517         518  0.898263328478380     
         517         519  0.863190950312632     
         520         521  0.829542292444901     
         520         522  0.867231674864539     
         523         524  0.824381409894235     
         523         525  0.897606864738617     
         526         527  0.835341383102360     
         526         528  0.870527834863910     
         529         530  0.823849066461649     
         529         531  0.892962791590962     
         532         533  0.817603269282358     
         532         534  0.831234427096141     
         535         536  0.843269781260805     
         535         537  0.807744616575300     
         538         539  0.834654833858462     
         538         540  0.830538370052973     
         541         542  0.869264351125362     
         541         543  0.831640860189087     
         544         545  0.868385191284652     
         544         546  0.891485477588679     
         547         548  0.838225319683917     
         547         549  0.866846018665494     
         550         551  0.813862704021599     
         550         552  0.910563946652857     
         553         554  0.822426295929955     
         553         555  0.854142481946813     
         556         557  0.812910430367242     
         556         558  0.782074645565778     
         559         560  0.816093452160594     
         559         561  0.849476597462819     
         562         563  0.833095927246535     
         562         564  0.786775863925653     
         565         566  0.808292202998010     
         565         567  0.814412807491997     
         568         569  0.891557083479886     
         568         570  0.817437047375725     
         571         572  0.802329726315590     
         571         573  0.838120566758449     
         574         575  0.848502209644313     
         574         576  0.829946397544560     
         577         578  0.894559419485695     
         577         579  0.847379783464886     
         580         581  0.847383202533012     
         580         582  0.880183395929209     
         583         584  0.834161369805454     
         583         585  0.812367327865885     
         586         587  0.852537509515396     
         586         588  0.875558595990084     
         589         590  0.858374110912854     
         589         591  0.814590436086576     
         592         593  0.863558500161073     
         592         594  0.853744164824466     
         595         596  0.835225156327946     
         595         597  0.888424662354252     
         598         599  0.859733667954151     
         598         600  0.850989249219260     
         601         602  0.848591910703055     
         601         603  0.798359934287207     
         604         605  0.818550527815726     
         604         606  0.791237270884107     
         607         608  0.810437111799640     
         607         609  0.826575255292200     
         610         611  0.874102598258033     
         610         612  0.828779095507573     
         613         614  0.843800914824831     
         613         615  0.873229313568378     
         616         617  0.840348319612301     
         616         618  0.853871221056684     
         619         620  0.865188240264986     
         619         621  0.810836586705375     
         622         623  0.836193748529364     
         622         624  0.848732209235331     
         625         626  0.814211199712297     
         625         627  0.785421100661402     
         628         629  0.817063037182314     
         628         630  0.832598425582643     
         631         632  0.822052174143525     
         631         633  0.789000249080974     
         634         635  0.867705429002212     
         634         636  0.807509388314592     
         637         638  0.772091998593990     
         637         639  0.866940846733897     
         640         641  0.814549773333796     
         640         642  0.831396957080187     
         643         644  0.865759803955480     
         643         645  0.854115847745130     
         646         647  0.867796635775574     
         646         648  0.814136615611530     
         649         650  0.803074448264165     
         649         651  0.913305943705572     
         652         653  0.830042372989541     
         652         654  0.839953124824913     
         655         656  0.825254850336518     
         655         657  0.813586020711747     
         658         659  0.853688139804985     
         658         660  0.861192522190495     
         661         662  0.812451091661406     
         661         663  0.842169731747433     
         664         665  0.903739522119884     
         664         666  0.787694062642293     
         667         668  0.815832424094199     
         667         669  0.900152048251692     
         670         671  0.827513796301870     
         670         672  0.834639701765520     
         673         674  0.774038636328832     
         673         675  0.857440727264277     
         676         677  0.841754822997070     
         676         678  0.854616622586429     
         679         680  0.901128115315580     
         679         681  0.790896253740755     
         682         683  0.824343783184214     
         682         684  0.821101197407989     
         685         686  0.783053742416725     
         685         687  0.904005231150861     
         688         689  0.794085731026123     
         688         690  0.864992292021708     
         691         692  0.867486666936065     
         691         693  0.848580101206603     
         694         695  0.827658912363829     
         694         696  0.876224471360997     
         697         698  0.872511514535045     
         697         699  0.796385528202051     
         700         701  0.835812095328224     
         700         702  0.827161789830897     
         703         704  0.832528951569694     
         703         705  0.815237302622376     
         706         707  0.827924402444309     
         706         708  0.808321770562746     
         709         710  0.778706038758915     
         709         711  0.918706982497526     
         712         713  0.780172901034248     
         712         714  0.913693959488884     
         715         716  0.914236330524985     
         715         717  0.797175188186017     
         718         719  0.861963757971276     
         718         720  0.825392502416296     
         721         722  0.848084930420710     
         721         723  0.838372966320904     
         724         725  0.817416477350775     
         724         726  0.773470447045774     
         727         728  0.916251249527189     
         727         729  0.835932369131417     
         730         731  0.826645805474675     
         730         732  0.817909434165604     
         733         734  0.851384807320835     
         733         735  0.900027205918310     
         736         737  0.810737835493878     
         736         738  0.884461437013755     
         739         740  0.818498237560899     
         739         741  0.898577055512724     
         742         743  0.884617865973955     
         742         744  0.836114353305844     
         745         746  0.814881018753572     
         745         747  0.860689111709289     
         748         749  0.865411426127660     
         748         750  0.835469135826538     
         751         752  0.871859422395193     
         751         753  0.872237408885073     
         754         755  0.795333356825043     
         754         756  0.817805679029457     
