$coord
           -7.6343299523          -11.3961766042           -8.1618686468     O 
           -8.0208969359          -12.9206726797           -7.1518478719     H 
           -6.0082482101          -11.7564171561           -8.9411084705     H 
            5.7136264595           -4.3205797655            0.0298078508     O 
            4.1216813077           -5.1356079751           -0.4337455922     H 
            6.6765277365           -4.1756098835           -1.5306704859     H 
            6.4182447352            1.4491280381           -4.9039855137     O 
            5.2946807038            1.1225385637           -3.4651357980     H 
            6.7510793561            3.2618836476           -4.9000459150     H 
            3.8024761504            0.2744086447           -0.7731174304     O 
            4.7358716242            1.4371840268            0.3209533926     H 
            4.3358317874           -1.3999427819           -0.1838309600     H 
            2.7997687312           -4.0039752230           -6.4063044300     O 
            2.0776324701           -4.5687300291           -4.7931482143     H 
            1.9698306943           -2.4174132723           -6.8041586056     H 
           -6.1659963459           -9.3763003423            1.2195215605     O 
           -7.9136826403           -8.9493347464            1.6239683198     H 
           -5.2147164623           -9.1604721116            2.7633484222     H 
            6.7424176776           -1.8738482287            4.8547855055     O 
            5.3418085923           -0.8928332835            5.5419533086     H 
            8.1451241200           -1.8147918850            6.0426330950     H 
            1.4023291479           -5.8280505117           -1.9761127757     O 
           -0.2248571033           -5.6148794323           -1.1153214108     H 
            1.4875290176           -7.5192707831           -2.7062577328     H 
            5.3004676448          -10.1383914167           -0.2686169753     O 
            6.7347037618           -9.1909479041           -0.9167223210     H 
            5.8149512139          -11.8993112208           -0.2621552003     H 
            2.1718058879            5.2650655444            2.8282385681     O 
            3.3263288453            5.8089903867            4.1667614088     H 
            0.5175984501            4.9967091439            3.5891532805     H 
            0.8128744321            8.6730436845            6.6187659434     O 
           -0.9482296790            8.2162155613            6.3853359366     H 
            0.7144352907           10.4856243929            6.9915060984     H 
           -2.2637128304            3.8217006959            5.0699439422     O 
           -1.9493218771            2.0244114146            5.2759397394     H 
           -3.0074143146            4.3349058060            6.6650179286     H 
            2.0174693032           -6.9234383121          -10.4108642854     O 
            1.9612859746           -6.1025251737           -8.7511128740     H 
            0.2630137164           -7.1390573966          -10.9340711424     H 
           -5.5126233880            6.4349406526            2.0978272020     O 
           -4.4329111255            5.3377286874            3.0984375011     H 
           -4.6469927255            8.0549359646            2.0345419474     H 
           11.3012003537            2.9514025179           -0.5500546452     O 
           11.5509921197            4.5865090628           -1.3832543817     H 
           12.7645606281            2.6204956617            0.5251200205     H 
            1.4700462520            0.4397767812           -8.9336787027     O 
            3.1049822526           -0.0869494838           -9.6560788194     H 
            1.8640508681            1.8868794356           -7.8307683372     H 
           -3.2754433881           -1.2009950254           -9.2851389279     O 
           -1.6190636586           -0.4390526498           -9.0584281645     H 
           -3.2540017842           -2.6462499915           -8.1664377691     H 
          -15.2472514441           -1.6078820923           -4.4686190336     O 
          -16.0398669735           -2.8730113885           -3.3789399057     H 
          -14.8984020855           -2.5230644822           -6.0303484358     H 
          -11.0709016756           -2.2415813741           -0.0943817000     O 
          -11.1151541387           -2.3242652071            1.7494093437     H 
          -12.1171998661           -3.6032909063           -0.7289431976     H 
           -9.0061473101            2.6555209827            2.6680823197     O 
           -8.3091216627            3.0821728589            1.0290165757     H 
           -8.4582778999            3.9611878995            3.8091549626     H 
           -1.9474157032            6.8944627245           -6.8350464432     O 
           -2.0218661911            6.8952724395           -4.9437612918     H 
           -1.6382880965            8.6338076330           -7.2610760156     H 
            6.3038371898           -0.4281299983           -9.7086597610     O 
            6.5860149960           -2.2468557247           -9.8313361385     H 
            6.4551407557            0.0884665635           -7.9482106504     H 
           -2.9250222398           -5.0888591261            0.4387953709     O 
           -4.3074658552           -6.2630550967            0.2822048198     H 
           -3.5962167190           -3.3571177172            0.0672524409     H 
           -7.2344058719           -3.8263275474           -3.0512885516     O 
           -7.6174979768           -5.5949882678           -3.3175610970     H 
           -8.5101255676           -3.2175521741           -1.8761712990     H 
           -2.1647797434           -1.0075246516            6.6464046025     O 
           -1.4664470121           -2.7157069255            6.7472070323     H 
           -3.9516866811           -1.1600691156            6.2332441177     H 
          -12.6274969578            2.2572843113           -1.5722715390     O 
          -12.1640159791            0.4951764360           -1.2618794704     H 
          -11.0116952962            3.1229749067           -1.7432735836     H 
            2.3162410497           -2.6160618812          -13.4622260221     O 
            0.5655333417           -2.4597146412          -13.9959207597     H 
            2.3749805368           -4.1406182813          -12.4498231283     H 
            9.4660154267           -7.9532951561           -2.1999716832     O 
           10.1627401410           -6.2867667110           -1.7130091881     H 
            8.8367875738           -7.7810018314           -3.8967251541     H 
          -15.8120387263           -5.9429420835            2.3488816819     O 
          -17.1150796242           -7.1398913852            2.8576601483     H 
          -15.8369519660           -5.9607841187            0.5152306524     H 
            9.7612657496            9.2468346644            6.2742226278     O 
            9.2216620344           11.0059364227            6.2930669823     H 
           10.7480235887            8.9814401237            4.7415561540     H 
          -15.9560655171          -10.5964461381           -1.4284632688     O 
          -15.6758325492          -10.7215538113            0.3906634461     H 
          -17.7516543396          -10.2279916730           -1.6106338388     H 
          -10.5004704097           -3.2748913744            9.9067223588     O 
           -9.0649986010           -2.1852699721           10.1874364998     H 
          -10.8525018023           -3.1522234803            8.0943240626     H 
            7.6136512162            6.4527755794           -5.4080829159     O 
            9.0907196974            6.3689275707           -6.4713437114     H 
            6.4759797146            7.6285417546           -6.2393112631     H 
            9.5136402641           -5.1926761110           12.3389112365     O 
            9.4188989506           -6.9165352221           11.6663778285     H 
            7.9613994847           -4.9405926230           13.3031190577     H 
           11.1407072842           -3.5316951906           -0.7903310889     O 
           11.0717173143           -2.4408606371           -2.2839682705     H 
           12.8829844880           -3.4332632661           -0.1889692244     H 
          -10.8796355044           -7.8594071539            2.2797650559     O 
          -11.4115066122           -7.3445755224            0.5836077716     H 
          -12.1926570860           -8.9585721573            2.8966456934     H 
            1.1388895256            9.8998094177            0.8077933434     O 
            1.7165187652            8.3506566646            1.6198433786     H 
            2.6033975568           10.7633588664            0.1119084987     H 
            1.0841007454           -3.0089620928            3.1313498122     O 
           -0.4703658848           -3.5050422214            2.3230851190     H 
            2.0850675110           -4.5346343475            3.2364544157     H 
           -7.8706008616            3.8381562607           -2.2277212694     O 
           -7.3964901576            5.5599872659           -2.6327094968     H 
           -7.4783563617            2.7514971906           -3.6636977456     H 
           11.4146149710           -0.1307587410           -4.4017534646     O 
           13.2183319121           -0.4340059418           -4.6492303114     H 
           11.2847973382            1.1157498811           -3.0321356199     H 
           10.8302905652          -12.6243754881           -6.6267505185     O 
           12.3311707330          -12.4692380727           -5.6086889448     H 
           11.2389163858          -11.8424414367           -8.2438789443     H 
           10.4092483583            2.7799380225           -8.4219121122     O 
            8.8421625077            3.4293188717           -9.1496832114     H 
           10.0140467383            1.9019402988           -6.8575023148     H 
           -7.2865385795            0.3122989257           -5.9579284835     O 
           -7.1425834525           -1.2947211810           -5.0499223190     H 
           -8.9592847947            0.3282906467           -6.7150571842     H 
           -7.5775671661            0.2611916502          -11.7204143341     O 
           -6.5313279159            1.3296867963          -12.7996795344     H 
           -6.4943676087           -0.2139333684          -10.3199615433     H 
           15.2110250773           -5.9869704728          -11.8660595835     O 
           15.9209779286           -7.3833517104          -10.9013288630     H 
           16.0254913272           -4.5195110810          -11.1363235034     H 
           15.4195558753            2.9194707977           -7.4588996056     O 
           13.6203690283            3.1828397532           -7.6880706563     H 
           16.1738288151            3.4735435727           -9.0513260201     H 
            7.4242175990           -3.5846084153           -4.7361081515     O 
            7.7330324604           -1.7779428194           -4.6770172061     H 
            5.7293838363           -3.8042301128           -5.4787174464     H 
          -17.8461696678           -5.2082292433           -2.1874321533     O 
          -19.5150556014           -4.8968837113           -1.4858146456     H 
          -18.1642871527           -5.9150669842           -3.8785219047     H 
           -3.4296736035           10.9860866648            2.5608880274     O 
           -1.6617359306           10.9616208932            2.0493537003     H 
           -4.0911005263           12.6596388267            2.2103188448     H 
           -5.8436194210            4.4697984078           -8.6956283554     O 
           -5.8493278315            2.7808187005           -7.9892819372     H 
           -4.4154556927            5.3546885161           -7.9111155804     H 
            6.9753139589           -9.3128902062           -6.5786993967     O 
            8.2923702290          -10.5686797662           -6.2675350409     H 
            6.3611396952           -9.7277450380           -8.2627013755     H 
            0.2936206801            3.5232905637          -12.7214090696     O 
            0.5193272948            2.3457190704          -11.2916309561     H 
            1.6002647905            3.0340149649          -13.9078989129     H 
           11.4322891751           13.3215396032            2.1875242302     O 
           10.2787964485           13.7802726508            3.5234858883     H 
           12.9446845140           12.6612842109            3.0286223890     H 
            5.6405685883            6.2791132907            6.4559667651     O 
            7.1373861407            7.3201183299            6.1428734706     H 
            6.2340728961            4.7252961703            7.2436971963     H 
            5.2127017746            8.7027960776           10.9988664343     O 
            5.0977916133            7.9700338352            9.3040619504     H 
            5.7014871652            7.3214487469           12.0935438622     H 
           17.8809747036           -2.2663956794           -9.0862684330     O 
           18.9279956709           -3.5866321147           -8.3362049788     H 
           19.0460278159           -0.9552106005           -9.7264907479     H 
           -7.9482585142            5.1016510041            7.4537152526     O 
           -9.1711600550            3.7053665760            7.4477509933     H 
           -7.8917232228            5.6107259868            9.2138067709     H 
           -6.3597450529            0.0127808531           10.3663927362     O 
           -5.2653297449           -1.2160568702           11.2408820638     H 
           -5.2987075871            1.5014997559           10.0890990246     H 
          -12.7841637386           -6.5547085309           -2.2133931424     O 
          -12.2271844246           -6.0383963969           -3.9206942360     H 
          -13.9942413402           -7.9114626401           -2.4103939999     H 
          -22.9186539176           -0.1948196797           -1.0826874218     O 
          -21.2455574563            0.5362549120           -1.3377209846     H 
          -23.4115050280            0.2692371414            0.6204857129     H 
            8.6803950720           -6.9442417488            3.1253097017     O 
            7.5998657270           -5.7727952104            2.1616827252     H 
            9.8146731564           -7.7277204825            1.9378645033     H 
          -12.0631885784            1.1576433456           -7.5106932348     O 
          -12.8725269255            0.5070316330           -6.0071191861     H 
          -13.3986766217            1.2133224716           -8.7740804463     H 
          -10.2312052073            5.3232168969          -12.0893504349     O 
           -8.7643641760            4.7608078272          -11.1534411201     H 
          -10.7362872314            3.9320349569          -13.1397209457     H 
            1.2231880525           -6.3652441222           12.7888884532     O 
            2.5017658771           -7.6354934258           12.3373666752     H 
           -0.1374743250           -7.3185960410           13.5095665377     H 
          -11.2911443884            1.4144542904            7.5983032317     O 
          -11.9209423062            1.1948505091            5.8894527798     H 
          -12.7540736635            1.8669383382            8.5990513710     H 
          -18.0112679615            1.4706365224           -0.9213742361     O 
          -16.7377516190            0.8553877102           -2.0699747015     H 
          -17.4620499624            3.1816298773           -0.4409751245     H 
           12.1317369216            7.6291387984            2.0611643382     O 
           12.1729086798            6.0294812449            2.9470682574     H 
           13.8169999588            7.9807256461            1.4034979075     H 
           -2.7482111992           -8.8409337913            5.0338645803     O 
           -1.7125165588           -9.4082512962            3.6264853528     H 
           -1.6663164950           -7.7658415176            6.0988356042     H 
          -19.2780641111            0.8145200754           -6.5873540348     O 
          -17.7885747753            0.1366267763           -5.7188491476     H 
          -18.6513961649            1.4294888354           -8.1809848747     H 
           -2.7527831260           -2.3285994357          -14.1795988845     O 
           -3.0619744206           -1.8851680297          -12.3981185397     H 
           -3.5078481250           -1.0138381783          -15.1709721181     H 
           -2.8174213110           -7.1349656941          -11.9796496990     O 
           -4.0967709894           -6.6489850463          -10.7497966373     H 
           -2.9640978501           -5.9118837641          -13.3290156083     H 
           -2.5768828821           -5.0065300168           -5.8550603119     O 
           -2.4526375153           -6.6129427209           -4.9540154600     H 
           -2.0835453689           -3.6861086555           -4.6750378894     H 
            3.4904723914            6.0033561903           -2.1926171686     O 
            5.1052540079            6.6565051270           -1.6147564117     H 
            2.6907799810            5.2516114895           -0.7348944601     H 
            4.5960630829           -1.3405904658           10.2480239253     O 
            2.8022821449           -0.8901073852           10.4869025394     H 
            4.6314846862           -2.9227110012            9.2938327318     H 
          -12.4099972665            8.0173949221           -2.5254514319     O 
          -11.4960465818            7.0910840468           -3.8302545937     H 
          -11.2507206638            8.2570074842           -1.1119307190     H 
           -3.1286816537           -9.3807355892           -3.4219593869     O 
           -4.9344438671           -9.1502241215           -3.0792726885     H 
           -2.2584290330           -9.5365847554           -1.7883397550     H 
           -4.2416296464            8.5442317928            6.9332134544     O 
           -4.3600646451            9.7648167523            5.5584840052     H 
           -5.6614067897            7.3909194171            6.7795047563     H 
           -3.3534847223            4.0691183444           10.1571976466     O 
           -1.4981453723            4.0079968236           10.0701940199     H 
           -3.8161693683            5.3281469933           11.3747734721     H 
           -6.7916991017           -5.8692773894            6.1508427976     O 
           -7.1239575423           -4.1216253444            5.6394565152     H 
           -5.1737723248           -6.3699007242            5.4700034986     H 
          -21.4245111175            4.8509311215           -4.0218495891     O 
          -20.3257537057            6.2671857313           -4.3800119763     H 
          -20.6697241061            3.3846603144           -4.8435649746     H 
          -10.6400428701           10.0528429353           -9.1996645869     O 
          -10.8276131830            9.5768127604          -10.9376540959     H 
          -10.6675954288            8.4477063327           -8.2448862765     H 
          -21.0827377836           -9.7413224382           -1.8883845228     O 
          -21.8149606414           -8.0597034181           -1.6856618264     H 
          -21.5610757386          -10.3053190054           -3.5405000939     H 
          -15.6998653633           -7.4734795550            7.8960420355     O 
          -15.5998725221           -5.6840181330            7.5395972242     H 
          -15.3533384723           -8.3254664722            6.3253348695     H 
            7.3508151136            8.8176724603          -13.0739484302     O 
            6.8463305286            7.3895733757          -11.9916136674     H 
            7.7501970759           10.1895822128          -11.9593798105     H 
            7.1387597982            7.5577559058            1.0551472616     O 
            6.8447854118            5.9133812751            1.8175797524     H 
            8.9585926438            7.7727053804            1.0890338678     H 
            2.5419504459            4.7643616691           -6.9571744636     O 
            3.1043019205            5.0790555773           -5.2270943234     H 
            0.9361673444            5.6693299313           -7.1339320289     H 
            1.7978981578            8.3019410107          -11.9479756823     O 
            1.3768500360            6.4996700582          -12.0887011084     H 
            3.0208324507            8.6474267411          -13.2477162212     H 
           20.5414564864           -5.6748612792           -6.3576670279     O 
           22.2776534356           -5.1502086898           -6.3676664859     H 
           20.0098785074           -5.5497898657           -4.5768168016     H 
           20.9129771457            1.4667116767          -10.3118064983     O 
           19.8825531496            2.7289046716          -11.1306984890     H 
           21.2380918061            2.0712417956           -8.6026968370     H 
           -8.2476528381            7.1050046996           12.2530972930     O 
           -6.7316023871            8.1258097721           12.4913641516     H 
           -9.4454780060            8.2027754140           11.3988046673     H 
           11.3110030745           -0.6015056626            3.3371454193     O 
           10.5740167765           -1.3345856729            1.8329172835     H 
           12.0486006097           -2.0373250495            4.2058796933     H 
           12.8359515107           -5.0790928418            5.2117412194     O 
           13.2705546257           -5.7081508680            6.8772010543     H 
           11.1404122624           -5.6996266499            4.8176903280     H 
            7.0697640794            2.5531022136            2.1786233647     O 
            8.5983265460            2.6359543197            1.1450400112     H 
            7.2390504981            0.9869462048            3.1405745910     H 
          -11.4430597653           -5.1060908757           -6.7668056050     O 
           -9.6523480688           -4.9262567101           -7.0819074663     H 
          -11.9824659998           -6.4749257018           -7.8803893213     H 
          -18.4994205698           -1.8037625623            2.8078172016     O 
          -18.3343796948           -0.5042346990            1.4856653154     H 
          -17.3762652190           -3.2115329695            2.3526929417     H 
           -7.0096172566           -0.9548771406            5.3611106371     O 
           -7.9619371110            0.1609955029            4.2130197329     H 
           -7.4804013982           -0.3918707242            7.0414918321     H 
            5.1639969905           12.3758454553           -1.4467700137     O 
            5.3185736980           13.7166661629           -0.1994420781     H 
            6.8621918763           11.7328659986           -1.7400763268     H 
           -4.9115028363           -0.1428065856           16.7282604302     O 
           -6.3900107469            0.7927358218           16.1669185040     H 
           -3.4755827730            0.9857137574           16.5858813251     H 
           11.1631643421            3.9000422133            5.6178605122     O 
            9.9946951205            3.6363827593            6.9901249188     H 
           11.2445269075            2.2795422471            4.7273926576     H 
            2.6986455210            0.9425853205            5.7373148459     O 
            2.9379468362            2.1339167779            4.3687190383     H 
            1.7713086600           -0.4751173348            4.9864610490     H 
           16.2943421369           -1.4426596986           -4.3203547331     O 
           17.5241455215           -0.6987128746           -3.1827510929     H 
           16.9616581627           -1.3733192475           -6.0374577420     H 
           16.7357674757            4.2117823872          -12.1499790675     O 
           16.3053338845            2.6697503423          -13.0879237025     H 
           15.3997572745            5.3733235489          -12.5830459960     H 
           12.7456037869           -1.5828214173           -9.7908965731     O 
           14.5232618805           -1.3356264330           -9.4750346687     H 
           11.9117865590            0.0120473246           -9.4184227956     H 
          -22.5534981849           -3.0677438133           -6.2330499712     O 
          -23.6210046637           -2.5876496611           -4.8500725953     H 
          -21.4630555531           -1.5997770150           -6.5174419222     H 
          -22.3777976280            5.1872370716            0.8106840167     O 
          -22.0051123202            4.9061623882           -1.0120712844     H 
          -24.0185884271            4.4861899905            1.1093145847     H 
           -8.0005792889           12.1771615940            5.1725964906     O 
           -8.5826122392           11.0012407022            3.8688426175     H 
           -7.6112591962           13.7250164283            4.3004425861     H 
           -6.8486418441            8.9234486236           -3.1875187673     O 
           -7.6880010732           10.3673943905           -2.4220728109     H 
           -6.4019931818            9.4534361467           -4.8933559448     H 
            9.6492384979            0.5513695910          -13.6910876293     O 
            9.9116809156           -1.2423372310          -14.1108102780     H 
            8.7822908551            0.4630424044          -12.0689048275     H 
          -14.7412401695           12.5522965547            6.5387077907     O 
          -13.4112968413           11.7610183754            7.5305643540     H 
          -16.1215416621           11.3682296484            6.5126727781     H 
            3.4543389837           15.3405860199           -5.2516506550     O 
            4.2437683055           14.2453322626           -3.9852439011     H 
            3.6562841389           14.4946571402           -6.8402310020     H 
           10.4874729349           -4.4268124620          -13.9926412121     O 
            9.2411278555           -4.8729085526          -12.7249432525     H 
           12.1183351960           -4.8196783788          -13.2565651842     H 
          -12.3072384883            0.0843330690          -13.8323195458     O 
          -10.7632381960            0.0164683923          -12.8382354663     H 
          -12.7301952752           -1.6468457465          -14.1981811032     H 
           -0.1372105621           -0.3261039798           11.1494646476     O 
           -0.9565168029           -1.7331467724           11.9998572543     H 
           -0.9238325358           -0.2753000756            9.4670150238     H 
          -12.3040075190           -9.2882428336           -9.5516133802     O 
          -10.8004285846          -10.3088550184           -9.3668195211     H 
          -13.6788855402          -10.1565003438           -8.6734506579     H 
           -8.1177107571           -8.9035745858           -3.6358105928     O 
           -9.0525390097           -9.9871999759           -2.4804024391     H 
           -8.2055029334           -9.7152123262           -5.2749418732     H 
          -15.4506682823            4.3421795561           -5.2594943184     O 
          -16.3299018187            5.8004646390           -4.6005822858     H 
          -14.4337532765            3.6707923991           -3.8822988125     H 
          -10.7510725259          -12.4602230370           -1.1258312309     O 
          -12.5140400878          -12.2532234503           -1.5137353136     H 
          -10.6526618285          -12.9746751648            0.6626651423     H 
           17.7390648852           -3.0605805361            9.3066016956     O 
           16.6960639314           -1.8261868072            8.3652786639     H 
           18.4103374238           -2.0496885061           10.6840870309     H 
           -4.4189701644            3.0907040826          -14.5473567173     O 
           -4.9766059711            4.7725769582          -14.9211249446     H 
           -2.6944762555            3.2428180839          -13.8793889195     H 
           12.5735483747            6.9855480674           -3.1690836543     O 
           12.3148226141            7.1043878841           -4.9802082731     H 
           14.3356822772            6.4645396210           -2.9903864219     H 
          -22.6991742909           -5.0721387113           -0.4995071844     O 
          -22.9028212371           -3.2465288641           -0.8878500323     H 
          -23.0479773369           -5.2071066285            1.2818665934     H 
            5.1782650422           10.9841564065            4.2835097349     O 
            3.7276224908           10.1589319702            5.0108230686     H 
            5.8686662972            9.8368182085            3.0098795893     H 
           -0.5380925864            2.6187700758           15.3236278192     O 
           -0.3191248929            4.4013661545           14.9876187975     H 
           -0.4298746690            1.7480359080           13.6944228556     H 
           -2.1918200002          -10.3225344318           10.9687316277     O 
           -3.4908003492           -9.0201422263           11.0435758827     H 
           -3.0570653446          -11.7611926102           10.2404196855     H 
            4.5365211874           -9.9864424974           11.6910264931     O 
            6.3432557884          -10.1515576433           11.6338754167     H 
            3.9005637723          -10.5599903036           10.0676006594     H 
            1.2841628123           10.0455297289           -4.6669316433     O 
            1.9855188114            8.7813902778           -3.5309332323     H 
            0.6626809725           11.4410936693           -3.6399796480     H 
            6.9897461998            4.7060588002           13.8740089565     O 
            5.8747121528            3.4963514447           14.7744791520     H 
            8.5220382543            4.7836983305           14.8326916918     H 
           -8.1527992140          -15.0326368635           -4.8278151117     O 
           -6.3726326953          -15.1147657798           -4.4093245634     H 
           -9.0364429129          -14.3482575973           -3.3674723606     H 
           -5.1555655895           14.8075233796           -4.4759285486     O 
           -6.6620866906           14.4419354345           -3.4914650713     H 
           -5.2165166699           13.6380332182           -5.8905704784     H 
            0.2040990229           13.5999399757            7.0318174303     O 
           -1.4351468582           13.9369475128            7.8261653067     H 
            0.1043441409           14.3383469881            5.3438812594     H 
           21.5493890614            2.9418516321           -5.3964832982     O 
           19.9890588006            3.6262399002           -4.6968261476     H 
           22.7466615965            4.2964237638           -5.2676943843     H 
           15.8346845541           -2.8494385112            1.1033549737     O 
           15.7308202786           -1.0496423401            1.4653408034     H 
           16.4663094576           -3.6697877348            2.6318372088     H 
          -12.8723013270            6.4061017688            5.1220532311     O 
          -13.1278722504            4.6598407403            4.5246017403     H 
          -14.5603165697            7.1435718209            5.1596160251     H 
            2.1609264053          -12.8506018552           -8.7340126036     O 
            3.2647253380          -12.1325531638           -9.9965509062     H 
            2.0025771536          -11.5658494689           -7.3850404354     H 
          -10.9616827894            9.6102573032            8.6140614132     O 
           -9.7329124364           10.6461711074            7.7268377479     H 
          -11.2790197219            8.1807624043            7.4786146992     H 
           -0.4347050202          -10.3409281361            0.6631314174     O 
            0.8813561129           -9.1939090733            1.3064562202     H 
            0.4272798461          -11.8600730203            0.1416722174     H 
          -16.8388545574           12.7947534403           -1.7299323614     O 
          -15.6149583888           12.7384602148           -0.3332847791     H 
          -15.8973381109           13.5379712369           -3.1024287497     H 
          -14.1951177645            1.8667027793            3.3993205466     O 
          -15.9567163491            2.3794552236            3.5092325640     H 
          -13.6588832302            2.1641474210            1.6626622554     H 
           15.0043500369            6.8477245799            7.1113365542     O 
           14.8554581249            7.0680291328            8.9012997000     H 
           13.6181583489            5.7119676626            6.6141047342     H 
          -15.8714333588           -3.4175127461           -9.2542805781     O 
          -16.4694371708           -1.8223345667           -9.9043454732     H 
          -14.7748356619           -4.1237379781          -10.5695629771     H 
           15.0082746195           12.6938785142           -3.0079067307     O 
           13.1903703876           12.3135282315           -2.9229199917     H 
           15.2160232155           14.3166438346           -2.2387488712     H 
           12.2105502572            7.7202532467           -8.2037631481     O 
           12.0387960728            6.9463983641           -9.8740448518     H 
           11.3527659357            9.3655160677           -8.2403421581     H 
           11.6397242512          -12.2843381074           -0.7690268457     O 
           10.8866249009          -10.6704699610           -1.2862238812     H 
           13.2701770322          -12.2898850805           -1.6070683007     H 
            2.8285461616           -7.8598410251            3.3693966602     O 
            2.6730238319           -8.8755715854            4.8956733993     H 
            4.1538723155           -8.6055017899            2.3221461960     H 
           -4.9497534465          -12.8327064483            7.3847830130     O 
           -3.9620048471          -11.5915055114            6.4325824349     H 
           -6.6112312260          -12.0417047649            7.5306287007     H 
          -11.5853152539           -3.4464128882            4.8423262729     O 
          -11.4280613778           -5.1543207061            4.1673851548     H 
          -13.3513951338           -3.1208726172            5.1876407645     H 
           13.9477490442           -8.0056510459            1.0756051479     O 
           13.8683588480           -6.8079126486            2.4671097118     H 
           14.0521732440           -7.0692480291           -0.5017357955     H 
           18.3763223985           -5.4610070737            4.7260123005     O 
           17.7020924856           -7.1682037235            4.9395538743     H 
           18.3245139217           -4.7179834912            6.3989314730     H 
           14.3494561140           -6.6864490568            9.9122649851     O 
           15.7286210420           -5.4375564893            9.9096664258     H 
           13.1603612976           -6.1250781525           11.1667931678     H 
          -22.1677195057           -4.5825176040            4.7178725913     O 
          -20.8458021694           -3.4825232260            3.9852398503     H 
          -21.8063178079           -4.5722577376            6.5263042575     H 
           -8.8785732873            2.2392919159           14.1603911678     O 
           -8.1294040279            1.4446573090           12.6617266925     H 
           -8.8620250649            4.0350931916           13.8169199801     H 
           -6.2235788613           -7.1447801943           11.0400963547     O 
           -6.4689109343           -6.5433714570            9.2973110997     H 
           -7.8198567231           -7.8263642249           11.5757381394     H 
           -6.7048814363          -16.5967216324            4.3512240243     O 
           -5.8603110629          -16.0751345054            2.8078559003     H 
           -6.0073600262          -15.4972394785            5.6606169687     H 
          -15.0224083546          -11.1143968830            3.6419925609     O 
          -13.9009816788          -12.5488112951            3.9100779119     H 
          -16.6760181105          -11.5008577693            4.2858470203     H 
           11.1184777583           -9.4039972906          -10.6134602917     O 
           11.1682667156           -7.9858623961           -9.4103096531     H 
           12.4033677781           -9.0069284134          -11.8325049149     H 
           10.9443343964            7.5795580902           10.8450817437     O 
            9.5121182278            8.1882983496           11.7742358050     H 
           10.6408569703            8.1401280280            9.0996598552     H 
            8.7942474968           14.3386492375            6.6525979159     O 
            7.1748442940           14.1389699459            7.6013122756     H 
            9.9739192417           15.0535004278            7.8210284907     H 
          -20.2146218082           -4.0700686430            9.3974078814     O 
          -19.8365996472           -5.5392376759           10.3830530261     H 
          -18.5804724742           -3.4858939243            8.7159572335     H 
           13.4098389689            3.1056836771           11.4087716672     O 
           12.3360205919            1.9761342987           12.3697778852     H 
           12.4816408778            4.6916358229           11.2723108659     H 
            5.8467658009          -15.0817403034           -5.7017526711     O 
            7.4772792068          -14.6525328619           -6.3913827973     H 
            4.5846868707          -14.5442753315           -6.9330614237     H 
          -16.1426354991            5.9821636669            0.3755270276     O 
          -17.3505659442            7.3182618074            0.6840458789     H 
          -14.8554981240            6.6610377740           -0.7461100454     H 
          -11.5984168207           -8.1077285974           10.8734109289     O 
          -13.3087618468           -8.1927306918           10.2032720053     H 
          -11.1791774707           -6.3100423431           10.7336954483     H 
           -0.4792107267          -14.5071829647            4.2405793208     O 
           -1.2526214876          -15.7627250795            5.2893505817     H 
           -1.6748249439          -14.1905675686            2.8658503374     H 
            4.9369104753          -14.3211627932            4.0175365595     O 
            3.1310491441          -14.5270475591            3.8531316659     H 
            5.6753377658          -14.8062646464            2.4187255295     H 
           11.2510331976           -5.5361469060           -7.2888471547     O 
           11.9118305594           -4.1226139396           -8.3262791623     H 
            9.8960258731           -4.7611325832           -6.2870267199     H 
           10.2744389838           -1.7900595362            8.5934645130     O 
            9.9513467716           -3.1117005120            9.8347187555     H 
            9.5961338885           -0.2361874624            9.2946264167     H 
           -3.6970988237           -3.2603077200           13.0414520889     O 
           -4.6704810501           -4.7886316124           12.7503521408     H 
           -4.2050185989           -2.4757454343           14.6489928517     H 
           -5.8209857007           10.8924156832           -7.8689586943     O 
           -7.5922850018           10.8910129980           -8.3934119622     H 
           -4.9167098382           10.2391463777           -9.3383641650     H 
           19.6945309661           -5.1006776716           -1.4158610975     O 
           18.2730354723           -4.1722897369           -0.6851917813     H 
           19.5783525350           -6.7963160722           -0.7135553128     H 
           -3.8226586001            9.5378128582           11.8154876489     O 
           -2.1973908815            9.0087764204           12.4922247279     H 
           -3.7906101853            9.1721547972            9.9910111954     H 
          -10.2282717857            5.7955694946           -6.5728746390     O 
          -11.1521880379            4.2187707501           -6.8825328231     H 
           -8.5178311719            5.4799219940           -7.2007479713     H 
            7.2768050885          -14.8682584892           -0.6792475077     O 
            9.0115719538          -14.2455365718           -0.6972306414     H 
            6.8568561493          -15.2134312440           -2.4261447268     H 
          -13.1195070763           12.7585327727            1.7418971078     O 
          -12.2485575217           11.1505700400            1.7442330347     H 
          -13.7393290010           12.9945820291            3.4699382717     H 
           -9.2818408622          -10.1949871765            6.9540914831     O 
          -10.2223085336           -9.6920311283            8.4734507356     H 
           -8.5938698131           -8.6174534170            6.2899711337     H 
          -15.8938201056            2.1348309593           10.0207271284     O 
          -15.1674205267            1.2829989582           11.5209261999     H 
          -15.8231633075            3.9562302819           10.3494295384     H 
           -4.4495542101           13.9879003319            9.0018031703     O 
           -5.6704956560           13.3560857203            7.8025199894     H 
           -4.4122478048           12.7955708643           10.3882836717     H 
          -13.2742812305           -0.4324847831           13.3123629831     O 
          -11.8886841226            0.5843488314           13.9677102472     H 
          -12.4810200435           -1.6381336188           12.1696323068     H 
          -17.9661991645            8.7859841232           -4.6171365094     O 
          -17.5270450000           10.1815650627           -3.4769385937     H 
          -17.5941444988            9.3414048997           -6.3010927378     H 
          -15.6336155970            7.1604769731           10.5075173134     O 
          -14.0449572329            8.0339361644           10.3765867810     H 
          -16.6227957488            7.6626894833            9.0515266799     H 
            0.0088320341           15.8007141494            2.3683354561     O 
            1.7957648690           16.2003906884            2.4634805755     H 
           -0.1881337382           15.0274972090            0.6950810343     H 
           21.2420374812            8.1086064307           -3.9559553551     O 
           22.0199732804            9.7321844108           -4.1022403400     H 
           19.6451338096            8.2253553019           -4.8926447340     H 
          -13.0455701090           -5.3918275772          -12.9701313949     O 
          -11.2147230941           -5.1286052951          -13.2000768618     H 
          -13.1481393592           -7.0791268147          -12.2790665566     H 
          -19.7600042266            9.6301119948            1.4200972372     O 
          -21.0809579136            8.4416937274            0.9663315784     H 
          -19.5846943106           10.8964342034            0.1268758198     H 
          -19.8193274908           -9.0278758817            3.3737754075     O 
          -20.5323721093           -9.5592372518            1.7850365454     H 
          -20.8765823853           -7.6502970188            3.9944615540     H 
          -20.8177437460            1.1725608273            8.4944877546     O 
          -21.1001104210           -0.5348099824            9.0680889328     H 
          -19.2340611433            1.6898460334            9.2857572629     H 
          -18.9936393771            3.4847623757            4.2784650520     O 
          -20.2346162908            3.9339489074            2.9871300694     H 
          -19.8375427595            2.5393160866            5.6022223007     H 
          -16.1804675114          -11.0072326114           -6.7709633647     O 
          -15.9145078793          -11.1939049006           -4.9796491155     H 
          -17.3461227784           -9.6052050954           -6.9724084332     H 
          -16.1143471154            1.5743085311          -10.8717126460     O 
          -14.9836112221            1.1401833990          -12.2653871510     H 
          -16.0534709570            3.4302615829          -10.7434652220     H 
            7.5431012553            2.5391440471            9.3003056775     O 
            7.5458495350            3.3885002568           10.9370676586     H 
            6.2522100662            1.2131916719            9.4689030935     H 
            5.1895860761           -3.4744346787           14.6312791978     O 
            3.7477100647           -4.6022760579           14.5785733854     H 
            5.0774604368           -2.5691139262           12.9933265360     H 
            4.7030291963            1.7430539491          -14.4885854237     O 
            6.4667973561            1.4671351114          -14.9061409997     H 
            4.0394443329            0.0567779785          -14.1228296598     H 
            6.8918207993           -5.3746243306          -10.2885708046     O 
            5.1730549060           -5.9530364430          -10.5318843846     H 
            7.5039219106           -6.2074721238           -8.7818761139     H 
           -6.6026318671           -6.1999556154           -8.4670418086     O 
           -5.3206950943           -5.7383269890           -7.2035364619     H 
           -6.9408972578           -7.9873432838           -8.3006166937     H 
           18.4977821980            1.2239282518           12.0159293204     O 
           16.8610751473            2.0311386362           12.0700430270     H 
           19.3177565045            1.8192329531           10.4887048657     H 
           14.6692283725           -6.2213603277           -3.7397820908     O 
           13.4032643472           -6.1057005131           -5.0931391525     H 
           15.5554261814           -4.6051331652           -3.8086885277     H 
            4.3549263058            1.3360489982           16.3682998077     O 
            2.5522739766            1.7245511961           16.2760844353     H 
            4.5044617240           -0.4679097798           16.0276666433     H 
            9.7685315357           -9.8394068679           10.3101204332     O 
           11.5193932619           -9.9946786735            9.8727801382     H 
            8.8050758797          -10.0805680091            8.7280533570     H 
            4.7911557401           13.7171167911            9.4511646081     O 
            3.1677311109           13.8380917192            8.5920488809     H 
            4.9076687927           12.0045461681           10.0879860011     H 
           10.0181249997           -0.0354667918           13.9589398061     O 
            8.5581584454            0.0703564469           15.0315912982     H 
           10.2947068387           -1.8135610927           13.6784522013     H 
            0.6217778477            7.3955467767           13.3304823021     O 
            1.1771954781            6.2983392629           11.9526561041     H 
            1.9447233269            8.6332040789           13.4694581069     H 
            6.7834826453          -10.1971340921            6.3932282083     O 
            6.1019306047          -11.7423552117            5.6540437947     H 
            7.6228349117           -9.2544243413            5.0356954723     H 
           14.7236165195            0.3435603667            7.2960237273     O 
           14.5492451312            1.6184456431            8.6122227304     H 
           13.1807579861           -0.6582906399            7.4604203584     H 
           18.9826337736            5.4524122679            4.1417126131     O 
           19.8174820762            4.3370570842            5.3505399442     H 
           17.7060545612            6.3259908171            5.1287996315     H 
            1.5624611638          -10.7831807102            7.4730254622     O 
            0.9735214170          -12.2190451462            6.5080136975     H 
            0.2738674307          -10.4573176463            8.7568749710     H 
           21.0113778281            2.0794333411            7.4021638330     O 
           20.7718616427            0.7171041891            6.1431097421     H 
           22.7920220096            2.1727009356            7.7036182940     H 
           16.2642176007           -9.9233508356            6.0007626099     O 
           14.6825531598          -10.4864430930            5.2350714080     H 
           15.8023409243           -9.2316294880            7.6207682318     H 
            4.7987654445           -5.5700390603            7.5606423997     O 
            5.3987630744           -7.3007436852            7.4984236628     H 
            5.5434133557           -4.6931444630            6.1090226060     H 
           24.9101583324            0.3148032731            1.1118134689     O 
           24.7121635639           -0.5181075638           -0.5343610840     H 
           24.4753657493            2.0654862000            0.8262020394     H 
           18.5248523359           -9.8330948339            0.4798047696     O 
           19.1939724430          -10.4177599224            2.0549434233     H 
           16.7827084059           -9.2558450108            0.8742737961     H 
            1.5654550898          -14.3187798450           -2.1585245271     O 
            2.9044621919          -15.2739521986           -2.9267813061     H 
            0.0404776239          -14.6216625386           -3.1466840899     H 
            2.3227771356           -9.9272431378           -4.6971560144     O 
            2.3146189356          -11.3203690034           -3.4892382634     H 
            4.0947832615           -9.5194185754           -5.0184724226     H 
          -17.6813807334            8.0503770228            5.7750175864     O 
          -18.1846021520            6.2877897841            5.4105452300     H 
          -18.4898745228            8.9893992822            4.4226048181     H 
           16.7287237942            8.8821080968            0.0632297786     O 
           16.2718121444           10.2319403831           -1.1035968779     H 
           17.4544112855            7.5489142941           -0.9509145956     H 
           -2.9187479821          -14.1143199523           -4.7051180801     O 
           -2.7380678575          -14.3021792718           -6.5029856993     H 
           -2.9389685483          -12.2459532038           -4.4255330533     H 
           10.1681396861           11.3402152617           -2.1765811454     O 
           10.7138986059            9.5771657225           -2.2473434115     H 
           10.5315098001           11.9603453389           -0.4558131695     H 
            5.1651453212           15.5976636572            2.5987841823     O 
            6.4900087402           16.4955132817            3.4407178604     H 
            5.0955461858           13.9220634173            3.4407172194     H 
          -18.9710160563           -6.5989646930           -6.8378395774     O 
          -17.8221075855           -5.5657380113           -7.8654735058     H 
          -20.5336136802           -5.6121371179           -6.7933603313     H 
          -16.1212115674           -2.1745815576            7.1183308875     O 
          -15.8150997637           -0.6346861116            8.0630442979     H 
          -17.0117865473           -1.6549790664            5.5669766494     H 
           20.8539303694           -1.1291545984            3.5979171138     O 
           20.5545504952           -2.9235779444            3.7592357417     H 
           22.5372556045           -0.8546945600            2.8356447267     H 
            9.4733314612           11.8719126389           -7.4900840767     O 
            9.6693744565           12.0391367477           -5.6821743232     H 
            7.7190325546           11.3664967289           -7.7312653737     H 
           15.5122810005           11.3593279012            4.5418490177     O 
           16.4718098839           10.6740930453            3.1483664699     H 
           15.1529770272            9.9179218491            5.6237989250     H 
           -8.1109341654           -4.6054719587          -13.1755556815     O 
           -7.8358668817           -2.7955418194          -12.9846078849     H 
           -7.6894473430           -5.3155429700          -11.5439927810     H 
          -24.1338352982            0.3652472153            4.0466106456     O 
          -23.9983874092           -1.4362757982            4.3380132096     H 
          -23.4917230126            1.1416081048            5.5621197075     H 
           -9.3285585845           13.3147279301           -1.8915093141     O 
          -10.6163636792           13.1883975802           -3.2265677958     H 
          -10.2879019293           13.6291608651           -0.3702811489     H 
            4.7808745699           10.0118503960           -8.0263953923     O 
            3.5000614382           10.2214242630           -6.6797863026     H 
            3.8183559044            9.3848731162           -9.4586710659     H 
           16.9985131103            4.6206862939           -3.1539942327     O 
           16.3860099349            3.9620921910           -4.8027483783     H 
           17.1571253241            3.1835330936           -2.0245317204     H 
           -9.9311893731            8.6309101342            1.8963529846     O 
          -11.0268410115            7.6539619295            3.0593873771     H 
           -8.3458536701            7.6774660429            1.7807255835     H 
           -5.2248141485           15.7502846625            1.9266298285     O 
           -3.5647890871           16.3881414353            2.3650728202     H 
           -5.4986145586           16.1501172369            0.1779237866     H 
           -0.2355102005           -5.5302351998            7.8908773882     O 
            1.5571976764           -5.5734846936            7.4241450353     H 
           -0.1975453084           -5.7763891096            9.7143034999     H 
           15.4583955932            2.2188171546            2.4456644947     O 
           16.8365263573            3.4148233760            2.7182175370     H 
           15.0631986730            1.5610759829            4.1202586821     H 
           -4.2338969590          -14.0579741902            0.6234085590     O 
           -3.7231202097          -14.3418777655           -1.0950476481     H 
           -5.0112910224          -12.3735380664            0.6929547600     H 
            1.5631597323            4.4434691757            9.3188991001     O 
            2.0213668832            3.0239322368            8.2348813226     H 
            1.5792000932            5.9454467144            8.2369490465     H 
           16.9546710093            9.1736241425           -6.4597264599     O 
           15.5067530268            8.4345152458           -7.3123165444     H 
           16.3099832772           10.6125542647           -5.5422739906     H 
           17.3772118258           -9.3442940615           -8.5811154446     O 
           16.7573140324          -10.2886141056           -7.1440474029     H 
           18.6418910491           -8.2059724188           -7.9094773475     H 
           -3.5599138368            8.5515082456          -11.8813382506     O 
           -3.9432087511            6.8689173337          -11.2965739779     H 
           -1.7363508334            8.6927157354          -11.9469644177     H 
            6.1424643334            4.7050652692          -10.4875525764     O 
            5.5537022430            3.5480660256          -11.8002518224     H 
            4.8365942992            4.7869577748           -9.1767632207     H 
           11.6632942219          -11.6220784438            4.3387780458     O 
           11.8277437536          -11.7471054830            2.5015562422     H 
           10.8028823098          -13.1172503269            4.8814120110     H 
          -12.9988222512           12.2741432992           -5.1876517676     O 
          -12.3382098118           11.8639801998           -6.8440156767     H 
          -13.0329060088           10.6579381399           -4.2643315089     H 
           -2.2588874728            7.1587507369           -1.9850065286     O 
           -1.1354260988            8.3035569641           -1.0910987324     H 
           -3.9441022462            7.8899824855           -1.9511899950     H 
           -0.6508144311           14.1685115691           -2.3872980449     O 
            0.5710143920           15.0985767040           -3.4012338087     H 
           -2.3151528758           14.4644877074           -3.1531788575     H 
           22.2077238553            4.9253535330            0.0832745780     O 
           21.1630280672            5.4420879304            1.4999336353     H 
           21.9237342693            6.1540350721           -1.2488132096     H 
           19.3469939455            0.8079590053           -0.8586827556     O 
           20.5734011907            2.1821047989           -0.7569460267     H 
           19.4921181460           -0.0507987537            0.7607211281     H 
           15.6728345819          -11.1277213751           -3.8217266526     O 
           15.2857731060           -9.3043253189           -3.7988895137     H 
           17.0826909873          -11.2724115152           -2.6709328254     H 
           23.4211106987           -1.7441570484           -3.3391205032     O 
           22.0791933748           -2.7155444590           -2.5526015213     H 
           22.6418427101           -0.2584216495           -4.0779886577     H 
          -14.9816389200            6.3369478008           -9.9184100212     O 
          -14.9361222625            5.7689749129           -8.1595809629     H 
          -13.2828487405            6.1449467581          -10.5811065732     H 
          -10.7801337304          -13.7825424949            3.7166987718     O 
          -10.1950921546          -12.4369425459            4.8474675826     H 
           -9.5195331056          -15.1379247795            3.9338114427     H 
           14.9398957015            0.1292604166          -14.5031161428     O 
           15.3020893143           -1.6280659163          -14.2488068316     H 
           13.1396789441            0.3258521893          -14.2086066266     H 
           -2.8083829929          -12.0271896304           -9.9343230427     O 
           -2.7673791642          -10.5235408130          -10.9731276062     H 
           -1.0408787167          -12.4799617561           -9.6761617126     H 
            6.1850864109          -10.6288777210          -11.5032560851     O 
            8.0097766773          -10.3450520674          -11.5614030051     H 
            5.4358732556           -9.4441277121          -12.6534767312     H 
           11.6334868278            5.7935294497          -12.9229472039     O 
           10.2710139181            6.8902624758          -13.4853473985     H 
           11.0425345683            4.0807963819          -13.1653680736     H 
           -1.2580100025           -1.3088090432           -2.6653703062     O 
           -2.0531051460            0.1316214525           -1.8256922539     H 
            0.4337417088           -1.2664432481           -1.9917394977     H 
           -2.4045228119            2.5754944082            0.0484051799     O 
           -1.9082891165            4.1193308924           -0.8080898453     H 
           -4.0558623531            2.9149966163            0.7042598731     H 
           22.6507974726           11.0131842153           -4.1941112390     H 
$end
$set
 chrg  1
 ewin_conf 50.0 
$end
