           1           2  0.890430981825084     
           1           3  0.832027906444927     
           4           5  0.857111996867185     
           4           6  0.781420550532250     
           7           8  0.796536695299472     
           7           9  0.851342350863322     
          10          11  0.827051786801635     
          10          12  0.823126875019715     
          13          14  0.831132561057701     
          13          15  0.790621713954413     
          16          17  0.798388891302120     
          16          18  0.820415623650686     
          19          20  0.813734225589574     
          19          21  0.830116239432842     
          22          23  0.838695689556590     
          22          24  0.819830615017260     
          25          26  0.817343780193648     
          25          27  0.810564304385605     
          28          29  0.860307642796601     
          28          30  0.858938137261052     
          31          32  0.816127514273131     
          31          33  0.786004841170438     
          34          35  0.813795135675259     
          34          36  0.827636740465377     
          37          38  0.833837572994520     
          37          39  0.792768311242737     
          40          41  0.812602445918659     
          40          42  0.810425972996979     
          43          44  0.824234802090111     
          43          45  0.825435095416831     
          46          47  0.834691162139290     
          46          48  0.796234829633067     
          49          50  0.820027459266822     
          49          51  0.823766917293601     
          52          53  0.839592996092722     
          52          54  0.856147745520262     
          55          56  0.828011621502535     
          55          57  0.838984141540022     
          58          59  0.773338590421637     
          58          60  0.801641897765312     
          61          62  0.818442738093656     
          61          63  0.805956915714897     
          64          65  0.847209164784517     
          64          66  0.850752730464029     
          67          68  0.804058500515445     
          67          69  0.819228232244207     
          70          71  0.852495036669764     
          70          72  0.799006494890043     
          73          74  0.772810465274197     
          73          75  0.842953833979419     
          76          77  0.805086027622605     
          76          78  0.841334521175785     
          79          80  0.815618658200880     
          79          81  0.813165822102926     
          82          83  0.849430921297238     
          82          84  0.820451665181232     
          85          86  0.837855714675457     
          85          87  0.832101044145107     
          88          89  0.815615552134610     
          88          90  0.812386986845454     
          91          92  0.844631244912786     
          91          93  0.801808085801191     
          94          95  0.834627977900291     
          94          96  0.817074038237272     
          97          98  0.807076921421386     
          97          99  0.828631975214730     
         100         101  0.819633422525649     
         100         102  0.802561736875933     
         103         104  0.873543131265780     
         103         105  0.815272191538435     
         106         107  0.826135858243504     
         106         108  0.863245680621645     
         109         110  0.835203022548788     
         109         111  0.870070046226043     
         112         113  0.832851965101111     
         112         114  0.815589218521204     
         115         116  0.799489626354019     
         115         117  0.814064719851791     
         118         119  0.798803218215919     
         118         120  0.884520312658928     
         121         122  0.833191463976480     
         121         123  0.830757687448828     
         124         125  0.834395409057148     
         124         126  0.819867239216402     
         127         128  0.814040218312304     
         127         129  0.825203847273150     
         130         131  0.785630304412609     
         130         132  0.803399660899158     
         133         134  0.828150487523950     
         133         135  0.828108975413967     
         136         137  0.814616785126635     
         136         138  0.840038665557713     
         139         140  0.866857119628084     
         139         141  0.868531708204342     
         142         143  0.797098694745762     
         142         144  0.866083015480879     
         145         146  0.849466319736260     
         145         147  0.845194702859458     
         148         149  0.769981421565092     
         148         150  0.826083288387865     
         151         152  0.813076275895772     
         151         153  0.847240543470244     
         154         155  0.837368830570930     
         154         156  0.873916526341733     
         157         158  0.795884591491394     
         157         159  0.835270291285910     
         160         161  0.879103992967986     
         160         162  0.816458195083248     
         163         164  0.816139175567851     
         163         165  0.807078003633667     
         166         167  0.817711229314743     
         166         168  0.826533658478004     
         169         170  0.814313735782271     
         169         171  0.838263003860641     
         172         173  0.825718534815746     
         172         174  0.860657324602810     
         175         176  0.810576187046025     
         175         177  0.821548393017039     
         178         179  0.912140083439831     
         178         180  0.804032158576790     
         181         182  0.805216546262491     
         181         183  0.856323339053428     
         184         185  0.752418273772742     
         184         186  0.816987306707660     
         187         188  0.804892604378901     
         187         189  0.834094023309716     
         190         191  0.843559463637813     
         190         192  0.820979963630526     
         193         194  0.921629176463489     
         193         195  0.812561527942323     
         196         197  0.785663147888059     
         196         198  0.909004122058107     
         199         200  0.807830597976384     
         199         201  0.815788079334897     
         202         203  0.853855196792821     
         202         204  0.824611587019468     
         205         206  0.832808907907042     
         205         207  0.846815115247389     
         208         209  0.779757634385640     
         208         210  0.806529594906862     
         211         212  0.835988146017238     
         211         213  0.833119042750737     
         214         215  0.840310147651836     
         214         216  0.789086813178634     
         217         218  0.796780168296810     
         217         219  0.840000194474007     
         220         221  0.837658514190927     
         220         222  0.817512412673014     
         223         224  0.886999074910802     
         223         225  0.810523641898641     
         226         227  0.818726945809396     
         226         228  0.840617111550106     
         229         230  0.838754639824783     
         229         231  0.863397145690012     
         232         233  0.870650795185586     
         232         234  0.842922302986887     
         235         236  0.823361180509131     
         235         237  0.850898607094855     
         238         239  0.843051525270790     
         238         240  0.875020484585620     
         241         242  0.827848072089824     
         241         243  0.830432101466822     
         244         245  0.768839519036345     
         244         246  0.855272043092204     
         247         248  0.797820610901131     
         247         249  0.789791858821660     
         250         251  0.803552170070683     
         250         252  0.880279299641030     
         253         254  0.852955353760763     
         253         255  0.806924161137885     
         256         257  0.828072762954382     
         256         258  0.826718406407321     
         259         260  0.880611145934382     
         259         261  0.827390520102350     
         262         263  0.779300375092234     
         262         264  0.823039000774508     
         265         266  0.809460675510518     
         265         267  0.810851194089307     
         268         269  0.828073733463472     
         268         270  0.910956281857518     
         271         272  0.815868989031693     
         271         273  0.809449405193348     
         274         275  0.862759125509975     
         274         276  0.820549799951018     
         277         278  0.894514996166953     
         277         279  0.806105394441936     
         280         281  0.827865544597900     
         280         282  0.811763458838832     
         283         284  0.816715649143083     
         283         285  0.870634427958446     
         286         287  0.803956923593973     
         286         288  0.867927833866144     
         289         290  0.822224732737966     
         289         291  0.847474812080752     
         292         293  0.857182578723681     
         292         294  0.848576865757540     
         295         296  0.784519295587248     
         295         297  0.862100236119520     
         298         299  0.802476872995785     
         298         300  0.827727492133370     
         301         302  0.851152216644280     
         301         303  0.821136696014888     
         304         305  0.887586466409568     
         304         306  0.862433677625375     
         307         308  0.839861437824237     
         307         309  0.805892213753703     
         310         311  0.830534369706908     
         310         312  0.798315570309942     
         313         314  0.851419657748485     
         313         315  0.802241330738971     
         316         317  0.842669225709095     
         316         318  0.897452497973950     
         319         320  0.769620692577531     
         319         321  0.865281687976347     
         322         323  0.821779103938687     
         322         324  0.759362182218339     
         325         326  0.863490085496154     
         325         327  0.829659307651278     
         328         329  0.782289507649846     
         328         330  0.914788224407113     
         331         332  0.842943370253237     
         331         333  0.804556367968771     
         334         335  0.798153631152049     
         334         336  0.839599698868046     
         337         338  0.817605447313917     
         337         339  0.835747588114986     
         340         341  0.891313742485172     
         340         342  0.821354018256907     
         343         344  0.829674638844754     
         343         345  0.816561631612970     
         346         347  0.801640928730610     
         346         348  0.829699786248877     
         349         350  0.810181293338770     
         349         351  0.852422666353205     
         352         353  0.846977253961717     
         352         354  0.879740020694496     
         355         356  0.839379756077747     
         355         357  0.873844563835721     
         358         359  0.805411167698536     
         358         360  0.887644015881064     
         361         362  0.866907770516440     
         361         363  0.793485013337063     
         364         365  0.837778344227570     
         364         366  0.825627551748018     
         367         368  0.826478265912038     
         367         369  0.824430154770404     
         370         371  0.845686943892098     
         370         372  0.867254075938164     
         373         374  0.902325352776939     
         373         375  0.834277524607440     
         376         377  0.802835079545320     
         376         378  0.781193926771467     
         379         380  0.836843800237177     
         379         381  0.815060801627897     
         382         383  0.825394679608026     
         382         384  0.824349499718890     
         385         386  0.791551871213495     
         385         387  0.848967778736469     
         388         389  0.836420585113224     
         388         390  0.816883776484041     
         391         392  0.877370109720064     
         391         393  0.808615097129516     
         394         395  0.854753429703819     
         394         396  0.884293575142861     
         397         398  0.770974763151385     
         397         399  0.899435130546301     
         400         401  0.808080150103270     
         400         402  0.854531455721113     
         403         404  0.811617051423585     
         403         405  0.832218956785167     
         406         407  0.828203397114882     
         406         408  0.814020965079206     
         409         410  0.860572058737789     
         409         411  0.829860939713762     
         412         413  0.823577086713419     
         412         414  0.828852684444128     
         415         416  0.816886656104956     
         415         417  0.828601635436367     
         418         419  0.819107978950944     
         418         420  0.802367941273732     
         421         422  0.839516439891838     
         421         423  0.802000729134313     
         424         425  0.856796209655829     
         424         426  0.841385647517148     
         427         428  0.867226497831715     
         427         429  0.846666660329690     
         430         431  0.860732049583778     
         430         432  0.851947704799043     
         433         434  0.816216978530862     
         433         435  0.826723504094069     
         436         437  0.840510454505858     
         436         438  0.843436726673581     
         439         440  0.824974867627781     
         439         441  0.866493713291384     
         442         443  0.822643524165444     
         442         444  0.831139314700381     
         445         446  0.843068365821758     
         445         447  0.823983167499718     
         448         449  0.851179206473520     
         448         450  0.827719498060011     
         451         452  0.776260248193792     
         451         453  0.811097779922270     
         454         455  0.842042042222903     
         454         456  0.762305237219323     
         457         458  0.833441621076611     
         457         459  0.783593109959473     
         460         461  0.832885824067685     
         460         462  0.824738490320683     
         463         464  0.783368774407957     
         463         465  0.845517005688121     
         466         467  0.858119090986467     
         466         468  0.836105641513855     
         469         470  0.821471106932302     
         469         471  0.831236990315213     
         472         473  0.868027966203995     
         472         474  0.868908417220484     
         475         476  0.820574334324774     
         475         477  0.827166749655507     
         478         479  0.807705377597057     
         478         480  0.896231043349860     
         481         482  0.851744830756734     
         481         483  0.857362920205734     
         484         485  0.846272726591783     
         484         486  0.830308945821175     
         487         488  0.833803368397982     
         487         489  0.832358509665696     
         490         491  0.840021351175459     
         490         492  0.847625010937482     
         493         494  0.861916480096074     
         493         495  0.840614308271474     
         496         497  0.831326747455463     
         496         498  0.879832441867227     
         499         500  0.857403710442224     
         499         501  0.808815815358922     
         502         503  0.868209239696714     
         502         504  0.812962888525378     
         505         506  0.875060009688941     
         505         507  0.809138861309543     
         508         509  0.794551804200117     
         508         510  0.834410249592819     
         511         512  0.826357095006516     
         511         513  0.807739606918062     
         514         515  0.794681493628304     
         514         516  0.830793543608157     
         517         518  0.916951345821084     
         517         519  0.808653475245530     
         520         521  0.848272181878089     
         520         522  0.866063424508212     
         523         524  0.859907971844955     
         523         525  0.847911122546598     
         526         527  0.879564620186476     
         526         528  0.861363645802826     
         529         530  0.806949913868678     
         529         531  0.816585355062220     
         532         533  0.801803972559195     
         532         534  0.888599129679165     
         535         536  0.815675198125746     
         535         537  0.862952477935893     
         538         539  0.852536258013294     
         538         540  0.820064053182850     
         541         542  0.807240585276537     
         541         543  0.820714709760691     
         544         545  0.819880779379154     
         544         546  0.829289777142273     
         547         548  0.822270909561025     
         547         549  0.837092302878229     
         550         551  0.915115183966227     
         550         552  0.794813817496221     
         553         554  0.913790877823665     
         553         555  0.799904337699546     
         556         557  0.858166245675322     
         556         558  0.780947805986401     
         559         560  0.795563656965088     
         559         561  0.881085886636144     
         562         563  0.815174160951864     
         562         564  0.806544990178194     
         565         566  0.849147413252383     
         565         567  0.794406280448991     
         568         569  0.824272191056497     
         568         570  0.866944682900735     
         571         572  0.825313539366259     
         571         573  0.814809875237407     
         574         575  0.879097663195021     
         574         576  0.821215130678434     
         577         578  0.902692093392656     
         577         579  0.784924999789248     
         580         581  0.820890509039565     
         580         582  0.871801252375739     
         583         584  0.867391545107957     
         583         585  0.776917233089620     
         586         587  0.845692714719319     
         586         588  0.836232826864844     
         589         590  0.823343614482453     
         589         591  0.776224905969505     
         592         593  0.895785710298671     
         592         594  0.827071095293106     
         595         596  0.819360301437377     
         595         597  0.902023800530639     
         598         599  0.816209924433924     
         598         600  0.871618892556219     
         601         602  0.895905039938413     
         601         603  0.810153540338397     
         604         605  0.816493516548793     
         604         606  0.851477978306966     
         607         608  0.828471853177992     
         607         609  0.802776674337491     
         610         611  0.813956269842116     
         610         612  0.804065778150499     
         613         614  0.839873367625474     
         613         615  0.858259510661755     
         616         617  0.874482133678948     
         616         618  0.803118521551030     
         619         620  0.878074363552349     
         619         621  0.840699646986169     
         622         623  0.820156746361037     
         622         624  0.815096888584497     
         625         626  0.863029270033618     
         625         627  0.853336820659418     
         628         629  0.840206441378677     
         628         630  0.823840436091144     
         631         632  0.802051439352215     
         631         633  0.814468542830695     
         634         635  0.810845434145041     
         634         636  0.820659269625625     
         637         638  0.865932313849192     
         637         639  0.816577838308497     
         640         641  0.849607132092514     
         640         642  0.869423434438008     
         643         644  0.818002316445546     
         643         645  0.841415909483294     
         646         647  0.842129522181490     
         646         648  0.800022101045814     
         649         650  0.817231598088564     
         649         651  0.842492425294698     
         652         653  0.826233897661615     
         652         654  0.867213996079527     
         655         656  0.878995852452313     
         655         657  0.815211553906952     
         658         659  0.803567854594332     
         658         660  0.867828941431244     
         661         662  0.823267246405434     
         661         663  0.817310318452435     
         664         665  0.792739646335911     
         664         666  0.849129531330354     
         667         668  0.813497679365383     
         667         669  0.850290918615226     
         670         671  0.815042690389622     
         670         672  0.817117910636082     
         673         674  0.865135062155784     
         673         675  0.857720072046801     
         676         677  0.824117585440375     
         676         678  0.852924088963956     
         679         680  0.897658927074338     
         679         681  0.826766904092583     
         682         683  0.833632127597967     
         682         684  0.831328874240338     
         685         686  0.805930198041864     
         685         687  0.844541256913052     
         688         689  0.866314456415346     
         688         690  0.813828020868635     
         691         692  0.825221342789576     
         691         693  0.851154298820188     
         694         695  0.877994915070757     
         694         696  0.813136716865734     
         697         698  0.814161011261559     
         697         699  0.837200485034360     
         700         701  0.803538783654537     
         700         702  0.797624075822559     
         703         704  0.828660947128997     
         703         705  0.830579299115733     
         706         707  0.874633069871075     
         706         708  0.807696116731791     
         709         710  0.811643880963506     
         709         711  0.841097334440508     
         712         713  0.856067529853664     
         712         714  0.793928174397208     
         715         716  0.877615494335706     
         715         717  0.863342185206338     
         718         719  0.904627223473022     
         718         720  0.848895186525268     
         721         722  0.843783925425966     
         721         723  0.858616911485966     
         724         725  0.810542153076596     
         724         726  0.824449553888404     
         727         728  0.876511221964162     
         727         729  0.811329111976985     
         730         731  0.844647599005066     
         730         732  0.828034762207248     
         733         734  0.869718331132970     
         733         735  0.847523253029296     
         736         737  0.876978976329189     
         736         738  0.798411327601323     
         739         740  0.850378363552685     
         739         741  0.883801407603314     
         742         743  0.808319823013520     
         742         744  0.915036806310729     
         745         746  0.826674553011169     
         745         747  0.822656170346099     
         185         748  0.112569020304472     
         748         749  0.801178517766751     
         748         750  0.778553751606571     
         751         752  0.836531566126181     
         751         753  0.901786859589330     
         754         755  0.902709995703386     
         754         756  0.885153803933155     
