$coord
           -1.6402135473           -5.3955430876           -1.3741172007     O 
           -0.7131623615           -5.2016723075            0.1885722244     H 
           -0.5000207979           -6.1032808350           -2.6191487442     H 
            5.5767451067           -7.9873274573            3.2007821026     O 
            4.0904540628           -8.2283126180            4.2743143783     H 
            6.3237274442           -6.4031721019            3.7930778583     H 
            4.3428389606           -0.1897642025            2.1147014772     O 
            4.4813102128            1.0246484252            0.7573516447     H 
            3.8978893052            0.7504086823            3.6158141357     H 
            1.5181160744           -6.2212055189           -5.4346084924     O 
            0.6994220084           -7.8241367832           -5.8956220813     H 
            0.9396406531           -4.9777739760           -6.6722999339     H 
           -6.8829984720           -0.3965218857            5.9553699328     O 
           -8.6378837437           -0.1005310678            5.3929735811     H 
           -6.9837653079           -0.9297486434            7.7249917404     H 
            6.3368765462           -7.7744523705           -5.9631592716     O 
            4.6151587735           -7.1335794100           -5.6993047031     H 
            6.8924581848           -6.8075323962           -7.4278037756     H 
           -1.4660602619           -5.0784568498            7.3423733558     O 
           -2.7878390358           -5.4139510925            6.1077850014     H 
           -1.1341870312           -3.2843813239            7.1634375886     H 
            8.5778655749          -11.3188116789            5.4603775701     O 
            9.7260000042          -11.8957689285            4.1592828698     H 
            7.4650477751          -10.1068314122            4.5780602747     H 
           -6.9434522481           -4.0672357510           -0.5713507232     O 
           -6.0436167416           -4.3779851133           -2.1516835380     H 
           -7.9023624110           -2.5127108153           -0.8635980463     H 
           -0.3663579278            5.9496538049            7.7083055523     O 
           -2.0026718705            5.2563480944            7.2142303934     H 
           -0.1146739839            7.3876608738            6.5929685595     H 
           -4.7287853393           -4.1226871856           -5.1132069475     O 
           -4.5872409977           -5.4218767660           -6.4058589197     H 
           -5.4934831635           -2.6866067374           -5.9707327581     H 
            5.5261735075           10.6652804595            2.2027005425     O 
            5.4046699348            9.9447259773            0.4994326406     H 
            5.8026479603            9.1690521734            3.2520914153     H 
            2.0029222465            5.3879389090            1.6305462941     O 
            0.8011840790            4.0125868287            1.8850206626     H 
            1.2017934163            6.8756227584            2.4338987796     H 
           -4.8074214521            4.5232756003            5.8105919238     O 
           -5.8414416011            3.0144156019            5.6239240271     H 
           -5.0719528796            5.5542179842            4.3092318408     H 
           -2.9254492368            8.2682396243           -8.2769861670     O 
           -1.4471786777            8.5273353163           -9.3670859528     H 
           -4.1651797959            7.4757740644           -9.3599331479     H 
           -3.9881162758           12.9451424241           -6.3884444058     O 
           -3.6474776273           11.5526876416           -7.5426820000     H 
           -5.7462575794           12.7515550245           -5.9184290236     H 
           -4.7626683603            8.3188276104           -3.3882284505     O 
           -6.3659565228            9.0492677507           -3.9395710216     H 
           -3.7528294800            8.2593460513           -4.9239648939     H 
           -0.5099266635           -2.7865382142           -8.6820774360     O 
           -1.0087038001           -3.7286476974          -10.1672988272     H 
           -0.3628286095           -1.0293390891           -9.2015618099     H 
            6.1127998937            6.1681020828            4.4177615461     O 
            5.3726819399            6.4947776273            6.0776501207     H 
            4.7053019758            5.5597936427            3.3637483190     H 
            9.4343914939           -6.7203720712           -0.5182516358     O 
            7.7580271250           -5.9829694418           -0.4609772756     H 
           10.5781283342           -5.3756076346           -1.0554791245     H 
           -8.6448068855           11.3783108652           -4.4013119237     O 
           -9.0744513549           10.8862859927           -2.6665989136     H 
          -10.2627915393           11.2425672396           -5.2862481213     H 
           -0.1609265455            2.4036896149           -9.6174394877     O 
            1.2600469850            3.1868653678           -8.7278781777     H 
           -1.6189731437            2.9481413735           -8.6474768105     H 
            9.4853999522            4.8131752600           10.7308228218     O 
           10.1770570260            6.2469925862            9.8506986067     H 
           10.9228374630            3.8535533492           11.4215604452     H 
           16.1926488421           -1.8305297378            2.4672375788     O 
           16.3501241877           -2.0182343357            4.2704698526     H 
           17.7286806338           -2.5251498925            1.6717944046     H 
           -9.0633435891            0.2012650256           -2.1574027034     O 
           -7.6332207871            1.3542179055           -2.2475666543     H 
           -9.7115161058           -0.1197253811           -3.8529742627     H 
            4.5527154323           -4.8616528960           -1.3403049375     O 
            5.5951753943           -3.6497666022           -2.2533159348     H 
            3.3841120915           -5.5260800067           -2.5726310959     H 
           -6.4454251774           -2.4378028258           10.5774734634     O 
           -8.0819215637           -2.0832041316           11.3280945409     H 
           -6.3580317348           -4.2375783769           10.1994267312     H 
           -7.8856543790            4.6326394872           -6.2742519051     O 
           -7.3764801176            5.1770649440           -7.9703285564     H 
           -9.7031650487            4.8353644514           -6.2245673151     H 
          -13.4083750545           10.3718241349           -5.6105430477     O 
          -13.3837048901            8.6140230637           -6.1513628210     H 
          -14.0520256568           10.3858170861           -3.9063363590     H 
            7.7784460243            1.2783857009            7.4533071374     O 
            6.1010343929            1.8589564839            6.9594515594     H 
            8.5120205808            2.6251672096            8.4713194611     H 
            6.5841225847           -4.9870457043          -10.2268923793     O 
            5.5920543776           -3.4499526189          -10.4973847147     H 
            8.2157721989           -4.5988354369          -10.9579012847     H 
          -15.4244855843           -7.7254145120           -4.2483092643     O 
          -15.0485863091           -8.6344298366           -2.6885916666     H 
          -17.0052791743           -6.8626306516           -4.0181134768     H 
           -2.9206859688            3.5150310214           -5.5578009361     O 
           -4.6495959932            4.0843509046           -5.4720748722     H 
           -1.8865428539            4.7101618373           -4.6131604419     H 
            0.6391387708          -10.3793441644           -1.8130473983     O 
            2.4744645344          -10.4963513808           -1.7902367798     H 
            0.0093146739          -12.0830353031           -1.5191052310     H 
            2.9847013868            2.4219614414            6.4224691186     O 
            1.7984571113            3.6821307877            7.0653404128     H 
            2.4785635443            0.7823647188            7.0904559941     H 
            4.2314997544          -11.8676983282           -8.1131963155     O 
            5.1880458801          -10.5109532226           -7.2691274999     H 
            5.2206126272          -13.3746002632           -8.0005524691     H 
            7.5646069272           -4.2006947974            5.8624720788     O 
            8.4934179080           -5.3568490883            6.9602144110     H 
            8.7349632401           -2.8368230976            5.4679244460     H 
           -9.9592645096           -7.3273057453            1.7654170875     O 
           -8.9225821986           -6.1319419483            0.7890281820     H 
           -8.8357893026           -8.6621544450            2.3370579565     H 
            9.0295714600           -1.7275367504            1.2589283190     O 
            7.2580097703           -1.5339176179            1.7586732468     H 
            9.7515439276           -0.0878811229            1.6077245235     H 
            4.6132674752           11.2182292234           -5.7555534624     O 
            4.5147357385           10.4560294575           -7.4116580064     H 
            2.8778904046           11.5045720077           -5.1771899501     H 
            5.6924530818          -10.4742530762           -1.3342978842     O 
            6.2651684090           -9.4048314837           -2.6985796761     H 
            5.6640237829           -9.4296319980            0.1899092981     H 
            2.1404171224            0.3303450817           12.3918637010     O 
            1.8804570155           -1.4613011443           12.6544767256     H 
            0.4230139062            0.9516203304           12.1327658035     H 
            7.0024405323           -1.9488751801           11.0812572373     O 
            5.7561357750           -1.1039352415           12.0970761138     H 
            7.2621824800           -0.8298662123            9.5771908065     H 
           -2.7586865027            1.2185477152           11.1993244744     O 
           -3.9512490006           -0.1485833106           11.4497709372     H 
           -2.3190727723            1.0983288520            9.4048925816     H 
            3.2665568339            4.4587893442           -6.5574990581     O 
            2.2545828407            5.1996106858           -5.1914405765     H 
            3.7134737284            2.7295836956           -6.0623252715     H 
            0.0575642425           11.4318903649           -3.6599379881     O 
           -1.3552973057           12.1709551214           -4.6018295045     H 
            0.1464156937           12.2944683628           -2.0371766827     H 
           -4.8156795330           -9.0993372081           -0.7467211722     O 
           -4.3679135472           -9.4966613170            0.9757322796     H 
           -3.7169699648           -7.6407506088           -1.1651702537     H 
          -11.5393031214            0.2965200134            4.3663139253     O 
          -11.8375749939           -0.8417845669            2.9427631475     H 
          -12.6428327385           -0.2609099953            5.7130626394     H 
           17.8825989970            5.1120517422           -1.6161374257     O 
           16.6941606695            4.3657028029           -0.4273025107     H 
           19.0879673444            3.7742610610           -1.9875475379     H 
           -4.5695938168            0.6537884905          -11.9593407944     O 
           -4.9627487506            0.3613871989          -10.1688497187     H 
           -5.5423306856           -0.6556736559          -12.8128786398     H 
          -14.9307770920            9.7968846386           -0.2471089168     O 
          -16.2919378346            8.8075291402           -0.9666728572     H 
          -15.2084283429            9.8201813305            1.5681783730     H 
           -0.0424254056            7.7405797800           12.5007038059     O 
           -0.1681924979            7.0054059105           10.8046889481     H 
            1.3951037677            6.9331929772           13.2652097870     H 
          -17.4223887264            3.4548161546           -5.4517552616     O 
          -18.1710929767            4.8879302860           -4.5837867752     H 
          -16.6809238260            2.4080601311           -4.1243990539     H 
           -1.8353006832            0.0553554266            6.3932223112     O 
           -3.6206539718           -0.2684464850            6.1242129764     H 
           -1.3977279865            1.2401641573            5.0738591925     H 
           11.9718489500           -3.0640938815           10.8585776738     O 
           12.0437729877           -4.8662836787           10.6122345716     H 
           10.2067207880           -2.6809350770           11.2411422479     H 
           22.4414068734            2.9378321548            2.5042231711     O 
           21.1231394004            4.0638388416            3.1068346881     H 
           22.2116157588            2.7391617911            0.7089740166     H 
          -21.7034830650           -1.9373532145            5.5281057686     O 
          -20.8474405187           -0.6689647450            6.5260067693     H 
          -20.7295145634           -3.4654850087            5.7650330502     H 
           -0.2001557894           -0.8028871636          -14.1185352923     O 
           -1.6863088854           -0.1633388192          -13.1978761729     H 
            0.2276549232            0.5542808378          -15.2539025931     H 
           -0.9633171732           -9.1014077154            2.7475728692     O 
           -0.1733527529           -7.5282136530            3.2511311522     H 
           -0.2585993654           -9.4973069241            1.0785463158     H 
            9.4989110237           12.2172220819           -4.0383419150     O 
            9.5624161448           12.5827633687           -2.2344206735     H 
            7.7753624988           12.5155522390           -4.5723119640     H 
           -9.0421741055            4.4727343361            2.7762691588     O 
           -9.6167246425            6.0032663395            3.6112188511     H 
          -10.1203704394            3.1032521528            3.3282155195     H 
          -16.6339843664           -0.6396289259            2.8523420162     O 
          -17.1549506816           -0.2082953506            4.5608094647     H 
          -18.1851406421           -0.7455513750            1.8732659671     H 
           -9.7930625893            8.9593514536           -0.1326971393     O 
          -11.4536417266            9.6624503783            0.1646760467     H 
          -10.1713608098            7.2242490393           -0.6389553289     H 
          -15.1363400633            3.9543563045            1.8810088381     O 
          -13.9282064500            4.2723869973            0.5109216188     H 
          -15.3199170082            2.1000874476            2.0333267006     H 
           14.7844414393            2.8933636156            1.7183971235     O 
           13.5925191468            3.1541351647            3.1354574021     H 
           15.3679507024            1.1417411196            1.9241076419     H 
            9.3967961316            3.3013609555            1.7276820565     O 
           10.2006829337            4.6821961518            0.7983474513     H 
            8.4726730039            4.0333553972            3.1244113022     H 
            7.9573355344           -1.9165238113           -3.6560709976     O 
            9.4069132022           -2.1796652373           -4.7601989084     H 
            8.6241088260           -1.6345869509           -1.9416688682     H 
            0.8466243767           11.5783737782            8.9699621259     O 
            0.3344662737           11.2157106951           10.6822329926     H 
            2.1661383127           10.3361092255            8.6306774242     H 
          -10.9321349872           -0.3447130589           12.0285684377     O 
          -11.0934685234            0.3815783628           13.6756059070     H 
          -10.6375750560            1.0899548161           10.8410685436     H 
           -5.8450429680            3.8371400793           -1.0368141968     O 
           -5.7229395452            5.4010619695           -1.9916730800     H 
           -7.0652316950            4.1302342565            0.3315968810     H 
           12.0068492584           -2.7861000134           -6.6736105614     O 
           11.6592413198           -2.9710074964           -8.4578049098     H 
           12.3740661908           -4.4877667226           -6.0512187495     H 
           -6.2073616992           -7.3557659505            8.7794713235     O 
           -7.6496940581           -8.4735691203            8.8255339729     H 
           -6.1430553456           -6.7049390119            7.0579839617     H 
            6.0710971216            3.7227915153          -12.8018314457     O 
            5.8373948686            5.2499075384          -11.7779585192     H 
            7.8125581721            3.2421359104          -12.5267174304     H 
            4.0760972928           -0.6872492588          -11.1663864025     O 
            4.8373155131            0.8976355437          -11.7382322668     H 
            2.5258168369           -0.8756608895          -12.1502888869     H 
          -14.2385164041           -3.3930829320           -9.4405808815     O 
          -14.2645941460           -5.2079419934           -9.5221633248     H 
          -15.9252564424           -2.8075324641           -8.9412558213     H 
           12.4812595872            1.4593601076           -2.8129048865     O 
           12.9976891498            2.2907118091           -1.2711539697     H 
           12.5956192611           -0.3490446479           -2.4670262108     H 
           10.6560597434          -11.6248372107            0.6523532096     O 
            9.9956923138           -9.9523146339            0.2292133094     H 
            9.5521179570          -12.8124140932           -0.1560844412     H 
          -18.9594504679           -3.4699436839           -2.5537430397     O 
          -18.2107309477           -4.3822837485           -1.1209700632     H 
          -20.2579472890           -2.4363168979           -1.7732659655     H 
           -4.6639388645            5.5517459242           13.2679343952     O 
           -3.1369403035            6.5624649415           13.4210913704     H 
           -4.0823991558            3.9203887894           12.6379994167     H 
           10.3467586812            2.0056228788          -10.4765058931     O 
            9.4554893965            2.1888370764           -8.8471170760     H 
           12.1149335693            2.1951672963          -10.0042705410     H 
           -0.0617754544           13.4472048791            1.0004047487     O 
           -1.8122080287           13.9694919821            0.9917653353     H 
            0.8655954175           14.3692559537            2.3121453696     H 
           10.9258240855           -2.7555969913          -11.8164590895     O 
           11.8126097261           -2.8292536856          -13.3882388397     H 
           10.5268178667           -0.9536043350          -11.4928185491     H 
            1.4325265579           -4.6169142451            2.8143637965     O 
            2.8647672143           -4.5303111111            1.6729228626     H 
            1.9215501618           -3.6781611067            4.3182583343     H 
          -12.5077447153           -2.8086022491            0.5657231029     O 
          -11.7773660049           -3.5500562004           -0.9613074080     H 
          -13.9682356241           -3.8261561663            1.0362402058     H 
          -13.0317100228            5.3610007656           -6.9150561581     O 
          -14.7105056470            4.6057591139           -6.6439284373     H 
          -12.5714870144            4.9485566462           -8.6517211543     H 
            0.8087967763            8.8269733879          -11.5822973604     O 
            2.5554743322            8.7279642846          -11.0699222395     H 
            0.5929926301            7.5039844722          -12.8470792536     H 
           12.0499421920           -1.5776510637            5.9460511510     O 
           12.2194608389           -1.9902402998            7.7322440690     H 
           11.6985554251            0.2183590786            5.8794824997     H 
           20.7573307358            0.9468287025           -2.2779926129     O 
           20.3810878400            0.5198157317           -4.0222173287     H 
           20.6978605371           -0.6334984204           -1.3609799136     H 
            9.5206513005           13.3559644498            1.0512970618     O 
            7.9946566897           12.4114254834            1.6035402802     H 
            9.2433548006           15.0887876495            1.4849342712     H 
           12.5820398282            3.5127956428            6.0595168681     O 
           11.9294973191            5.2135206464            6.3506859957     H 
           14.1035351700            3.3082050570            7.0864465831     H 
           -0.6123454143          -10.5112696568           -6.9807507602     O 
            0.9093574614          -11.4473260064           -7.3762662543     H 
           -1.6484622508          -11.5171134185           -5.8158808168     H 
           12.4899532941           -5.9742180735            3.5261127891     O 
           11.0403663735           -6.2364666921            2.4159261762     H 
           12.3958510643           -4.1974309845            4.0200160064     H 
            3.6860460106          -13.3777766938            5.4675912555     O 
            2.8025668059          -11.8716272496            5.9980150201     H 
            5.4438097011          -13.1122500706            5.8915408837     H 
          -14.9398196087           -9.7779405846            5.5593851378     O 
          -13.3960081359          -10.2205449609            6.4336121492     H 
          -14.6460185424          -10.1179012420            3.7860841843     H 
          -13.9868565488           -2.2676952197            8.3438554928     O 
          -12.7801240125           -3.4558675552            7.5526357149     H 
          -13.1488206782           -1.7355384895            9.8858849819     H 
           -7.6933704220          -11.6003614365            3.5079131269     O 
           -5.9920662985          -12.3201054074            3.8535454657     H 
           -8.4827347967          -12.6364069405            2.2087456209     H 
           -6.9256952394           -3.7098061907          -12.9936996000     O 
           -5.5601071981           -4.7973426893          -13.4932314210     H 
           -7.4432678496           -4.2393121709          -11.3029850858     H 
           14.8235813863           -8.7234478422           -0.4382648160     O 
           14.2426681770           -7.4995273516            0.8030793092     H 
           13.8652621655          -10.2373117207           -0.0678006103     H 
          -11.8709131298            0.0081270097           -6.3551599863     O 
          -13.2029062772            0.1303938297           -5.0893356188     H 
          -12.4638072598           -1.2737028657           -7.5200131941     H 
           -4.0165983907          -12.8769176232           -4.0421439725     O 
           -3.1888762163          -14.1530444549           -3.0279683840     H 
           -4.2824986397          -11.4651031951           -2.8599782126     H 
           18.4138445826           -2.1927349563            7.3917213359     O 
           19.0386364304           -2.6306636190            9.0336262987     H 
           19.9470978796           -2.0072717800            6.2831427380     H 
            3.8118878111          -15.0702686476            0.6565264528     O 
            3.7294441146          -14.6633010442            2.4591984739     H 
            4.6080150047          -13.6327841931           -0.1335703964     H 
           -3.1253811194          -13.2088504264            4.4298261919     O 
           -2.1625362059          -11.7322423256            3.8367004160     H 
           -2.9199047703          -13.0754876716            6.2575442454     H 
           -5.4270187742           -4.9716166857            4.1975602907     O 
           -5.5658151913           -4.8799011023            2.3689424829     H 
           -6.1032051610           -3.3539668073            4.7807732863     H 
           -2.3219891346          -10.9564267571            8.9113749701     O 
           -0.7272367671          -10.2261650724            8.4080733163     H 
           -3.5224714877           -9.5680169603            8.9899450783     H 
           13.2327655034           -3.3379822037           -1.4233060623     O 
           14.6218706142           -3.8300530816           -2.5200126239     H 
           13.9762040801           -2.9188128878            0.2030790660     H 
           10.5768672176            8.1238045613            6.4610725495     O 
            9.0177239254            7.6467133223            5.6323227863     H 
           11.6181045788            8.9188223717            5.1497564185     H 
          -17.8584208348            1.1342987809            7.5664498110     O 
          -16.7137344766           -0.0666403889            8.3317140491     H 
          -16.9049388218            2.7124911567            7.4722995176     H 
           -0.2998223622            9.1679315780            3.7001028321     O 
           -2.1290299387            8.9851789215            3.5645034686     H 
            0.0754891643           10.7280034144            2.7850424744     H 
          -16.6720319741           -5.7173284496            1.2987718556     O 
          -16.1867985198           -7.4678538785            1.2040497131     H 
          -17.1955587084           -5.3897507805            3.0524714375     H 
          -10.1788954779          -10.7097092203            7.6969812760     O 
          -10.0828519706          -12.1788011289            8.7474941618     H 
           -9.2428640630          -11.1138001170            6.1160763333     H 
          -19.1103224273            7.3637268975           -2.4770349811     O 
          -19.7252319527            6.4346066796           -0.9943222146     H 
          -20.4316381091            8.4698637475           -3.0241925282     H 
           12.5617979992           -7.5900428337           -5.0232964878     O 
           10.8028565118           -7.9446431164           -4.7299346440     H 
           13.4316474474           -7.9780170197           -3.4398795137     H 
            2.2721922922           -8.4496943085            7.0804128911     O 
            3.5214420914           -7.9707418518            8.3458707509     H 
            0.9976668952           -7.0969374066            7.0497914243     H 
           -7.6569259511          -11.0354738087           -7.5501759737     O 
           -6.4395273635          -12.1863251733           -6.8207680816     H 
           -6.6466663507           -9.6602987829           -8.2684164849     H 
           -4.9714225309            8.0714342655            1.9614642167     O 
           -6.7086317587            8.6405239299            1.8347543560     H 
           -4.3539606220            8.0642813848            0.2466713381     H 
            8.7917270294            3.0834318294           -5.8113231976     O 
           10.1734861963            2.4513158863           -4.7408134904     H 
            9.1258600698            4.8710008161           -6.0611223122     H 
           -1.6563410149           -5.6167091761          -12.9779242557     O 
           -0.1552372114           -6.6713466263          -12.7419978377     H 
           -1.0959295218           -4.1593364913          -13.9382562371     H 
           -1.1302147524          -14.9912525204           -0.2745841036     O 
            0.6510793319          -15.4290801734            0.0200206810     H 
           -1.8639597881          -14.8111893861            1.3909009253     H 
           19.0410804982           -0.3949116946           -7.0420948472     O 
           20.0725164728           -0.2085642284           -8.5143490966     H 
           17.4373441402            0.5366001585           -7.3675873572     H 
           19.9622130189           -3.8670591455           -0.0836485678     O 
           20.0969784155           -5.5973477352            0.6632656811     H 
           19.1443368101           -4.1812714312           -1.6995510686     H 
          -10.0900282412          -13.5959280905           -0.6011779816     O 
           -9.7382411383          -12.0805833316           -1.6481833477     H 
           -9.4556951875          -15.0207309326           -1.5141210355     H 
          -10.0989799849            8.8537796601            5.3491113101     O 
           -9.2874748550            8.5395927497            6.9588394938     H 
           -9.2330113516           10.3564825784            4.6430320985     H 
          -15.2352139075            0.0614440224           -2.4703957426     O 
          -14.1055979044           -0.6205860314           -1.1604554298     H 
          -16.5712527810           -1.1992343981           -2.6184471030     H 
          -13.8929044761           -9.9790608782            0.2704160485     O 
          -12.4120601783           -8.8866395714            0.6353850696     H 
          -13.1829618918          -11.6271754975           -0.0474114814     H 
          -20.0068134916            4.7235701916            1.7191283975     O 
          -18.1402627069            4.4609624892            1.7919251113     H 
          -20.4941092435            5.3522346909            3.3441703973     H 
            9.8178381318            8.0619215559           -6.9536970381     O 
           11.3910586245            8.3012014177           -7.8187089995     H 
            9.6667885589            9.4876683174           -5.7786883996     H 
           13.0432409520            9.8336715540            2.3445008703     O 
           12.1212646532           11.3914367169            2.0366539254     H 
           12.3621080774            8.6644230678            1.0641892940     H 
            5.7082653761            3.1108326448           -1.7294229091     O 
            7.0705081178            3.0992809457           -0.4721562992     H 
            6.5560363888            2.7484624109           -3.3243618356     H 
          -10.3385435701            3.3150417688            8.7906718505     O 
          -11.9109234354            3.9321612274            8.0626935519     H 
           -9.3314382300            4.7947099821            9.2090096317     H 
           22.2157055772           -1.6961522181            4.4030962712     O 
           22.1032353650           -2.6914724786            2.8850802255     H 
           22.4838643979            0.0610039216            3.8489870887     H 
          -11.2017493807           -4.8956451349           -3.8473565523     O 
          -10.3211198019           -6.4717169226           -3.4228832087     H 
          -12.8904148861           -5.4465063476           -4.3084043751     H 
          -12.5764431642           -8.6432541635           -8.6639408906     O 
          -11.3197933747           -9.9505581874           -8.5029924481     H 
          -13.5867599859           -8.6799885199           -7.1379345620     H 
           -6.7287207296           -0.1233643067           -7.5109543558     O 
           -8.2129207742           -0.9896033940           -8.1226502892     H 
           -7.3082717005            1.5371431414           -6.9247488668     H 
          -11.3020496780           -0.6353344178          -12.6782242682     O 
           -9.8935845860           -1.6994695260          -13.1264789441     H 
          -12.4362045958           -1.6692606056          -11.6648189204     H 
            2.6240511433           -8.0709879448          -11.7207428760     O 
            4.0681038858           -7.0047728812          -11.3346464546     H 
            2.8792753394           -9.6123299372          -10.7866674575     H 
           -3.9894419961           10.9372559384            6.9643298903     O 
           -2.3401561944           11.2991942541            7.6751126908     H 
           -4.9352085543            9.9519116188            8.1798780388     H 
          -14.9171737467           10.0395131956            5.0103979147     O 
          -13.0897939316            9.6343187062            5.1030997141     H 
          -15.0788603959           11.7580738694            5.5487421782     H 
           10.6347338631           -7.6090203307            8.1587377215     O 
           11.8121334006           -7.1233533019            6.8365806947     H 
            9.9581138235           -9.2195531416            7.5341766604     H 
           16.9745158465           -7.0768942473            5.8980338046     O 
           17.4530724393           -5.4407764360            6.5627886142     H 
           15.3877873594           -6.8298332455            5.0239156853     H 
          -11.4081348343            4.2235295449          -11.6871622586     O 
          -11.3199490161            2.3730094861          -11.9522321762     H 
          -12.4702777313            4.8606260624          -13.0043506223     H 
           14.2862279919            5.9961992690           -4.9879917485     O 
           15.7216822597            5.6174323041           -3.8782659873     H 
           14.5058106849            7.7891553101           -5.4284638335     H 
            3.7776043339           -0.4738846363           -6.0922978499     O 
            5.3798956760           -0.9620456505           -5.3328174210     H 
            3.9174448641           -0.7022638977           -7.9167588479     H 
            5.5166574323            7.6303313376           -9.5746790896     O 
            7.1994171331            7.8986877717           -8.8706842560     H 
            4.6985826324            6.4424365493           -8.3932398643     H 
          -21.3285659480           -0.3023111416            0.7284640273     O 
          -21.2731795854            1.5213937925            0.8895999849     H 
          -21.9010904858           -0.9572851092            2.3630573710     H 
           19.5978429761           -8.3916987450            1.7338251818     O 
           18.9476747380           -8.1727337284            3.4510979975     H 
           18.1516400240           -8.9278868141            0.7396645496     H 
           17.2590765699           -4.4422416233           -4.4531711542     O 
           16.7879543622           -5.8642108206           -5.4722373560     H 
           17.8654728266           -3.0995730882           -5.5617621772     H 
            0.9435108585            4.3764239008          -14.2092864128     O 
            2.7574336769            4.2014372643          -14.2228670219     H 
            0.3782582330            3.6466398375          -12.6023669112     H 
            5.7152429154           -6.8917227252           10.5768019572     O 
            7.2873195910           -7.7891668918           10.4712601333     H 
            6.1608732960           -5.1022196258           10.7519031952     H 
            6.1604488876            8.1204176402           -2.0780953991     O 
            5.5283458798            9.0069006506           -3.5680041217     H 
            5.5526841276            6.3694725556           -2.0734834477     H 
          -10.7531321444           -5.4045016252            6.3502583325     O 
          -10.9707483955           -7.0203030168            7.1459476276     H 
          -10.5949922495           -5.7606881698            4.5391429562     H 
           -6.4181860547            5.4004791485          -11.0425352410     O 
           -5.5675339124            3.8762460526          -11.6400397362     H 
           -8.1524233288            5.2634483156          -11.6295436040     H 
           13.3871971420            1.9743195154           12.1089379935     O 
           14.8671973393            2.3614471455           11.1100247352     H 
           13.0907877920            0.1832417612           11.9165984561     H 
           14.6255685265            1.7073437198           -7.7186080260     O 
           13.7000867558            0.3756010016           -6.8417261605     H 
           14.4440090511            3.2254561315           -6.6659064571     H 
           -9.0602626031           -4.7919373690           -8.4828190461     O 
          -10.2027116097           -6.1010708633           -9.0524818206     H 
           -9.5781497172           -4.5077821048           -6.7341550935     H 
          -18.4841505612           -1.4684456377           -7.5078493942     O 
          -18.3349482453            0.3155943804           -7.1379112545     H 
          -18.9002977694           -2.2932747798           -5.9333588913     H 
            2.9133318637           14.4420807786            4.8794755963     O 
            2.1061759356           13.7462042834            6.3637664464     H 
            3.9236747448           13.0943461191            4.1568060394     H 
           -7.5337366715           12.8129614260            3.8370274925     O 
           -6.7835938236           12.9362633370            2.1703790114     H 
           -6.1370672740           12.4424172669            4.9808567090     H 
           -4.9256488646           13.1515565363           -0.7225929805     O 
           -4.6623410955           11.5782306473           -1.6301626436     H 
           -5.6696163556           14.2913706778           -1.9173403787     H 
           14.5562942727           10.9602678588           -5.4218563897     O 
           13.0189924949           11.8492557760           -5.0019915327     H 
           15.6442616750           11.0933175830           -3.9290754200     H 
          -14.7251360697            5.0692988718            6.7088148090     O 
          -15.0903586046            6.8549123105            6.7142589823     H 
          -14.5968493680            4.6403546502            4.8976285103     H 
           11.0187498645            6.9809611433           -1.2140691333     O 
           12.0291265798            6.5570681597           -2.7111451550     H 
            9.3638960251            7.6092986063           -1.7604414770     H 
           17.0085166101            2.6901644840            8.3531969815     O 
           17.9625918920            3.8085127311            7.2589751247     H 
           17.5208801351            0.9668038133            7.9387000214     H 
            0.4054321922            6.4321644035           -3.0000090769     O 
            1.1402694152            6.1302990486           -1.3214498594     H 
            0.2326172149            8.2588557065           -3.2204381609     H 
          -11.7798230349            4.5041361328           -1.8046595657     O 
          -12.3818464792            4.7202698561           -3.5116298665     H 
          -10.9315694055            2.8589960814           -1.7219184073     H 
           17.0704659741           10.3239735179           -1.0045130295     O 
           15.8151361672           10.2648835158            0.3348279798     H 
           17.7035061737            8.6201415104           -1.2049032957     H 
            4.5728965984            4.8685920992           12.4792614853     O 
            3.7773685234            3.2120693217           12.4445573655     H 
            6.3808865434            4.6051773160           12.3410255053     H 
          -17.6736527677           -5.4242972017            6.2174407818     O 
          -16.9411674362           -7.1048662237            6.3592991764     H 
          -16.5086517945           -4.2892172389            7.0636312142     H 
            3.0295709483           -2.5288861974            7.2775164456     O 
            2.6343064216           -3.1403339794            8.9540333525     H 
            4.7685849154           -3.0199949875            6.8890880387     H 
           -9.1469162086           -9.3917089612           -3.1158591599     O 
           -7.5579692551           -9.0647010452           -2.2157795040     H 
           -8.6768885487           -9.9175473200           -4.8398083525     H 
            1.0764298969           -4.6905814156           11.8082688478     O 
           -0.3303701937           -5.1556079403           10.7308216266     H 
            2.1242525038           -6.1565461337           12.0385512733     H 
           18.3064477512            5.6383987993            4.2615029960     O 
           16.9766565493            4.7889627124            3.2877729946     H 
           18.1228529784            7.4160285245            3.9736567766     H 
           -4.1946595285           -7.5849316178           -8.8989238564     O 
           -2.8201636336           -8.6697459271           -8.3221215318     H 
           -3.6062556972           -6.8744364142          -10.4750284442     H 
           -7.0657940891            7.2926186789            9.3125933732     O 
           -6.1485131409            6.2721880294            8.0521976417     H 
           -6.3148406683            6.8101553544           10.9554470215     H 
            4.7368504523            8.1754907350            8.7787206776     O 
            6.2181796538            9.1000349006            9.2597010215     H 
            4.4551088711            6.9118223595           10.1273614751     H 
           -0.6313308617            1.2554122887            1.5721092196     O 
            0.1454268620           -0.3397959145            1.9857619714     H 
           -0.7664437155            1.0887638363           -0.2700022219     H 
           -0.3534477238           -0.9727623537           -2.8055716093     O 
           -1.9197516779           -1.5237996159           -3.5418183679     H 
            0.9576824775           -1.4739129126           -3.9581070556     H 
           13.8701924899            1.9798653645           -9.3201240216     H 
$end
$set
 chrg  1
 ewin_conf 50.0 
$end
