           1           2  0.803274913396869     
           1           3  0.916994376650061     
           4           5  0.915669742822371     
           4           6  0.774281155436745     
           7           8  0.814695175473684     
           7           9  0.793714866280843     
          10          11  0.832835949543805     
          10          12  0.873571090364617     
          13          14  0.862164815796261     
          13          15  0.854342891977527     
          16          17  0.868783847236175     
          16          18  0.811859178990696     
          19          20  0.828271041071353     
          19          21  0.815393862475576     
          22          23  0.842886087677089     
          22          24  0.826551346152804     
          25          26  0.918085233971101     
          25          27  0.841905405266436     
          28          29  0.818958000004706     
          28          30  0.855776989401152     
          31          32  0.828785279621622     
          31          33  0.913415762721667     
          34          35  0.790511556136198     
          34          36  0.907183446485036     
          37          38  0.847877846112717     
          37          39  0.851530995975732     
          40          41  0.847515493052310     
          40          42  0.860729453120817     
          43          44  0.846122072597992     
          43          45  0.809456741679163     
           6          46  0.104504034459561     
          46          47  0.885581536660632     
          46          48  0.813712581968921     
          49          50  0.853635663677855     
          49          51  0.859641816942120     
          52          53  0.881766480885280     
          52          54  0.867904725328964     
          55          56  0.809045211386172     
          55          57  0.881760544606673     
          58          59  0.850858565283957     
          58          60  0.828195880778834     
          55          62  0.104894603035247     
          61          62  0.772797615264208     
          61          63  0.914304889323665     
          64          65  0.833066124317263     
          64          66  0.904383298795809     
          67          68  0.815535712660298     
          67          69  0.921548998603621     
           7          71  0.106288429536833     
          70          71  0.768030636379282     
          70          72  0.914791344852861     
          73          74  0.870986248646353     
          73          75  0.872519978300752     
