$coord
           -3.4463988534           -3.1432129837           -3.4824336465     O 
           -4.9092483999           -2.0297398862           -3.7126980413     H 
           -3.9822678607           -4.6726114323           -2.5842994213     H 
            5.2342139753           -6.2810539843            3.9189932534     O 
            4.7547564495           -7.3984592622            5.3048916650     H 
            4.7284500173           -4.5692129282            4.3539606441     H 
            4.3292077987           -1.2517743433            4.9941707816     O 
            3.8317696609           -1.1097930425            6.7621142154     H 
            3.7286292081            0.3464907356            4.3137828022     H 
            2.3433396178           -5.9396145826           -6.0128895431     O 
            1.6072338806           -5.9749612056           -7.6773007895     H 
            3.4909200684           -7.3949965579           -5.8708368007     H 
           -7.7173585435           -1.6409838064            7.5845897787     O 
           -8.3892311680           -1.7504578753            9.3047603845     H 
           -9.0521577469           -0.9448483043            6.5533697013     H 
            5.4168608732           -9.6417337614           -4.7429204433     O 
            5.2082044606           -9.5684218118           -2.9077022586     H 
            7.1714140196           -9.1476897800           -5.0750757172     H 
            0.8869188595           -5.1400533763            7.3067451825     O 
           -0.3821836904           -3.8147385438            7.6403932448     H 
            2.4373741670           -4.6299475852            8.1702691142     H 
            7.7576181225          -13.3279823993            1.6349203615     O 
            8.9417235691          -13.0029452522            0.2558108935     H 
            8.6936655158          -13.0388839178            3.1599154858     H 
           -8.8689583402           -4.8452777799           -1.3154718721     O 
           -7.5157785010           -5.9875408512           -0.8576938287     H 
           -8.9586643574           -4.9246298683           -3.1508833418     H 
           -0.6691115431            3.9731377303            8.2550571570     O 
           -2.3357248218            3.5256326158            7.6213420391     H 
           -0.9231046614            5.1525795371            9.6462972768     H 
           -7.2895883444            0.0006435509           -4.4168151719     O 
           -7.8171870747           -0.2738828755           -6.1498533603     H 
           -6.9226172362            1.7966249776           -4.2822420022     H 
            6.1696797128           10.5374176398            4.0231392256     O 
            7.6277730060           11.1861828193            3.0725997000     H 
            6.8652933588           10.0460511737            5.6779607019     H 
            2.8536895461            3.6675843316            4.5830169312     O 
            1.5220889112            3.7709846236            5.8476524806     H 
            2.2320112903            4.6732821713            3.1773203771     H 
           -5.4102364988            2.9092713855            6.9495456451     O 
           -6.2197320847            1.2442175461            6.9835216226     H 
           -6.1380887531            3.8923556566            5.5941660902     H 
           -2.0471050973            6.7081581981           -9.1346620259     O 
           -1.2868200835            6.7246413774          -10.8195888247     H 
           -0.8772671093            5.7655965048           -8.0828051128     H 
           -3.4237611087           11.6361578043           -8.1571626634     O 
           -2.9263711487            9.9025763301           -8.5233786975     H 
           -5.0993117775           11.5544918191           -7.4233837089     H 
           -7.5248523100            5.1842345089           -4.0346513269     O 
           -7.4421778324            5.8097460719           -5.8088625218     H 
           -6.1429560087            6.0685180013           -3.1884055195     H 
           -0.2491312040           -0.9611458839           -7.7799166166     O 
            0.0718920550           -2.1947051704           -9.0793597025     H 
           -1.9660662484           -0.3073024432           -8.0426301665     H 
            7.2803566157            4.2411781084            6.6518989975     O 
            7.5713156074            2.5988133850            7.4613016767     H 
            5.5113083094            4.2601956885            6.0720969081     H 
            9.8242333355           -7.5543325203            1.9942324959     O 
            8.2713837673           -7.0274027695            2.8401636306     H 
           10.5243605362           -6.0173218263            1.2101352250     H 
           -7.7977614639           11.2824369927           -5.2920645010     O 
           -8.7950193102           12.3658164620           -4.2161784718     H 
           -9.0248699661           10.2331311463           -6.1833078464     H 
            1.9591759115            3.5448707484           -7.6220322570     O 
            2.8917359833            3.5401219238           -5.9991833086     H 
            1.1301720257            1.8766329946           -7.6571165932     H 
            8.4268974810            8.9741528665            8.2052864834     O 
           10.1236827000            9.3785974269            7.6474882517     H 
            8.2334616221            7.1490866259            7.9715071205     H 
           16.3411103831           -3.7103597919            2.8776416728     O 
           17.0675093986           -3.1445933950            4.5019162078     H 
           17.7173976675           -4.5335872413            1.9616233645     H 
          -10.8359016202            0.3515642286           -0.8323186669     O 
           -9.7437719518            0.1309935875           -2.2947166401     H 
          -12.2349000970           -0.8213825471           -1.0580039386     H 
            2.1699876489           -4.8280304908           -0.9503182692     O 
            3.8524358639           -4.1583130131           -0.7065275112     H 
            1.9936170337           -5.2797632020           -2.7121320155     H 
           -5.2316403112           -4.0271434719           12.9635470060     O 
           -6.9335026086           -3.4070261046           13.2035604107     H 
           -5.2456362872           -4.8578773156           11.3154142429     H 
           -7.2012020099            6.7981665971           -8.6213750340     O 
           -5.3945317620            6.7490306154           -8.9392060575     H 
           -7.9825004844            5.5104791013           -9.7050527515     H 
          -11.9955624796            8.7974909413           -7.0684234527     O 
          -12.0015399624            7.0486833805           -6.5174490597     H 
          -12.0768614175            8.7450843201           -8.8749929708     H 
           10.3080770451            2.4190994874           12.1658204389     O 
            8.6329136097            3.0640726960           12.5523485013     H 
           11.1371934676            3.7374352677           11.1872880106     H 
            8.4246562231           -6.2945321691           -9.9925679528     O 
            7.2070262004           -7.6116025528          -10.3898790235     H 
            7.4970140442           -4.7398868243          -10.2121756642     H 
          -18.2895066702           -7.2366810227           -3.7025119609     O 
          -18.0053781621           -8.5332366948           -2.4527918932     H 
          -19.5789065628           -6.1396491968           -3.0552843737     H 
           -2.2570978441            4.1676029185           -4.2052510422     O 
           -3.1500202751            3.9709566551           -2.5975072846     H 
           -1.1773236996            5.6480177461           -4.0266546168     H 
           -0.0543918571           -9.9610461092           -1.7804662011     O 
            1.5923133874           -9.5564342780           -1.0622220932     H 
           -0.0171025533           -9.5953363245           -3.5863959339     H 
            2.5000567872            0.2697146289            9.4257583421     O 
            1.1558373183            1.4794260262            9.0358258887     H 
            1.9895536603           -0.6610833481           10.9247983676     H 
            2.6956212472          -13.4757942002           -6.6721238394     O 
            3.9425893675          -12.3131167133           -5.9594475486     H 
            2.0834217799          -14.4721086246           -5.2593594368     H 
            9.2061462448           -2.6839576825            3.9819426417     O 
            7.6972215469           -1.9588951532            4.7493314637     H 
           10.5168206793           -1.3816634301            4.0485547238     H 
          -11.8185016610           -5.2220802423            2.8888898100     O 
          -12.8169579721           -3.6809630835            3.0610186037     H 
          -10.9115252812           -5.0923152835            1.2967321515     H 
            6.8599558507           -2.3206409718           -0.6150041287     O 
            7.7262215470           -3.0176702234            0.8567882229     H 
            6.6915266788           -0.5403563834           -0.1408280250     H 
            4.4665660956           12.4100707426           -6.9113185096     O 
            4.0798684167           11.2740140464           -8.2927934594     H 
            2.8612007530           12.7997117325           -6.1089451467     H 
            4.5850313989           -9.5159210560            0.1685794762     O 
            5.5728385732          -10.9125963996            0.8326306796     H 
            4.6740528302           -8.1522644503            1.4120368203     H 
            2.1109993409           -2.3801290596           13.7542855598     O 
            0.9957792306           -3.8397209139           14.1347829506     H 
            1.8230349237           -1.1255032648           15.0295460349     H 
            8.2564931416           -0.3317470601            8.5085936263     O 
            7.0740755782           -1.6026980704            9.1003180388     H 
            9.0849184122            0.3741779480            9.9979288222     H 
           -3.2760225273            0.7372689586           12.3389693465     O 
           -2.8370297611            0.2189067151           10.6230815631     H 
           -3.9293005709           -0.8098540506           13.0763937759     H 
            6.1000942663            8.3105097848           -4.3449182085     O 
            5.8666232939           10.0002807528           -5.0568580258     H 
            7.3238757370            7.4535399992           -5.3957777668     H 
           -0.1820980011           12.7922471818           -4.6724476946     O 
           -0.9270384238           13.8067111113           -3.3738777439     H 
           -1.4499390216           12.5515991723           -6.0404705111     H 
           -4.5257402450           -7.6172353345           -1.5807544005     O 
           -2.8725696613           -8.2509228433           -1.0867810873     H 
           -5.0325197579           -8.7412848731           -2.9520357188     H 
           -9.7180511940            1.4803627811            4.0637326553     O 
           -8.6554885781            0.4286860303            2.9434234239     H 
           -9.3613848205            3.2149670375            3.6618453006     H 
           17.3613635926            4.6210032287           -3.7477552913     O 
           19.1645632928            4.5277814838           -3.5099637413     H 
           16.6556765483            3.4626301741           -2.5087918391     H 
           -4.5291893480            3.6260989660          -13.2129474757     O 
           -6.3608739446            3.5841105555          -13.1336411421     H 
           -4.0161120860            5.1982515594          -13.9540829946     H 
          -14.9775447696            8.2135442328           -2.6620759626     O 
          -14.4216549203            9.2457840275           -4.0545802752     H 
          -14.3916542926            6.5081184101           -3.0643651664     H 
            0.6041249926            3.1833055682           14.5544662416     O 
           -0.7594517414            2.1819193943           13.7968681179     H 
            0.0359046462            4.8994463579           14.3608326779     H 
          -18.0254071503            3.8434549754           -4.9453051877     O 
          -18.2601661545            4.7195350634           -6.5116682045     H 
          -18.9281728036            4.7546561179           -3.6508388021     H 
           -2.5552510915           -1.6615002291            7.8685573295     O 
           -4.2819025799           -2.2596356890            7.7687206510     H 
           -2.2578099412           -0.6439158021            6.3485094067     H 
           13.9933035104           -0.8428002921            9.1240312974     O 
           13.1549888591            0.1998394372           10.3553169103     H 
           12.9542704482           -2.3563478572            8.9173145516     H 
           19.1984434254            4.9675343092            2.3784184536     O 
           18.4092499872            6.6962687641            2.3619484781     H 
           20.4292100991            4.9909860514            1.0257190213     H 
          -19.5405775649            2.2584682671            5.9329824825     O 
          -18.3040920653            1.5729120991            7.1058231862     H 
          -20.8434946823            0.9501080829            5.7503891426     H 
           -1.0434218016           -0.2780905994          -13.2937797885     O 
           -2.2203983539            1.1097011703          -13.5035011074     H 
            0.5948735658            0.4954801042          -13.1131370180     H 
           -5.3960408316           -5.9666903566            3.4701797156     O 
           -5.4712337206           -5.9989884161            5.3154598943     H 
           -3.6308008863           -6.2839036509            3.0318405126     H 
            7.6768429974           13.6216915268           -2.9864953228     O 
            6.1522718850           13.0354850259           -2.1228051173     H 
            7.0661768104           14.3217748811           -4.5474138811     H 
          -10.1606516348            7.7467619240           -0.4127320983     O 
          -11.6134078687            6.6842559437            0.0040738529     H 
           -9.3382106629            6.9320710837           -1.8444464934     H 
          -14.0970794832           -0.7895491775            3.7385467352     O 
          -12.5515523384            0.2470683459            3.6644415361     H 
          -15.1066743325           -0.4008344884            2.2659909952     H 
          -10.8876383294           12.6649117866           -1.2545140205     O 
          -10.8876054445           10.8087837941           -1.0962206074     H 
          -12.3816919353           13.2075570677           -0.3802281956     H 
          -13.3779076051            4.1789943434            0.8603637089     O 
          -12.3229356577            2.7970660024            0.1608894356     H 
          -15.1028339784            3.5399618530            0.8001042972     H 
           16.4950352082            1.2233490158            0.2959487938     O 
           17.3085464383            2.6328657254            1.1699968219     H 
           17.8036560326           -0.0323841966            0.0230569554     H 
            7.0375334140            2.2376917606            1.5673358165     O 
            6.4185753683            3.9339738456            1.1141589544     H 
            7.0402112757            2.1910040535            3.3850962076     H 
           10.1148719389           -2.9897741284           -4.6354514364     O 
            9.4447190149           -1.9739290328           -6.0354642749     H 
            9.0845852711           -2.6734290047           -3.1456782379     H 
           -1.2551318012            7.5893348378           11.8416396409     O 
           -2.5239532026            8.7874011858           11.3410383789     H 
            0.3957325392            8.2962246932           11.4633772834     H 
           -9.8586505352           -1.7307187497           12.2038559764     O 
          -10.5352361829           -0.0526488549           11.9791438035     H 
          -11.3106183367           -2.8834776674           12.0665439424     H 
           -4.6249654373            2.9965566069            0.0448005521     O 
           -5.5308019942            4.2432202871            1.0579025576     H 
           -5.4970012391            1.3905769670            0.2191569572     H 
           13.4986581118           -4.2683251584           -8.6691759022     O 
           11.9916122826           -4.9472093172           -9.4318822948     H 
           13.7300844802           -5.1446137351           -7.0855316778     H 
           -5.6354617780           -6.5883559182            8.4936870626     O 
           -7.4866892442           -6.5992910606            8.3849788617     H 
           -5.0943612995           -8.3390877760            8.4634527761     H 
            9.7098739269            0.1230581590          -12.9620068691     O 
            9.3541029017            1.8654202601          -13.3809559513     H 
           11.5468813671            0.0399605867          -12.6389018959     H 
            5.3183401660           -2.2871818519          -11.8879379588     O 
            6.7957482132           -2.1504536108          -12.9512040584     H 
            4.5798077920           -0.5898127850          -11.9305184134     H 
          -16.1409621782           -0.9771190824           -9.5749216455     O 
          -15.3576516686           -2.4873232123          -10.2393392246     H 
          -17.3207815209           -1.4961668937           -8.2744607716     H 
           11.3595453848            1.1668675910           -0.6242304184     O 
           10.0165299036            1.7195822954            0.5094337483     H 
           11.5501839406           -0.6432002044           -0.3440925166     H 
           11.1410223264          -11.0270104605           -1.4584926799     O 
           10.5891307436           -9.7050542504           -0.2852358703     H 
           10.9313827607          -10.2850809598           -3.1220425367     H 
          -20.7186644131           -2.1551903188           -0.2035600165     O 
          -19.7700297309           -0.6206748236            0.2158222776     H 
          -19.6986753172           -3.5300621034            0.4794610804     H 
           -6.9636610243            4.6667083858           11.3146981745     O 
           -5.9276898990            3.8001080080           12.5361792583     H 
           -6.3386324169            4.0153331044            9.6805645188     H 
            8.4359406205            0.2297434329           -8.0909192135     O 
            8.8210383114            0.1026264577           -9.9032562852     H 
            6.6758606456           -0.2111851533           -7.8026316630     H 
           -1.5363616834           11.8770477399            0.7550143857     O 
           -2.0267018507           11.2463816722            2.3987351146     H 
           -2.3054065772           10.6989879584           -0.4367012029     H 
           14.3801009590            0.1826397189          -11.2266530397     O 
           14.2591533897           -1.3602313591          -10.2384473256     H 
           14.1779891662            1.5813799348          -10.0546700478     H 
           -0.4855571978           -6.9338408878            2.7803726606     O 
            0.5166169455           -6.2076007508            1.4085372427     H 
            0.2229301327           -6.3325359434            4.3738757355     H 
          -17.5578648206           -5.6089554126            1.8572924496     O 
          -17.1330966658           -7.3638106452            1.4403810045     H 
          -17.6124013838           -5.4575892110            3.6822409066     H 
          -14.1827299440            3.9320029591           -9.6852556818     O 
          -13.8661461432            3.9272310603           -7.8770565462     H 
          -15.0765138315            2.3725528699          -10.0204987856     H 
            4.1584654174            7.9684891618           -9.7261092534     O 
            5.9263504894            7.7137593817           -9.3544083043     H 
            3.2599476888            6.7327763410           -8.7207573982     H 
           13.0495335162            0.6139117399            4.2730920953     O 
           13.7440267838            0.3603457029            5.9596979445     H 
           14.3877937049            0.5010179169            3.0219847691     H 
           22.1255354996            3.3041768118           -1.6855046171     O 
           21.8415886879            1.5001639630           -1.4747996514     H 
           23.8508098063            3.5179704220           -2.1821067576     H 
            3.5464533829           12.0002336892           -0.3343711102     O 
            4.2282696656           11.8877626533            1.3463990106     H 
            1.7256531233           12.1218030620           -0.1268418605     H 
           11.1409975058            5.1830749985            3.5857465769     O 
            9.6786594422            4.9938050726            4.7072456827     H 
           12.0717106508            3.5950778488            3.7914478330     H 
           -0.9485070351          -10.0775250327           -6.8457537444     O 
            0.2943074865          -11.4415315042           -7.0666815828     H 
           -2.5272509015          -10.8747783985           -6.3568456632     H 
           14.1523633697           -7.9355775755            4.5126502590     O 
           12.4952267854           -8.0436162244            3.6813125022     H 
           14.8877400724           -6.3283086906            3.9233752750     H 
            2.9240781399          -13.6926273697            3.9343795499     O 
            3.4509801273          -12.4882322623            5.2231175984     H 
            4.4302274395          -14.0874499730            2.9934623215     H 
          -16.1528160590          -10.2219209474            0.3586399992     O 
          -15.5318521138          -10.8858887447            1.9466939594     H 
          -14.6058347447           -9.9445168832           -0.6258441619     H 
          -13.8124380137           -4.4963504159           10.8015560206     O 
          -12.7458623050           -5.3638728174            9.5710711896     H 
          -14.5325650326           -3.0280006503            9.9606977354     H 
           -3.8948172639          -11.4238628604            7.7098597183     O 
           -3.1536456183          -11.5708648199            5.9951056737     H 
           -4.6685143604          -13.0122158301            8.0859069991     H 
           -3.3297497791           -5.6996391774           -7.7073702279     O 
           -2.3046183324           -7.2091391905           -7.5316777444     H 
           -2.8970732174           -4.5687579497           -6.2922331553     H 
           15.9558785043           -9.7224413209           -0.1640534323     O 
           15.5564456175           -9.3908553623            1.5993888023     H 
           14.4941034437          -10.6513164402           -0.7964181380     H 
          -12.5801421390           -0.7294978257           -5.8053778687     O 
          -12.8615097278           -2.3884665772           -5.0723095803     H 
          -13.7140673392           -0.6532157850           -7.2419016284     H 
           -5.4413878285          -11.4037583421           -4.8461920386     O 
           -7.1456632052          -11.4828667904           -5.5038007389     H 
           -5.3104148854          -12.4909614398           -3.3574833941     H 
           18.4584600655           -2.5009516135            7.1817003127     O 
           19.6223765794           -1.2361964754            6.5197297204     H 
           17.1514488873           -1.6388132141            8.1442643030     H 
            0.5967794451          -14.9500795242           -1.9999215174     O 
            1.5433704702          -15.4483775561           -0.5392819637     H 
            0.2741069391          -13.1230545993           -1.8064060784     H 
           -1.7144575423          -11.7365388755            3.2301078640     O 
           -1.2328980758           -9.9691144699            2.8943531132     H 
           -0.1148978206          -12.6336020456            3.4202736070     H 
           -6.6025224357           -1.4505966154            1.5469129635     O 
           -7.6837089929           -2.2076624553            0.2562575435     H 
           -6.0763943109           -2.8980506995            2.5658454779     H 
            0.1316892922           -9.1543000310           10.1002668864     O 
           -1.2870047993          -10.1361897544            9.4846839411     H 
            0.1360628582           -7.5861627595            9.0854698647     H 
           12.3365647284           -3.7801580822           -0.1018706384     O 
           13.1368286109           -4.5203726071           -1.6049299367     H 
           13.7035143727           -3.5187979631            1.0988072586     H 
           12.7888892119            9.6292636515            5.1772740146     O 
           12.2972278469            7.9313927299            4.5773960567     H 
           12.0149089832           10.7936430742            3.9972112717     H 
          -15.6362957677           -0.2386143176            8.3763242789     O 
          -14.4626470527            0.9075175742            9.1924658849     H 
          -15.0041751622           -0.4005564712            6.6215980579     H 
            0.1269183674            6.3364988048            1.1298751874     O 
            0.2339276533            7.6369782454            2.3941758763     H 
            0.5061809604            7.1188075833           -0.4932266757     H 
          -22.3022633195           -1.8339132900            4.8715136690     O 
          -22.2557751059           -2.0066429937            3.0446717414     H 
          -21.3051845826           -3.2020379423            5.5516699185     H 
          -12.6537813802          -10.1107686237            4.2060553532     O 
          -11.0875193927          -10.7407336736            3.5066111630     H 
          -12.7324709932           -8.3806954847            3.5598183380     H 
          -19.3160577456            6.6546334943           -0.4326082249     O 
          -19.1391024102            7.0735377951            1.3519150054     H 
          -17.8958728535            7.4893582014           -1.2512343877     H 
           10.0578894250           -7.9794691939           -5.5020566615     O 
            9.7875594314           -7.7749831523           -7.3087791892     H 
           10.2320777106           -6.2373807094           -4.8995459128     H 
            4.3381365346          -10.0085699533            7.3403311537     O 
            5.8061076343           -9.7530777231            8.3994737393     H 
            2.8685756100           -9.8627004584            8.4635551683     H 
           -8.3643263802           -7.5518772674          -11.5365351155     O 
           -7.2996501756           -8.7513645004          -10.6928476052     H 
           -7.2615943593           -6.2122439560          -12.1184303460     H 
           -7.0165180979            6.0969144345            3.1519880544     O 
           -5.7463621366            7.3288176259            3.7096676446     H 
           -8.2012339432            7.0151846476            2.0637913808     H 
            9.1523858230            3.4977652195           -4.3524224892     O 
           10.0824682259            2.4564841269           -3.1261085185     H 
            9.0972840898            2.5353154705           -5.9202369595     H 
            1.1511919773           -5.0491154539          -11.1469986618     O 
            2.7540326449           -4.1974991930          -11.5063309608     H 
            0.0421808862           -4.6136589172          -12.5143749748     H 
           -4.4611150627          -13.8391417288           -0.4839536121     O 
           -3.3069720606          -15.0595235273           -1.1906536668     H 
           -3.4530816466          -12.9902495032            0.8251623027     H 
           18.4384617370           -2.5172929819           -5.4552627048     O 
           18.7182133361           -2.6822399961           -7.2352856614     H 
           16.9004998149           -1.4550113272           -5.2703789898     H 
           20.6844530816           -1.7009246382           -0.9858551675     O 
           20.8986010835           -3.4048131235           -0.3373783932     H 
           20.0917659846           -1.9507245313           -2.7186168943     H 
           -8.0446393666          -10.0925014308            1.7195855820     O 
           -7.0716968777           -8.6198577989            2.2893268152     H 
           -6.8608340485          -11.3164679299            1.0869589818     H 
          -10.5416357974           10.0418515242            5.3425115397     O 
           -9.0892417195           10.4805925066            4.3078339950     H 
          -11.9967841470           10.5823296330            4.3579819613     H 
          -14.9951106930           -2.3749292694           -1.1718936277     O 
          -16.1141918755           -2.0648184603           -2.5969150583     H 
          -15.7179174954           -3.7379933406           -0.1840071503     H 
          -11.6807445108           -9.3718861604           -1.8685780627     O 
          -10.3403129592           -9.5345557564           -0.6078451684     H 
          -11.1165568458          -10.1873257447           -3.4055613990     H 
          -17.8586454359            7.0898845183            4.5776625294     O 
          -16.1823322618            6.5740837989            5.1711604248     H 
          -18.9899842174            5.8741276897            5.3319052051     H 
            9.4024397721            6.9492429675           -8.4028681325     O 
           10.1082549197            8.5527058629           -7.7806985914     H 
           10.7297343720            5.7192822906           -8.0296165158     H 
           10.1221489553           11.7317367209            1.1688774990     O 
            9.6682673991           12.9766138655           -0.0843053878     H 
           10.2384491618           10.1410808970            0.2333832867     H 
            4.2967533170            3.3011139502           -3.2902838410     O 
            3.9494391384            4.5690146599           -2.0382750141     H 
            6.1065110657            3.4208530523           -3.6619725961     H 
          -11.5644359716            2.7230133338            9.7497636626     O 
          -10.1545936600            3.6098531666           10.5211542214     H 
          -12.0246383469            3.7354083607            8.2784862035     H 
           21.4197967862            0.4882326049            4.2329315971     O 
           21.6359549016           -0.4396295856            2.6863023764     H 
           20.8708671654            2.1649967759            3.7602482285     H 
          -13.5876127901           -5.7564802924           -5.1120049340     O 
          -12.7282669843           -6.7074246892           -3.7996121317     H 
          -15.3749568407           -6.1031949071           -4.8438411159     H 
          -12.5669481553           -4.7977552985          -10.0553549684     O 
          -11.3929851935           -6.0103208381          -10.7657738331     H 
          -12.8868730359           -5.3129153949           -8.3075353187     H 
           -4.3908432375            1.7095274871           -8.2811253813     O 
           -4.2506662675            2.5450665278           -9.8968968374     H 
           -3.7960786121            2.8739612921           -6.9929521063     H 
           -8.7902339394           -1.4178563869           -9.3948641896     O 
           -7.3924366733           -2.0354814037          -10.4446805503     H 
          -10.3206547052           -2.3215784975           -9.9054569956     H 
            4.3252383260           -9.4045441123          -10.5544058974     O 
            3.7999426585          -10.9637886983           -9.7886191285     H 
            2.8350343811           -8.3962024071          -10.8573220561     H 
           -3.5552342419            9.2699856020            5.0628650502     O 
           -1.8282967127            8.8524504103            5.5217549601     H 
           -4.4766193400            9.4663957554            6.6521368857     H 
          -14.6522449546           10.6532916201            2.0985332728     O 
          -16.0135513971           10.0057284480            3.1203426583     H 
          -14.7072359530            9.6902734069            0.5373607968     H 
           11.3731896038           -5.1368352969            7.8389611046     O 
           10.3900712714           -4.2674466136            6.5036717470     H 
           12.5500813682           -6.2399724421            6.9509997357     H 
           19.6187001790           -7.4941272794            5.8300767452     O 
           19.5138285950           -5.8820760773            6.6929543235     H 
           17.9820236174           -8.2692743475            5.9982264262     H 
           -9.4109943230            3.2345293360          -11.3802439360     O 
           -9.0987797582            1.6003498040          -10.5597064768     H 
          -11.2054704208            3.5747912852          -11.0885519998     H 
           13.5619839040            3.9320693367           -7.5912066788     O 
           13.5956665003            2.4940627095           -6.4196859602     H 
           14.9593663367            4.9643310083           -7.0617451681     H 
            4.5258745100           -1.5274006978           -5.4166346145     O 
            5.4463752354           -1.8240845691           -3.8751427563     H 
            3.7168776820           -3.1297084145           -5.8791601017     H 
            8.0607977062            5.1179331909          -12.9558984598     O 
            8.6759837401            5.7885956859          -11.3363373092     H 
            8.2191905482            6.4492377662          -14.1681452671     H 
          -18.0227492262            2.0096200351            1.1637303389     O 
          -18.5130781619            2.1240949787            2.9635708885     H 
          -18.7996749220            3.4837026532            0.3721191767     H 
           20.0821620426           -6.5048005041            0.8922196678     O 
           20.3852213549           -7.0336850703            2.6460542877     H 
           19.1917673936           -7.8962607121            0.1147849190     H 
           15.0485098097           -6.0056134776           -3.6709909808     O 
           15.5739107914           -7.4341327392           -2.6400642994     H 
           16.5535317988           -5.0816408067           -4.1677924295     H 
            3.6227116859            2.5035441389          -12.1838947849     O 
            5.1919172519            3.3931181389          -12.5510493174     H 
            3.1798435445            2.9448609885          -10.4207416401     H 
            8.3195854897           -8.2401860190           10.2465876459     O 
            9.5214809113           -7.1104865013            9.3522161767     H 
            9.1308559778           -8.7775489225           11.7692643705     H 
            5.4332200979            6.8031532661            0.5417752824     O 
            5.6177146327            8.0048913719            1.9188940075     H 
            5.9279576063            7.6892154323           -0.9882223921     H 
          -10.5732823623           -6.7269156772            7.5058486600     O 
          -11.2534076266           -8.3773288748            7.0915020523     H 
          -10.6714849332           -5.8101660028            5.8939749221     H 
            0.5918908535            6.5909136262          -13.4473598098     O 
            1.4708196641            4.9771475105          -13.4073198227     H 
            1.8034873823            7.7895795462          -12.7948842203     H 
           12.9071995204            5.4580729684            8.8973585653     O 
           13.4003131166            7.1867884708            8.6725464033     H 
           14.2611992454            4.4448916654            8.1805284751     H 
           14.2392121052           -0.0780472218           -4.5862103776     O 
           12.8846643894           -1.3395592280           -4.7510646151     H 
           14.1791121616            0.4897283710           -2.8456835154     H 
           -8.1682388100           -5.5891924215           -6.2816694355     O 
           -6.3921606272           -5.8079356029           -6.7609942103     H 
           -8.7171204205           -4.0636135640           -7.1416367878     H 
          -18.4676969135           -1.2838395805           -4.8392142004     O 
          -18.2762905078            0.5482374944           -4.8654327435     H 
          -19.7771995947           -1.6299053684           -3.6012868801     H 
            1.4847405826            8.8781587068            5.6687426453     O 
            2.9002818940            9.7854223137            4.9666792437     H 
            2.0781659879            8.2968854966            7.3154906057     H 
           -7.0320808317           11.6963623817            1.8562196716     O 
           -5.7651662902           12.9379195599            2.2180126884     H 
           -8.3160578828           12.4598871630            0.7641337920     H 
           -4.7942259526            8.9107260503           -1.9327696634     O 
           -5.5891446180            9.8374915800           -3.3176061092     H 
           -5.7093159908            9.4506164286           -0.4324772695     H 
           11.2841595644           10.8633218306           -5.8795597683     O 
           10.1183307472           11.7814858241           -4.8037168222     H 
           12.7698329053           10.5229466325           -4.8632401288     H 
          -13.0345551239            5.5814688927            5.7088426334     O 
          -12.0110764429            7.1143748429            5.7276184162     H 
          -13.0090093569            4.9518954548            3.9655533768     H 
           10.6314796533            7.1555990624           -0.9935067062     O 
            9.9606307894            6.0599223207           -2.2970741390     H 
           10.7690839090            6.1698978320            0.5669186917     H 
           17.1335951770            3.1871028723            6.9140385957     O 
           18.4707022639            3.2769280080            8.1280404589     H 
           17.7345973366            4.0072853832            5.3957130065     H 
            1.0257250111            7.9793404101           -3.6399970656     O 
            2.8439319360            7.9539219478           -3.9173760159     H 
            0.5152583199            9.7311730549           -3.9098638677     H 
          -12.4770511322            4.0840235414           -4.6575857870     O 
          -12.7767680900            2.2511831325           -4.7241915106     H 
          -10.6966972266            4.2143331295           -4.2390909989     H 
           15.0009512956            9.0331673031           -2.4835324710     O 
           13.4073320450            8.2802348053           -1.8922863012     H 
           15.9846575756            7.6194453225           -3.1261287824     H 
            5.1246544472            3.5909737531           12.1153725580     O 
            4.5307305919            2.3322671770           10.8805868672     H 
            3.8394692427            3.4964725958           13.4290634883     H 
          -18.2044452186           -4.7506845812            6.9706076072     O 
          -17.7796387262           -5.9236324448            8.2871156261     H 
          -17.5844385515           -3.1238314906            7.5312073162     H 
            5.1136524466           -4.2070625100           10.0138769497     O 
            4.3361553584           -3.7020418710           11.5961478651     H 
            6.0813016735           -5.7353110387           10.3159501878     H 
          -10.0610083850          -10.2393300037           -6.7016764311     O 
           -9.5376014735           -8.4473638266           -6.6671581169     H 
          -11.1562847398          -10.4346288731           -8.1267439077     H 
           -0.8029814439           -6.3121784576           14.4305701468     O 
           -2.4950504973           -5.6561702045           14.1714432079     H 
           -0.4830613814           -7.5099735200           13.0727826453     H 
           17.0740230640            9.3263823013            2.1997115148     O 
           15.6993829739            9.5970912178            3.3940212745     H 
           16.3627414655            9.5302275818            0.5008010939     H 
           -4.9385592204           -3.5460029104          -11.9062878945     O 
           -4.1411014740           -4.2986191260          -10.4092031354     H 
           -3.7193103825           -2.3721688375          -12.5902467706     H 
           -6.3423809158            9.3791270025            9.3150412117     O 
           -7.9540770620            9.8176423120            8.5920377312     H 
           -6.6124250456            7.7915254503           10.2224807374     H 
            3.6312047267            8.0335660654           10.2260914082     O 
            5.1693280078            8.9782229010            9.9938938223     H 
            4.1892787836            6.3694982604           10.8570835618     H 
            0.5435183008            0.0342341198           -0.4608883217     O 
            1.4152179465            0.9828175597           -1.7421824133     H 
           -0.7037647185           -0.9583379726           -1.3395121987     H 
           -1.6143470195            1.9033754603            3.6981236965     O 
           -0.7455458886            1.0380416601            2.3189858180     H 
           -2.0063353355            3.4646902763            2.8353478120     H 
          -10.6905953981            9.4950181271           -0.8458126202     H 
$end
$set
 chrg  1
 ewin_conf 50.0 
$end
