           1           2  0.823377932520935     
           1           3  0.824393058839703     
           4           5  0.834780773085869     
           4           6  0.810314094937544     
           7           8  0.829639073693146     
           7           9  0.817396660424795     
          10          11  0.852950070493726     
          10          12  0.812557840531886     
          13          14  0.824117807451915     
          13          15  0.846691929482151     
          16          17  0.811307865349599     
          16          18  0.808721930283533     
          19          20  0.788814537929205     
          19          21  0.815277059132948     
          22          23  0.831670465082837     
          22          24  0.907107874529061     
          25          26  0.842566710689017     
          25          27  0.816175387411946     
          28          29  0.805092627238904     
          28          30  0.832729742352504     
          31          32  0.846757186166736     
          31          33  0.826743368513857     
          34          35  0.811190086734833     
          34          36  0.803653392152084     
          37          38  0.817961567956363     
          37          39  0.812961249619973     
          40          41  0.805123036679044     
          40          42  0.831299014600049     
          43          44  0.829341640904452     
          43          45  0.823243280580284     
          46          47  0.833096709793146     
          46          48  0.857601622011681     
          49          50  0.776043973064703     
          49          51  0.798895383927233     
          52          53  0.870279886600120     
          52          54  0.811573077566069     
          55          56  0.807360565601669     
          55          57  0.779005430567968     
          58          59  0.807395234427221     
          58          60  0.798920632839705     
          61          62  0.870658361921970     
          61          63  0.831416676124097     
          64          65  0.778930774947743     
          64          66  0.788166324978441     
          67          68  0.857478172690818     
          67          69  0.820636916935995     
          70          71  0.784977997131915     
          70          72  0.823320535940240     
          73          74  0.800686544584164     
          73          75  0.824052918725157     
          76          77  0.849757825410615     
          76          78  0.843794318318623     
          79          80  0.860171234967881     
          79          81  0.829859161733802     
          82          83  0.834598866165959     
          82          84  0.815267130293577     
          85          86  0.835789056990516     
          85          87  0.905493018486892     
          88          89  0.856105650493607     
          88          90  0.848239529785475     
          91          92  0.849714380902574     
          91          93  0.860083994465408     
          94          95  0.873947036956894     
          94          96  0.897320117586553     
          97          98  0.814064257394900     
          97          99  0.840171712963542     
         100         101  0.813545727994838     
         100         102  0.828590101641510     
         103         104  0.799444209262528     
         103         105  0.833709375543419     
         106         107  0.829180266307190     
         106         108  0.864364445069100     
         109         110  0.816751533230503     
         109         111  0.818785326653973     
         112         113  0.816702041135754     
         112         114  0.820011365912465     
         115         116  0.833455105729508     
         115         117  0.813367389074031     
         118         119  0.861486465714480     
         118         120  0.847663982977848     
         121         122  0.840261313177380     
         121         123  0.793501249506335     
         124         125  0.790168023693208     
         124         126  0.893462421403521     
         127         128  0.835459944825059     
         127         129  0.827450067144622     
         130         131  0.819280496675492     
         130         132  0.857276832607399     
         133         134  0.822310045356546     
         133         135  0.846143910254274     
         136         137  0.897847777059894     
         136         138  0.781836505150845     
         139         140  0.824925021805963     
         139         141  0.833518727186208     
         142         143  0.773123756998535     
         142         144  0.852721611139937     
         145         146  0.880454621658672     
         145         147  0.842343386895991     
         148         149  0.851267167620488     
         148         150  0.897349826331922     
         151         152  0.874476344615348     
         151         153  0.820347464751900     
         154         155  0.819177791303509     
         154         156  0.892202304565060     
         157         158  0.904321903372853     
         157         159  0.868522574925022     
         160         161  0.841139458887434     
         160         162  0.832319137858053     
         163         164  0.874320960300045     
         163         165  0.829341405730796     
         166         167  0.754672112438921     
         166         168  0.862221150128939     
         169         170  0.849214673742075     
         169         171  0.826257167244284     
         172         173  0.858637479922558     
         172         174  0.868397705876746     
         175         176  0.826662179774780     
         175         177  0.813735238198640     
         178         179  0.825489900372153     
         178         180  0.887163915925698     
         181         182  0.809613433928795     
         181         183  0.813743234049039     
         184         185  0.782027985445314     
         184         186  0.841677711948539     
         187         188  0.797676481106089     
         187         189  0.894101587050676     
         190         191  0.767204109534337     
         190         192  0.824851229626046     
         193         194  0.824741223640701     
         193         195  0.849770313443286     
         196         197  0.782561302681305     
         196         198  0.852217638836824     
         199         200  0.799298540033485     
         199         201  0.817476875325466     
         202         203  0.891185458013671     
         202         204  0.854395139220992     
         205         206  0.867865834523190     
         205         207  0.819482310493479     
         208         209  0.829401906073181     
         208         210  0.835633402492498     
         211         212  0.878189678464522     
         211         213  0.859463157940299     
         214         215  0.818474662937096     
         214         216  0.850384840659938     
         217         218  0.868426954393641     
         217         219  0.808086067827846     
         220         221  0.869089223784682     
         220         222  0.812768626296917     
         223         224  0.865642287929437     
         223         225  0.862256238857314     
         226         227  0.798521434610916     
         226         228  0.812857429608969     
         229         230  0.819320000878539     
         229         231  0.848828737707232     
         232         233  0.827184784538691     
         232         234  0.836488338366496     
         235         236  0.881365529302959     
         235         237  0.783442996524347     
         238         239  0.804320442088529     
         238         240  0.824065254271583     
         241         242  0.862257221708601     
         241         243  0.827067736652344     
         244         245  0.851930728712231     
         244         246  0.853359769940639     
         247         248  0.790396872585266     
         247         249  0.823699636420423     
         250         251  0.811806254289071     
         250         252  0.847872238966960     
         253         254  0.842295036059904     
         253         255  0.868402450534523     
         256         257  0.866363395598785     
         256         258  0.845978068926074     
         259         260  0.828795407025192     
         259         261  0.836143745688303     
         262         263  0.845712936678699     
         262         264  0.913187597222338     
         265         266  0.875698839877630     
         265         267  0.832793148546015     
         268         269  0.800325191740247     
         268         270  0.803962485106212     
         271         272  0.806736060442468     
         271         273  0.848990601569275     
         274         275  0.808686841653902     
         274         276  0.806308707090088     
         277         278  0.844849508197671     
         277         279  0.874455620054789     
         280         281  0.867786084187237     
         280         282  0.818252734753133     
         283         284  0.835007546934782     
         283         285  0.845493231248740     
         286         287  0.787626897699546     
         286         288  0.913078947185756     
         289         290  0.832863171227159     
         289         291  0.773532433821111     
         292         293  0.850945652254792     
         292         294  0.839420194801113     
         295         296  0.829167656476833     
         295         297  0.846484154048916     
         298         299  0.850833258958252     
         298         300  0.827983408571910     
         301         302  0.841714070353152     
         301         303  0.837503838976204     
         304         305  0.912298652223673     
         304         306  0.794318550144649     
         307         308  0.785320737608635     
         307         309  0.834252380125072     
         310         311  0.817929770296186     
         310         312  0.820206649400553     
         313         314  0.855161325846882     
         313         315  0.789499926074112     
         316         317  0.805247755371095     
         316         318  0.826892575167943     
         319         320  0.797604145979402     
         319         321  0.864573229965593     
         322         323  0.846496751641377     
         322         324  0.784637291667060     
         325         326  0.876131324966893     
         325         327  0.823383824172945     
         328         329  0.857984505816150     
         328         330  0.878505591980529     
         331         332  0.869257235057365     
         331         333  0.828117664684595     
         334         335  0.845074493504447     
         334         336  0.838602619902496     
         337         338  0.835850434092467     
         337         339  0.810130150803629     
         340         341  0.860830807535228     
         340         342  0.819104766176497     
         343         344  0.899376336202706     
         343         345  0.858113140478142     
         346         347  0.810703374045414     
         346         348  0.808530949331175     
         349         350  0.796477072737988     
         349         351  0.813147334811623     
         352         353  0.823628802902082     
         352         354  0.892905511803919     
         355         356  0.883213375376592     
         355         357  0.810097662306834     
         358         359  0.900937248539171     
         358         360  0.776732714462715     
         361         362  0.845258000547960     
         361         363  0.827611314404269     
         364         365  0.807950410600381     
         364         366  0.877994478970195     
         367         368  0.839180441824716     
         367         369  0.856394522334762     
         370         371  0.828465436842429     
         370         372  0.832446708534577     
         373         374  0.815194063529714     
         373         375  0.854295060881457     
         376         377  0.823502156183843     
         376         378  0.875931402791219     
         379         380  0.816112420502666     
         379         381  0.827384871089888     
         382         383  0.863139021490276     
         382         384  0.817795681169911     
         385         386  0.858150077442944     
         385         387  0.808943191102501     
         388         389  0.846645777688463     
         388         390  0.832579187042895     
         391         392  0.888011455057663     
         391         393  0.857734651554636     
         394         395  0.832429531682795     
         394         396  0.842107081393455     
         397         398  0.855330555463652     
         397         399  0.826922420687941     
         400         401  0.862618001728976     
         400         402  0.824181865230475     
         403         404  0.813958283726374     
         403         405  0.830236189433734     
         406         407  0.887747053716708     
         406         408  0.867238987336450     
         409         410  0.834661620664502     
         409         411  0.831844805147584     
         412         413  0.880083519367526     
         412         414  0.847417798700055     
         415         416  0.785116644816650     
         415         417  0.842247109588578     
         418         419  0.862558038033014     
         418         420  0.890263842114470     
         421         422  0.815360830084617     
         421         423  0.832810893964140     
         424         425  0.804919272580417     
         424         426  0.892423608558041     
         427         428  0.869378005162447     
         427         429  0.818337901143952     
         430         431  0.809867547477890     
         430         432  0.912398280261117     
         433         434  0.801933424347341     
         433         435  0.831596264970504     
         436         437  0.824852741794145     
         436         438  0.867786775014777     
         439         440  0.841839754474163     
         439         441  0.848080819484450     
         442         443  0.844173569930415     
         442         444  0.776734976207501     
         445         446  0.786959584939142     
         445         447  0.913623134628353     
         448         449  0.830317622842410     
         448         450  0.832803728285125     
         451         452  0.862444579911127     
         451         453  0.808111358882419     
         454         455  0.847255002676483     
         454         456  0.881435216392486     
         457         458  0.894169954328191     
         457         459  0.843830987737792     
         460         461  0.790501915444060     
         460         462  0.835518598739344     
         463         464  0.801390001788354     
         463         465  0.829149684332644     
         466         467  0.839153976156957     
         466         468  0.856492990427980     
         469         470  0.860204647276790     
         469         471  0.828607329957617     
         472         473  0.894720716288097     
         472         474  0.824804652605041     
         475         476  0.835894659626433     
         475         477  0.842012114958431     
         478         479  0.854059252135316     
         478         480  0.860887024725977     
         481         482  0.834994109014423     
         481         483  0.805403379728854     
         484         485  0.820139699843246     
         484         486  0.808273831007611     
         487         488  0.912097997079976     
         487         489  0.852819116799509     
         490         491  0.822917481780039     
         490         492  0.826717686722834     
         493         494  0.793078029214458     
         493         495  0.822717013797105     
         496         497  0.802902912210628     
         496         498  0.850463058981917     
         499         500  0.802755079812925     
         499         501  0.851614578188034     
         502         503  0.897483240871921     
         502         504  0.852228591309566     
         505         506  0.845281086594843     
         505         507  0.842810865318916     
         508         509  0.790656326775992     
         508         510  0.904829918869301     
         511         512  0.855413784423680     
         511         513  0.849179276942261     
         167         514  0.112768460982327     
         514         515  0.840623872737695     
         514         516  0.827230196047976     
         517         518  0.803752420608245     
         517         519  0.852465993724976     
         520         521  0.891784255783228     
         520         522  0.830101237856000     
         523         524  0.876529192229050     
         523         525  0.801929754673810     
         526         527  0.871924078094612     
         526         528  0.876005481325433     
         529         530  0.821374867930604     
         529         531  0.855869688028097     
