           2           3   1.01402797637667     
           1           4   1.07397582011114     
           1           5  0.941451781159111     
           2           6  0.956861772019845     
           3           7  0.984431716158825     
           4           8  0.960701372191456     
           1           9  0.958781188549304     
           2          10  0.963151866191248     
           3          11  0.982112983959113     
           3          12  0.971296018594474     
           1          13  0.898461837427582     
           2          13  0.962356162026719     
           4          14   1.15522036412417     
          14          15  0.903446696908424     
          14          16  0.928629083405786     
          17          18  0.862256275040334     
          17          19  0.862085243666501     
          20          21  0.857945868684156     
          20          22  0.848971230428720     
          23          24  0.831526621384457     
          23          25  0.865943298784509     
          26          27  0.916544483441562     
          26          28  0.820480797763655     
          29          30  0.919274452422641     
          29          31  0.857944377928093     
          32          33  0.829659854391397     
          32          34  0.916448059351330     
          35          36  0.915168499053485     
          35          37  0.792688657357238     
          38          39  0.912392446943013     
          38          40  0.776959994167282     
          41          42  0.914353641817075     
          41          43  0.781288893797525     
          44          45  0.822130724252163     
          44          46  0.910647297867372     
          47          48  0.881317702700633     
          47          49  0.857679216341777     
          40          50  0.104050828151369     
          50          51  0.827657685539794     
          50          52  0.842484698757635     
          53          54  0.839488562422367     
          53          55  0.858633892645742     
          56          57  0.870435643128492     
          56          58  0.836158323057424     
          59          60  0.873921786805695     
          59          61  0.856071910458739     
          62          63  0.780466834887729     
          62          64  0.914869054720621     
          65          66  0.842326730944109     
          65          67  0.857721481786147     
          68          69  0.856087927511749     
          68          70  0.852136844363765     
          71          72  0.814345258796102     
          71          73  0.847532862401439     
          74          75  0.856767733347334     
          74          76  0.885966480952410     
          77          78  0.821647826938469     
          77          79  0.840777819335452     
          80          81  0.843596742697575     
          80          82  0.839733854921843     
          83          84  0.873623230059433     
          83          85  0.879302558345841     
          86          87  0.835869591958984     
          86          88  0.873416496999080     
          89          90  0.882239055699785     
          89          91  0.896722154404672     
