0        -14.80819766         -5.07054445
   1      -19.8881370195      939.2
   2      -24.9666220460     1142.1
   3      -30.0565514652     1272.5
   4      -35.1424223872     1444.0
   5      -40.2225478112     1644.8
   6      -45.3066665014     1815.0
   7      -50.3932621706     1976.7
   8      -55.4766300704     2122.8
   9      -60.5640803491     2287.4
  10      -65.6592574066     2426.0
  11      -70.7470222465     2622.9
  12      -75.8375823218     2760.5
  13      -80.9240025193     2926.2
  14      -86.0059599812     3096.5
  15      -91.0977098246     3258.8
  16      -96.1805314439     3442.2
  17     -101.2646379956     3599.7
  18     -106.3501741253     3763.9
  19     -111.4464119703     3936.1
  20     -116.5348662032     4093.7
  21     -121.6234431760     4242.4
  22     -126.7150898219     4391.7
  23     -131.8039757006     4548.8
  24     -136.8895320892     4714.2
  25     -141.9816679776     4849.1
  26     -147.0685118906     5017.2
  27     -152.1616429165     5151.8
  28     -157.2477333020     5305.7
  29     -162.3360525826     5465.4
  30     -167.4291600997     5605.0
  31     -172.5181400303     5756.0
  32     -177.6060723555     5922.4
  33     -182.7036381095     6017.8
  34     -187.7881708781     6195.3
  35     -192.8770670936     6342.5
  36     -197.9674356582     6503.2
  37     -203.0571166535     6644.4
  38     -208.1513781261     6825.6
  39     -213.2435157387     6984.4
  40     -218.3331443001     7143.1
  41     -223.4204611552     7295.9
  42     -228.5195581894     7362.4
  43     -233.6073836327     7526.6
  44     -238.6960789609     7676.0
  45     -243.7834705000     7839.4
  46     -248.8741098529     7974.9
  47     -253.9624980065     8134.5
  48     -259.0532198454     8305.1
  49     -264.1481537671     8434.5
  50     -269.2428747028     8575.5
  51     -274.3329957095     8735.2
  52     -279.4229879719     8884.9
  53     -284.5179483700     8994.7
  54     -289.6057351180     9159.7
  55     -294.6962937977     9307.5
  56     -299.7802073983     9472.6
  57     -304.8681380885     9619.2
  58     -309.9640995968     9746.2
  59     -315.0518822865     9886.8
  60     -320.1446316933    10025.8
  61     -325.2360829561    10175.0
  62     -330.3520250182    10306.9
  63     -335.4434037509    10453.9
  64     -340.5323351008    10613.9
  65     -345.6255250357    10768.9
  66     -350.7157475126    10926.3
  67     -355.8054813189    11104.1
  68     -360.8990398921    11243.4
  69     -365.9967004005    11363.1
  70     -371.0861307547    11490.0
  71     -376.1773755021    11627.7
  72     -381.2640200070    11783.3
  73     -386.3562144066    11933.2
  74     -391.4481028585    12093.2
  75     -396.5407435971    12198.5
  76     -401.6275849723    12354.6
  77     -406.7199775713    12490.4
  78     -411.8119478637    12628.8
  79     -416.9081698097    12746.0
  80     -422.0017953103    12886.1
  81     -427.0872474751    13049.3
  82     -432.1816138020    13179.5
  83     -437.2865425178    13283.8
  84     -442.3751520990    13449.3
  85     -447.4735026528    13640.2
  86     -452.5649619371    13800.1
  87     -457.6556410857    13980.9
  88     -462.7474712517    14108.4
  89     -467.8358151502    14254.7
  90     -472.9271861184    14383.9
  91     -478.0158953786    14534.9
  92     -483.1054027649    14715.2
  93     -488.1996179876    14837.1
  94     -493.2892495195    14989.1
  95     -498.3783807616    15143.4
  96     -503.5011250485    15148.8
  97     -508.5949431067    15283.3
  98     -513.6863136535    15437.1
  99     -518.7732924452    15575.3
 100     -523.8653820385    15730.4
 101     -528.9605069024    15867.0
 102     -534.0529014542    16004.6
 103     -539.1416988251    16147.9
 104     -544.2405611150    16315.9
 105     -549.3516386283    16407.9
 106     -554.4489062984    16613.4
 107     -559.5392289498    16771.3
 108     -564.6347252324    16884.5
 109     -569.7258322871    17036.9
 110     -574.8163614541    17186.9
 111     -579.9131123116    17338.7
 112     -585.0014191155    17500.5
 113     -590.0938338629    17630.9
 114     -595.1896643118    17781.4
 115     -600.2805294214    17934.8
 116     -605.3691990692    18090.0
 117     -610.4654681442    18211.3
 118     -615.5526290866    18357.6
 119     -620.6383251919    18508.8
 120     -625.7316534166    18662.2
 121     -630.8263096942    18798.6
 122     -635.9195276805    18948.6
 123     -641.0161403718    19064.0
 124     -646.1057578556    19226.7
 125     -651.2000574243    19364.3
 126     -656.2907531860    19497.0
 127     -661.3830980428    19625.8
 128     -666.4751308238    19770.0
 129     -671.5671273375    19905.7
 130     -676.6514489281    20072.4
 131     -681.7422683832    20214.5
 132     -686.8442861719    20326.7
 133     -691.9489888388    20462.7
 134     -697.0347693888    20606.2
 135     -702.1255697379    20754.6
 136     -707.2179577898    20940.6
 137     -712.3150215577    21069.3
 138     -717.4051867358    21206.7
 139     -722.5001108325    21364.8
 140     -727.5903239871    21506.6
 141     -732.6801341617    21637.9
 142     -737.7699061990    21797.4
 143     -742.8673640367    21947.9
 144     -747.9610574210    22093.9
 145     -753.0577331116    22194.4
 146     -758.1474468404    22348.6
 147     -763.2391007625    22461.9
 148     -768.3335173608    22599.8
 149     -773.4310861699    22729.4
 150     -778.5306687797    22870.1
 151     -783.6224547556    22996.4
 152     -788.7181406730    23146.5
 153     -793.8095669025    23291.6
 154     -798.9028342971    23421.7
 155     -803.9974377365    23535.0
 156     -809.0885297090    23681.6
 157     -814.1806903773    23819.4
 158     -819.2663845738    23967.5
 159     -824.3635656661    24074.3
 160     -829.4561819459    24176.5
 161     -834.5485158006    24328.4
 162     -839.6509888582    24523.0
 163     -844.7440326770    24677.7
 164     -849.8311331569    24825.4
 165     -854.9209101612    24997.3
 166     -860.0139782143    25135.7
 167     -865.1023905182    25279.0
 168     -870.1955175835    25394.3
 169     -875.2923491910    25506.4
 170     -880.3845432791    25644.9
 171     -885.4761456628    25797.3
 172     -890.5694702894    25923.6
 173     -895.6668979002    26035.1
 174     -900.7642351151    26178.1
 175     -905.8617017619    26329.1
 176     -910.9546014513    26476.4
 177     -916.0516489596    26602.2
 178     -921.1440315692    26749.9
 179     -926.2297907549    26891.5
 180     -931.3231363121    27004.0
 181     -936.4134056209    27146.8
 182     -941.5133603692    27248.0
 183     -946.6066579175    27382.9
 184     -951.7132075060    27461.5
 185     -956.8095705672    27586.6
 186     -961.9111092432    27731.6
 187     -967.0097700437    27851.6
 188     -972.0979351754    27993.5
 189     -977.1941618293    28141.0
 190     -982.2801920171    28291.2
 191     -987.3814192560    28405.6
 192     -992.4730503630    28563.6
 193     -997.5636005230    28697.4
 194    -1002.6592055911    28807.5
 195    -1007.7584819798    28959.4
 196    -1012.8488104954    29082.0
 197    -1017.9412034025    29205.0
 198    -1023.0458309170    29255.8
 199    -1028.1398781926    29412.5
 200    -1033.2325015722    29559.4
