   #   Energy       Run. Aver.   Diff / au.
    1   -6.03904615  -0.00962383  -0.00962383
    2  -10.21014184  -0.01775928  -0.00813545
    3  -12.81999378  -0.02136132  -0.00360204
    4   -8.35769238  -0.02025121   0.00111011
    5  -13.84406648  -0.02039133  -0.00014012
    6  -15.81895107  -0.02121764  -0.00082632
    7  -21.94366563  -0.02330023  -0.00208259
    8  -25.51606658  -0.02573083  -0.00243060
    9  -28.09643480  -0.02811686  -0.00238603
   10  -21.42554258  -0.02895816  -0.00084129
   11  -20.57092046  -0.02938225  -0.00042409
   12  -28.11532979  -0.03070279  -0.00132054
   13  -26.20649817  -0.03165513  -0.00095234
   14  -28.95529532  -0.03275802  -0.00110289
   15  -30.67868030  -0.03390698  -0.00114896
   16  -34.07006071  -0.03525298  -0.00134600
   17  -32.70292300  -0.03632407  -0.00107108
   18  -33.22010953  -0.03730666  -0.00098259
   19  -33.54735044  -0.03820861  -0.00090195
   20  -35.30506864  -0.03915639  -0.00094778
   21  -36.18566609  -0.04008290  -0.00092652
   22  -37.06893097  -0.04098821  -0.00090531
   23  -36.50722263  -0.04177495  -0.00078674
   24  -36.54849453  -0.04249393  -0.00071898
   25  -37.21952963  -0.04319546  -0.00070153
   26  -35.22792075  -0.04372028  -0.00052482
   27  -33.16642943  -0.04407800  -0.00035773
   28  -35.32273761  -0.04452693  -0.00044893
   29  -35.80290914  -0.04497444  -0.00044750
   30  -33.12883705  -0.04525001  -0.00027557
   31  -34.09048662  -0.04555169  -0.00030168
   32  -33.57090583  -0.04580946  -0.00025777
   33  -38.06054269  -0.04626709  -0.00045763
   34  -38.58340529  -0.04672818  -0.00046109
   35  -38.59844280  -0.04716371  -0.00043553
   36  -39.35476801  -0.04760781  -0.00044410
   37  -39.56326884  -0.04803712  -0.00042931
   38  -40.23968819  -0.04847181  -0.00043469
   39  -40.43285088  -0.04889223  -0.00042043
   40  -40.30546591  -0.04928621  -0.00039398
   41  -40.17297053  -0.04965517  -0.00036896
   42  -39.10587374  -0.04996548  -0.00031031
   43  -41.07003785  -0.05033279  -0.00036730
   44  -41.16573093  -0.05068816  -0.00035537
   45  -41.26822830  -0.05103110  -0.00034294
   46  -41.49270800  -0.05136663  -0.00033554
   47  -41.02223428  -0.05167178  -0.00030515
   48  -40.81326788  -0.05195664  -0.00028486
   49  -40.51392458  -0.05221973  -0.00026309
   50  -39.21484211  -0.05243046  -0.00021072
   51  -39.24151427  -0.05263272  -0.00020227
   52  -39.44007338  -0.05283313  -0.00020041
   53  -40.01279501  -0.05304316  -0.00021003
   54  -42.42568906  -0.05331680  -0.00027364
   55  -44.07258694  -0.05362937  -0.00031256
   56  -43.90358404  -0.05392665  -0.00029729
   57  -43.10268583  -0.05419085  -0.00026420
   58  -41.96946695  -0.05441422  -0.00022338
   59  -42.03941527  -0.05463123  -0.00021700
   60  -41.17923876  -0.05481805  -0.00018682
   61  -40.87208954  -0.05499022  -0.00017217
   62  -38.42316462  -0.05509366  -0.00010344
   63  -38.00230832  -0.05518208  -0.00008842
   64  -38.48036075  -0.05527940  -0.00009732
   65  -37.72670675  -0.05535539  -0.00007599
   66  -38.92963858  -0.05545780  -0.00010241
   67  -38.42849211  -0.05554562  -0.00008783
   68  -40.02863606  -0.05566815  -0.00012253
   69  -39.69907608  -0.05578002  -0.00011187
   70  -39.85655123  -0.05589212  -0.00011210
   71  -39.78891062  -0.05599955  -0.00010743
   72  -39.81565944  -0.05610453  -0.00010497
   73  -41.45656204  -0.05624241  -0.00013789
   74  -41.59321835  -0.05637996  -0.00013755
   75  -41.93687095  -0.05652114  -0.00014118
   76  -42.41836970  -0.05666874  -0.00014761
   77  -42.10026834  -0.05680601  -0.00013727
   78  -41.75316761  -0.05693254  -0.00012653
   79  -40.81568757  -0.05703682  -0.00010428
   80  -40.73538965  -0.05713661  -0.00009979
   81  -41.35656843  -0.05724611  -0.00010949
   82  -42.05639024  -0.05736665  -0.00012054
   83  -42.86804792  -0.05750000  -0.00013336
   84  -43.09161023  -0.05763458  -0.00013457
   85  -41.90698734  -0.05774379  -0.00010921
   86  -39.65600573  -0.05780846  -0.00006467
   87  -39.54260290  -0.05786905  -0.00006059
   88  -39.84566049  -0.05793370  -0.00006465
   89  -39.10051803  -0.05798361  -0.00004991
   90  -38.87595044  -0.05802826  -0.00004466
   91  -39.16816522  -0.05807700  -0.00004873
   92  -40.42549784  -0.05814650  -0.00006950
   93  -39.29305704  -0.05819532  -0.00004882
   94  -39.15084943  -0.05824047  -0.00004515
   95  -39.31746922  -0.05828743  -0.00004696
   96  -40.41148798  -0.05835159  -0.00006416
   97  -40.12124429  -0.05840983  -0.00005825
   98  -40.43255178  -0.05847189  -0.00006206
   99  -40.94614409  -0.05854100  -0.00006911
  100  -41.20570563  -0.05861294  -0.00007194
  101  -41.02257426  -0.05868059  -0.00006765
  102  -40.65244056  -0.05874109  -0.00006050
  103  -39.88290691  -0.05878844  -0.00004735
  104  -39.21172168  -0.05882446  -0.00003603
  105  -41.28829490  -0.05889121  -0.00006675
  106  -43.06985071  -0.05898377  -0.00009256
  107  -42.82654174  -0.05907123  -0.00008745
  108  -41.27978203  -0.05913419  -0.00006296
  109  -41.21986047  -0.05919489  -0.00006070
  110  -41.27391204  -0.05925525  -0.00006036
  111  -40.78229179  -0.05930747  -0.00005221
  112  -40.85782690  -0.05935975  -0.00005228
  113  -40.88489745  -0.05941149  -0.00005174
  114  -40.74493309  -0.05946037  -0.00004887
  115  -41.01550803  -0.05951211  -0.00005175
  116  -40.96201738  -0.05956226  -0.00005014
  117  -40.46063628  -0.05960470  -0.00004244
  118  -40.46309112  -0.05964639  -0.00004169
  119  -40.54386694  -0.05968846  -0.00004207
  120  -40.70226810  -0.05973194  -0.00004347
  121  -40.67318848  -0.05977432  -0.00004238
  122  -40.32306737  -0.05981143  -0.00003711
  123  -40.37577822  -0.05984857  -0.00003714
  124  -39.90344227  -0.05987904  -0.00003047
  125  -40.05001773  -0.05991084  -0.00003180
  126  -39.64554781  -0.05993704  -0.00002619
  127  -39.69674055  -0.05996341  -0.00002638
  128  -39.62755747  -0.05998852  -0.00002511
  129  -39.43842999  -0.06001089  -0.00002237
  130  -39.65043190  -0.06003549  -0.00002460
  131  -40.24381233  -0.06006695  -0.00003146
  132  -40.67995603  -0.06010326  -0.00003630
  133  -40.92062441  -0.06014194  -0.00003868
  134  -41.13435654  -0.06018260  -0.00004066
  135  -40.98586960  -0.06022092  -0.00003832
  136  -40.94164398  -0.06025814  -0.00003722
  137  -40.90076623  -0.06029433  -0.00003619
  138  -41.52361596  -0.06033719  -0.00004285
  139  -41.88600669  -0.06038363  -0.00004644
  140  -41.86279053  -0.06042917  -0.00004554
  141  -40.86382174  -0.06046276  -0.00003360
  142  -40.79171881  -0.06049499  -0.00003223
  143  -40.75374271  -0.06052634  -0.00003135
  144  -40.44149942  -0.06055379  -0.00002745
  145  -39.94740338  -0.06057540  -0.00002161
  146  -40.25318701  -0.06060001  -0.00002461
  147  -39.49608848  -0.06061611  -0.00001609
  148  -39.81765301  -0.06063539  -0.00001928
  149  -40.59460039  -0.06066274  -0.00002735
  150  -41.78985356  -0.06070248  -0.00003974
  151  -41.60311036  -0.06073980  -0.00003732
  152  -41.36570235  -0.06077413  -0.00003433
  153  -41.88130522  -0.06081336  -0.00003923
  154  -41.87872397  -0.06085209  -0.00003873
  155  -41.76347395  -0.06088913  -0.00003704
  156  -41.51068326  -0.06092310  -0.00003397
  157  -41.88792332  -0.06096045  -0.00003735
  158  -42.14546318  -0.06099994  -0.00003949
  159  -40.96443503  -0.06102711  -0.00002717
  160  -40.41864749  -0.06104843  -0.00002132
  161  -40.61537918  -0.06107140  -0.00002297
  162  -40.88399096  -0.06109673  -0.00002534
  163  -39.99949732  -0.06111313  -0.00001639
  164  -40.82062852  -0.06113724  -0.00002412
  165  -40.60673829  -0.06115905  -0.00002180
  166  -40.52687727  -0.06117981  -0.00002076
  167  -42.05715807  -0.06121492  -0.00003511
  168  -43.29601096  -0.06126145  -0.00004653
  169  -43.40732172  -0.06130854  -0.00004709
  170  -43.74546413  -0.06135826  -0.00004971
  171  -43.60245956  -0.06140607  -0.00004782
  172  -43.47792759  -0.06145217  -0.00004609
  173  -43.71555262  -0.06149991  -0.00004774
  174  -43.76061047  -0.06154752  -0.00004761
  175  -45.02079903  -0.06160606  -0.00005854
  176  -45.13932773  -0.06166508  -0.00005901
  177  -45.17632443  -0.06172376  -0.00005868
  178  -44.96286586  -0.06177987  -0.00005611
  179  -44.85081674  -0.06183435  -0.00005447
  180  -44.27241207  -0.06188308  -0.00004874
  181  -43.76655026  -0.06192680  -0.00004371
  182  -42.91437035  -0.06196254  -0.00003574
  183  -42.96306600  -0.06199827  -0.00003573
  184  -42.11416976  -0.06202627  -0.00002799
  185  -42.09409489  -0.06205374  -0.00002748
  186  -42.07912393  -0.06208079  -0.00002705
  187  -42.16956647  -0.06210832  -0.00002753
  188  -42.29943603  -0.06213666  -0.00002834
  189  -42.07935015  -0.06216284  -0.00002619
  190  -42.34350646  -0.06219096  -0.00002812
  191  -41.79893501  -0.06221425  -0.00002329
  192  -41.71373724  -0.06223656  -0.00002231
  193  -41.71726104  -0.06225867  -0.00002211
  194  -41.89061909  -0.06228197  -0.00002330
  195  -40.80513267  -0.06229616  -0.00001420
  196  -40.88097334  -0.06231079  -0.00001462
  197  -40.72047475  -0.06232397  -0.00001318
  198  -42.88802886  -0.06235445  -0.00003048
  199  -42.41455673  -0.06238092  -0.00002647
  200  -42.38801105  -0.06240690  -0.00002598
