$coord
           10.9059044485          -14.7894198872           -1.0885676954     O 
            9.1233960074          -15.2186027417           -0.8317336117     H 
           11.8739857376          -15.6825910747            0.1512276438     H 
           -0.8730153015            7.1488992964            8.2074236223     O 
            0.0769273425            6.1023108461            9.4000771218     H 
            0.1389632077            8.6689193411            7.9822992226     H 
           -2.0920777885           -4.1378606634           -4.1839403742     O 
           -1.0470212677           -5.4625936366           -4.9267348504     H 
           -3.5476721161           -4.9975488786           -3.4523734654     H 
           -9.9361207201            5.1260601157           -2.8140973193     O 
           -8.2663360531            4.6135879554           -3.4086552676     H 
          -10.3168350454            6.6552129262           -3.7236925729     H 
           -4.6434681120            5.6816725645            0.5775435379     O 
           -5.8577920321            6.8704650115            1.2616025923     H 
           -3.1579554537            5.7134445509            1.6375654765     H 
           -8.3212635605           -7.4042313543            5.1304687080     O 
           -9.0781499124           -5.7657409001            4.7429301456     H 
           -9.5678882819           -8.3198483100            6.1271401902     H 
            0.6914961397           -8.0386189363           -6.0538182300     O 
           -0.3872214405           -9.5178533395           -5.7982860938     H 
            2.2192173974           -8.5068633310           -5.1149812496     H 
            1.4867760633          -12.0168178155            0.4421913086     O 
            1.9278345124          -12.1881350194            2.2235631784     H 
            0.6363792172          -13.5816264575           -0.0320801670     H 
           -4.2998588783           -5.5406897148            2.2938276008     O 
           -2.8774580686           -5.0209011604            3.3210132248     H 
           -5.4476050876           -6.3351382922            3.4625693026     H 
            1.4382562546            4.1275584714           -9.4794085917     O 
            1.1049924008            4.9534320645          -11.0912209160     H 
            1.9165147308            5.4744394687           -8.3194574013     H 
           -4.2706430188           -0.1249281456           -7.0269044091     O 
           -3.3239396447           -1.4179805531           -6.1467662974     H 
           -5.6713337244           -1.0044379781           -7.8261436361     H 
           -1.9239689251            7.8417066092           -7.0171379632     O 
           -1.1745517689            8.9663336112           -8.2573561428     H 
           -2.8479513086            6.5826723605           -8.0441588100     H 
           -8.4241155376           -9.6059115120            0.6897401321     O 
          -10.1633004457           -9.2580532425            0.1648762570     H 
           -8.2550103931           -8.7977520708            2.3608957318     H 
           -5.3873022766            4.1782544004           -4.6657704301     O 
           -5.1652062487            2.5537127124           -5.5387002949     H 
           -3.7702452097            4.5065031982           -3.8776899907     H 
           -0.4140033882            4.6045747640           -3.5581934004     O 
           -0.0719817781            3.0430076621           -4.4750590207     H 
           -0.5347858408            5.9201772633           -4.8529752516     H 
            0.7620948848            0.3841188387           -6.0730777490     O 
            0.1748904847            0.6797212248           -7.7712156503     H 
            1.4621402498           -1.3140276330           -5.9462756474     H 
           -5.5358688295           -0.2478481148            5.0956505096     O 
           -5.6508577984            1.5703522564            5.2952854766     H 
           -4.3348760162           -0.8321339866            6.3269098712     H 
          -10.6626399077            0.2269717539           14.4665280241     O 
          -11.2445230194            1.7903362418           13.7014738838     H 
          -11.6896928249           -1.0760321143           13.6962631624     H 
           -1.1009848386           -9.0135494448            4.0959807502     O 
           -1.7567289067           -8.2296494167            5.6126777893     H 
            0.7068088428           -8.6636410230            4.0600770165     H 
           -4.5554765511            3.4127120551           11.1930586159     O 
           -5.0667088752            1.7466675299           11.9048365448     H 
           -5.8934576336            4.5656391422           11.7086689713     H 
           -0.0780488699           -3.4341802193            4.5001080205     O 
            1.7567127799           -3.4788200020            4.4206341261     H 
           -0.4821825995           -2.5888420666            6.0633320334     H 
            4.6838449757            3.3032300502            3.9590253561     O 
            6.2405662949            2.4745069433            4.4809772735     H 
            4.8306567304            4.9925708457            4.6910597559     H 
            1.9110423067           -5.5499125771           -0.4661688467     O 
            2.4222575322           -6.2589610502            1.1625518141     H 
            0.4766481371           -6.5917488325           -0.9899319701     H 
            1.8482867164           10.4143136432           -2.2703287271     O 
            3.4328311031           11.0700468949           -1.6311282934     H 
            0.8514366653           11.8325715103           -2.8765602949     H 
           -5.9760566153           -0.8732800903           13.0504781861     O 
           -7.6096703507           -0.5299353166           13.8640111667     H 
           -6.3761934638           -1.8913920955           11.5335773814     H 
          -10.4066240231            0.6919057446            8.1391633709     O 
          -10.3590513313            1.4280303413            6.4430092557     H 
          -10.9588764895            2.0118995123            9.2748291737     H 
          -12.7173243905            1.1764870000           -1.2247455777     O 
          -11.7906495729            2.5923465502           -1.9759249394     H 
          -12.4439452933            1.3794542464            0.5804734151     H 
            3.6003561062            5.7410706790           -0.8016706451     O 
            2.0352859231            5.3877463948           -1.7287082565     H 
            3.1249906092            6.5608863865            0.7438930964     H 
           -6.4758351162           -6.2460225358           -2.6424877936     O 
           -6.9274875922           -7.5327047181           -1.3949901944     H 
           -7.7084552042           -4.9161547435           -2.4460958938     H 
            3.5896203954           -3.5085473828           -4.7841307200     O 
            4.3152646567           -4.7996487226           -5.8571288895     H 
            2.8460261346           -4.3185726741           -3.3166624284     H 
           -9.0472813354          -10.9202427822           -4.8842910064     O 
           -9.4166342401           -9.1101295742           -4.9606082164     H 
           -9.0160172115          -11.4923207541           -6.6068166075     H 
          -10.9098457674           -3.6449622094           -1.1494127605     O 
          -10.2466686993           -3.5141346561            0.5755710621     H 
          -11.6898091101           -2.0052599964           -1.4435240343     H 
            2.5002885022            4.4542984247           10.7248428519     O 
            3.4628424434            4.8573693917            9.2169931028     H 
            3.2472272860            5.4972092104           12.0567727037     H 
            4.9184861819           -2.5273518310            4.0224751345     O 
            6.1936176252           -3.8278840637            4.0149210047     H 
            4.9385865757           -1.6802299870            2.4030412040     H 
            4.0313325036           -0.2237845453            8.5671195376     O 
            4.4940953455           -1.0391932650            6.9860605974     H 
            2.1930295206           -0.0464225082            8.5259701494     H 
            4.6611841973            7.2544659196            7.0269959238     O 
            4.2139441610            8.7772518855            6.1273756176     H 
            6.1765442394            7.6322131490            7.9940533193     H 
           -7.2337727685            8.5099627964           -7.2100626270     O 
           -7.6623654964            7.9484676683           -8.8972824363     H 
           -6.5694755170            7.0175401517           -6.3616769438     H 
          -12.0192902847            9.5591508220           -5.1451647412     O 
          -12.0741183635            9.2841900946           -6.9803155665     H 
          -10.4268319875           10.4351296152           -4.7789322395     H 
            3.1288423452           -8.4056605851           12.8069768663     O 
            3.3403282531           -6.6106519048           12.4884841697     H 
            1.5743409426           -8.5267210407           13.7926924753     H 
           -3.5403070652           -6.4623137587            7.7821732873     O 
           -4.0160560713           -7.7848465839            8.9635106095     H 
           -4.8977078250           -5.2297886385            7.8406979499     H 
            0.6646511668           -4.4747943853            9.6183150315     O 
           -0.7049987065           -5.4225329701            8.8258092515     H 
           -0.0184427313           -3.9281742749           11.2302597383     H 
           -0.3955992230            3.7007327630            4.4945956960     O 
            1.4014756175            3.4926582839            4.2043170506     H 
           -0.5890052167            5.2002628238            5.5510921108     H 
           -2.1507585955           -6.2988976722          -14.2018861774     O 
           -1.0981451204           -7.5766002220          -13.3879511502     H 
           -0.9575795234           -5.1795873691          -15.0251524510     H 
            5.1296170759           -6.2186990943            8.0731320352     O 
            3.5334673621           -5.5589389117            8.7450710006     H 
            6.4204964826           -4.9301486659            8.2883497726     H 
          -14.5278514307            4.3878088643            6.2156077468     O 
          -12.8142771587            5.0614114966            6.2647453290     H 
          -15.4929147090            5.5537795653            7.2613315755     H 
          -18.3943878700            8.4911500585            3.7080706835     O 
          -16.9021102579            9.5412455681            3.8515840951     H 
          -18.9222942951            8.6622696140            1.9620960273     H 
          -18.3889097094           -5.8830953815           -0.1580579162     O 
          -18.3032421087           -4.2955205513            0.8151201244     H 
          -17.0622592292           -5.6484723610           -1.4755246733     H 
            2.5803622822          -12.7694415779            5.4845774134     O 
            4.0702525454          -12.3634228440            6.4885526451     H 
            1.1982017370          -12.0131003218            6.4519094656     H 
            8.5510761313           -7.5767975247           12.8924518264     O 
            8.8752858220           -6.1780722123           14.0142762040     H 
            6.7817502704           -7.9936014189           13.0681591794     H 
            4.8673461441            2.8483371447           -4.7654930754     O 
            4.4810756250            4.6129013333           -5.0642170128     H 
            3.4736450797            1.8945001709           -5.5296476251     H 
            9.4567128776           -8.6783167553           -4.7872921178     O 
            8.2179153551           -7.9471406653           -5.9417143668     H 
           10.1356457082          -10.2106090923           -5.5504563983     H 
          -17.3569008086            9.3528266165           -7.3730731649     O 
          -16.0282666173            9.5056695737           -8.6040754865     H 
          -17.3409472193           10.8824256129           -6.3944042533     H 
           12.3319212260            4.9854755803            2.1977215287     O 
           11.0980379278            4.3467831681            3.3751783629     H 
           12.7106856285            3.5887376164            1.0398482259     H 
           -1.7476508367            0.4525756233          -11.7202020932     O 
           -2.0392713871           -1.0183513539          -10.6462513486     H 
           -3.2501151922            0.5122067350          -12.7797075823     H 
          -15.4055910065           -5.1373796164           -3.9372632135     O 
          -16.4114135970           -5.6908285717           -5.3694229232     H 
          -14.8473266504           -3.4365418607           -4.3921652453     H 
           -5.4906254460            4.6854881415            6.3513669461     O 
           -4.8854638831            4.2586249570            8.0359464369     H 
           -4.7475079534            6.3575913247            5.9477374576     H 
            6.8419997424          -11.4445171098            2.4648910539     O 
            6.2825005311          -12.8878606344            1.4597237198     H 
            8.2271048792          -10.6528957285            1.4863282065     H 
           -4.4295584109          -12.4836382504            3.2674593113     O 
           -3.1218690909          -11.1742277556            3.5340001982     H 
           -5.0836491188          -12.2900876134            1.5714473570     H 
            5.1754448942            0.9383465189           -9.8014232989     O 
            3.8159431231            2.2297030806           -9.7287155380     H 
            4.2312931109           -0.6472316189           -9.9568466804     H 
            2.0523232865           -3.3712550422          -15.1967314153     O 
            3.7942673631           -3.9581063147          -15.1714300119     H 
            2.0770454575           -1.5942719419          -15.6245480356     H 
           -1.0741959921            0.4009234637            8.0880680619     O 
           -0.9128153362            1.6227331558            6.6719367862     H 
           -1.8581719218            1.3043076084            9.4514265700     H 
            0.6645709855           -9.2467688307          -11.0053441839     O 
           -0.6699830913          -10.4964926607          -10.9084816063     H 
            0.7715788747           -8.5518051673           -9.2850443492     H 
            3.9555040681            0.4831308751           -0.1844957104     O 
            3.9932278031            1.8059114333            1.1017546166     H 
            4.2028718664            1.3021811784           -1.8154742284     H 
           -2.0069453706           -8.6057630617           -0.9763273987     O 
           -0.8527512331           -9.7806891933           -0.1275240892     H 
           -2.8967305243           -7.6193662322            0.3364110718     H 
            9.1783418713           -6.0883918381            3.5835245332     O 
            9.3439947667           -6.7679680351            5.2939423342     H 
           10.5482907897           -6.8496351822            2.6314448384     H 
           -7.5146072286           -5.8435893438          -13.4814038351     O 
           -5.7958896161           -6.0830881195          -14.0505825239     H 
           -8.0787266771           -7.4386571893          -12.7473705399     H 
          -13.1671402036           -8.0941842459           -0.1343001640     O 
          -13.5163250934           -7.6673994385            1.6299543712     H 
          -12.6651502117           -6.4845633342           -0.8855427425     H 
           -4.2574825341            4.6458008727           -9.9994886232     O 
           -5.7614667520            3.9043193304           -9.2356356118     H 
           -3.1400285048            3.2434464865          -10.4104737069     H 
          -16.6519487389            3.4814548711            1.7642800953     O 
          -15.8821865288            4.0748063161            3.3389174758     H 
          -15.8394731968            4.3420950993            0.3835574204     H 
            5.9309866499          -11.1915209410            9.0009393210     O 
            5.7916850643           -9.3775667284            8.6598798552     H 
            5.1839103855          -11.3887209755           10.6401066724     H 
            1.5792850263            1.1762431761           14.4606917654     O 
            0.4909495803            2.5130720853           15.1461155060     H 
            1.9388214998            1.8004399868           12.7617390088     H 
            7.8186200813           -1.0960292200           -3.7505548077     O 
            7.3560926532            0.5916803362           -4.2774161367     H 
            6.3150058205           -2.1283935455           -4.1013251010     H 
            7.1405907935            7.8748309746            2.4014219585     O 
            8.4570749807            8.5396614477            3.4918539155     H 
            7.8636917119            6.4739514306            1.4877955249     H 
           -8.9015342630           -0.4387672966           -4.9586460830     O 
           -8.7841023889            0.3316076212           -3.3111801741     H 
          -10.6586712432           -0.8640242491           -5.2770769883     H 
           10.1380870310          -12.5491101116            6.1001761066     O 
            9.2193248508          -13.2936413556            7.4763126532     H 
            8.8404322703          -12.1936974797            4.8082885372     H 
           -6.4355089654            0.4173406507          -13.4638135805     O 
           -7.1817190480           -0.3972366416          -12.0047765684     H 
           -7.4575171522           -0.0425668824          -14.8812924662     H 
            9.3244071480           -1.9017418598           -8.8292859134     O 
            7.9145231131           -0.7492152836           -9.0460683439     H 
           10.0253935689           -2.1869232057          -10.5199232040     H 
          -17.5469107310           -7.9465013831            7.3714250924     O 
          -18.1191419824           -8.7609973913            5.8133739199     H 
          -16.9729941258           -9.2808625987            8.4541658823     H 
          -18.3736666940           -1.3924876821            1.7847860930     O 
          -18.3091693687           -0.2964279149            0.2985006837     H 
          -19.6974692609           -0.7718590914            2.9190395627     H 
          -15.5115110787          -10.8364222221           -3.7900239821     O 
          -17.3046811282          -10.5407205028           -3.7569331991     H 
          -14.7488021048           -9.7758336212           -2.4758298569     H 
          -15.7303758141           12.6377876064           -3.3834506451     O 
          -14.9326154767           13.6755742121           -2.1179021895     H 
          -14.3452983386           11.6217573595           -4.0785033987     H 
          -11.7404086342           13.8498849894           -0.0556504284     O 
          -10.6045203044           14.7758671176            1.0392776181     H 
          -10.6092170658           13.1095871952           -1.3058402073     H 
           -3.9786855225            9.4765725865           -2.6700491729     O 
           -3.2336943880            9.0348465639           -4.3013193730     H 
           -4.1958558342            7.9053304783           -1.7259344744     H 
            0.6131315790            9.7695973020           13.2081215816     O 
            2.2094835379            9.2694258638           13.9360293974     H 
            1.0383391238           10.5737154992           11.6069383991     H 
            3.4942814801           11.1122248908            3.6081583540     O 
            4.9012052277           10.3071258869            2.7298358357     H 
            3.2623244285           12.7840491931            2.8873602860     H 
            1.2230583296            7.0313777727          -13.6166405473     O 
            3.0001304860            7.4207272166          -13.2854048284     H 
            0.2775610734            8.4732970939          -13.0268493863     H 
            1.7770628636            1.8901603041          -15.0936063859     O 
            0.6484497265            1.3644385770          -13.7227278925     H 
            1.3692583999            3.6460334155          -15.3493022924     H 
            8.2832535410            3.6711791788           -0.5126901950     O 
            6.5579189548            4.1460303319           -0.9267724945     H 
            8.2668867553            1.9474649835            0.0604166551     H 
            6.1641433341            7.5255826377          -12.2724316508     O 
            6.6452282840            6.1766195503          -13.4246549001     H 
            6.7859041872            6.9032703775          -10.6416131394     H 
           -0.4369704728           11.1093095767          -10.6431354254     O 
           -1.6786655704           12.2450988752           -9.9363344702     H 
            1.2477606014           11.7068196152          -10.2222364644     H 
           -9.6168596678           -2.7777899111            3.6317887694     O 
           -8.0477339255           -1.8991690403            4.0840731629     H 
          -10.9975275850           -1.7184103865            4.1757969857     H 
            2.3649085350          -15.7659169672           -4.2484343976     O 
            1.1892327459          -14.4671513324           -4.8383666766     H 
            1.3194727364          -16.8368875728           -3.2115876300     H 
           13.4422958199           -5.3945030741            0.5610003438     O 
           12.7509939085           -4.8352923756           -1.0784688089     H 
           14.1297036358           -7.0780125163            0.2048183550     H 
            3.7497372671           -7.7318044927            3.5787664521     O 
            4.2622373032           -7.1569486172            5.2623494375     H 
            4.7933119488           -9.2118548118            3.1964553891     H 
            4.2007202044           15.5916427690           -3.6430932302     O 
            5.2615535148           16.5148323467           -4.7792168377     H 
            5.3010562718           14.2902226804           -2.9250680400     H 
          -10.1780801968           -6.7471263561           11.2915166999     O 
          -11.4898655494           -5.4823616661           11.5313130347     H 
          -10.8899224169           -8.0286166813           10.1766105331     H 
          -15.6937575161           -2.5171277207          -10.6865127872     O 
          -16.7071699130           -3.9753391149          -10.2922740664     H 
          -16.8377467896           -1.0695877950          -10.5398316233     H 
           -8.0954713712           12.2036037637           -3.4108246885     O 
           -6.7228458445           11.0101348471           -2.9765817635     H 
           -7.3420064948           13.3527175469           -4.5912818822     H 
           -4.6401677899           12.7862297628           -7.8793503929     O 
           -5.7002516488           13.5283854083           -9.1423873639     H 
           -5.3812431188           11.0877469075           -7.5505526095     H 
            7.8351387699            2.5143232217           10.7031588239     O 
            7.3665989880            2.4460071776           12.5017181984     H 
            6.4770435198            1.6425619107            9.8097932228     H 
          -10.4056089908           -5.9958928762           -6.0271764091     O 
          -11.9141869976           -6.6676200778           -6.8351996203     H 
          -10.9483456517           -5.0819113930           -4.5457307349     H 
            5.7954856078           -9.9428584768          -11.1458656205     O 
            6.0080583627          -11.2771709412           -9.8983505055     H 
            3.9774118196           -9.8158194152          -11.4135985173     H 
            4.4249162681           -9.8992740315           -3.2336172711     O 
            5.6009952060           -8.6706472315           -2.5092400938     H 
            3.5109304914          -10.7086867293           -1.8493957785     H 
           -7.7901013464            9.5320529603            1.7353953764     O 
           -8.1221113589           11.3348089313            1.8166045710     H 
           -9.4041350951            8.6267651633            1.7598922684     H 
          -13.7096363882           -1.1346695427           -6.2545237378     O 
          -13.9774048076            0.7016915778           -6.3026918912     H 
          -14.0917028171           -1.7326103391           -7.9547015949     H 
          -19.0597107807            9.2744214028           -1.4043808710     O 
          -18.2200942438           10.7543235932           -2.1218880494     H 
          -20.5269930734            8.8748104592           -2.4068273310     H 
           10.4289642136           10.0860709292            5.4575028052     O 
           11.6905199632            9.2293149018            6.5038972952     H 
           11.3055147916           11.2729792457            4.3329035184     H 
          -13.7127173454            3.7867903296           -6.6008072323     O 
          -14.0986607380            4.6547389767           -5.0373757576     H 
          -11.8892011208            3.9551408481           -6.9714655282     H 
            5.1535541996            7.1923063357           14.1323196310     O 
            5.7893484361            5.8448649345           15.1845097327     H 
            6.5077827386            7.6048447617           12.9496597584     H 
            6.8504931882            2.7997927120          -14.2295834738     O 
            5.2989171740            2.4704147998          -15.1401053235     H 
            6.5159010438            2.0546099088          -12.5649305830     H 
           -3.0164214154          -14.9543855191            9.6778366510     O 
           -4.5986926677          -14.5565917111            8.8188474057     H 
           -3.4431699172          -15.5695053589           11.3227867324     H 
           11.6355134240            4.6227290422           -4.1658998384     O 
           13.1356832372            5.1342223965           -3.2313634342     H 
           10.3386688810            4.3082856782           -2.8918288985     H 
          -14.5593390277           -0.8162823788            4.9223385432     O 
          -15.7642753653           -0.7812664798            3.5063377463     H 
          -14.3681061000            0.9361828091            5.4494172892     H 
           18.3336408758            8.2681501235            7.2949648347     O 
           19.5157483105            9.3879674542            6.4860276921     H 
           17.9071550911            7.0228341979            5.9835327826     H 
          -21.4288802828           -0.0497686582            5.5818346537     O 
          -21.1112724090            1.7036881572            6.0110462385     H 
          -20.4947674934           -1.0547240773            6.8017906769     H 
           -9.9511970452            6.3976955718            7.2974979826     O 
           -8.3041153342            5.6537387971            6.7899205032     H 
          -10.1303401335            6.1034783579            9.0837546793     H 
          -12.0766571638            7.0268047346            1.9484664585     O 
          -13.0235817102            8.3933867139            2.7589108495     H 
          -12.8065506209            6.7634596077            0.2803057516     H 
          -12.6638555854            4.0219896208           11.5019623207     O 
          -12.9546281569            5.7271242028           12.0608639152     H 
          -14.3503377090            3.3198659850           11.1636933297     H 
           -1.6493463857           -8.2268992437           14.5361987732     O 
           -1.7648492443           -6.4015646045           14.6088732611     H 
           -2.9941742211           -8.7909611641           13.4403143179     H 
           -0.2133021559          -10.4583330746            9.0499049645     O 
            0.9264356949           -9.8212677627           10.3324356077     H 
           -1.1066264074          -11.8971808639            9.7220146537     H 
           -8.1071086129            7.1166081171          -12.3321376865     O 
           -6.4204391880            6.4359952926          -12.0687639837     H 
           -9.0861281191            5.6679500389          -12.8836273715     H 
            7.3477420405            7.9605510382           -3.7497199305     O 
            8.8857598286            8.0913917707           -2.7276954078     H 
            5.9774577415            7.5022591003           -2.6167480018     H 
           12.9557151721            0.3466556649           -6.0690470467     O 
           12.2053504875            1.9390605203           -5.4154410460     H 
           11.6415640041           -0.4751177804           -7.0781999100     H 
            7.6825658563           15.3704819020            3.4715377297     O 
            7.2260624610           14.5115594570            5.0342124459     H 
            9.4995798555           15.2969435941            3.3533740840     H 
            8.5530927451            7.4447025003           10.3344961770     O 
           10.3180240833            7.8239340118           10.0508562105     H 
            8.4454526708            5.5868474292           10.3227410600     H 
           13.8760901816            2.7614057571            7.6841748963     O 
           12.3626569484            2.2313252340            6.7906104588     H 
           15.1807333025            3.0128995947            6.4093001642     H 
           10.6498040711           -9.7483610985           -0.0366158204     O 
           10.1135353322           -9.1928874434           -1.7078704682     H 
           11.3548260961          -11.4218058200           -0.2755671245     H 
           13.0474662273           -2.3537227017            4.5756710254     O 
           14.6207199633           -1.3899625590            4.5070100450     H 
           13.1399848393           -3.5311130323            3.1646687652     H 
           22.6116578330            5.3965991112           -3.3988268156     O 
           22.6237834689            5.3950941395           -1.5636243955     H 
           22.2024294432            3.6887242619           -3.9077576631     H 
           -4.1463190935            9.2745870042            5.1730793729     O 
           -2.6740075528            9.1408557788            4.0752332430     H 
           -5.5641659712            9.6528649255            4.0685392294     H 
           12.2635835587           10.9733855912           -8.1944682829     O 
           13.4767289078           11.0049391875           -6.8397890731     H 
           12.4381194504            9.3423620480           -9.0384124078     H 
          -19.1038205410            1.1262526545           -9.4279547224     O 
          -18.9371499618            2.4312682591           -8.1172320453     H 
          -20.3641101838           -0.0067295787           -8.7735266393     H 
            6.5276949705            2.1743153111           15.5525944868     O 
            4.7463334258            1.6955001207           15.5267975308     H 
            7.4679339617            0.6363850567           15.9603547331     H 
          -15.5719452633            4.7935804025          -11.1377081689     O 
          -17.1798170069            4.0158352689          -11.4498081509     H 
          -15.1328563208            4.3660064843           -9.3813224716     H 
           -7.3125967015           -3.3133915528            8.9786471199     O 
           -8.4017528760           -4.6257291028            9.7000037757     H 
           -8.3802471565           -1.9496746429            8.3629300615     H 
          -14.9466773153            6.5484351586           -2.2686017375     O 
          -13.9873571763            7.7579354047           -3.2669471184     H 
          -16.6055671869            7.3345426156           -2.0172123337     H 
           -5.4109779619           -7.5921389048           -7.4656852365     O 
           -4.3693519712           -6.1925943787           -8.0887788542     H 
           -5.8690771467           -7.1780122188           -5.7274539564     H 
            6.9198068209           -5.9709023232           -1.0799887011     O 
            7.5312958616           -6.4911001631            0.5562939683     H 
            5.2037310543           -5.3986963006           -0.8212114058     H 
          -22.9079470800            6.0248800481           -3.1803166746     O 
          -23.9866585921            4.6842119455           -3.8382981616     H 
          -22.4671107292            5.4549561056           -1.4805579675     H 
           14.7303715175           -5.3366329186            8.2272256548     O 
           13.2884504359           -6.4338201490            8.6001645449     H 
           14.0681436438           -4.1744204553            6.9264743808     H 
            8.8915704002           -2.6349080932            7.9530395628     O 
            9.9139853145           -2.2634633699            9.4440904800     H 
           10.0672333042           -3.2242552732            6.6873551226     H 
           17.8201169816           -3.1319598720           -0.1269722754     O 
           17.6090518975           -3.0187170915           -1.9608223114     H 
           16.2326990122           -3.8950133808            0.4487620931     H 
           17.1597465692           -7.7552013361            4.4275804115     O 
           16.3692512184           -7.0694883550            5.9423915941     H 
           18.6394991548           -6.7358842234            4.1421886798     H 
           12.6327657228            6.1326876053           -9.9915325385     O 
           13.9985805017            5.3319781574           -9.0594052545     H 
           11.0545472950            5.7209581171           -9.1134759407     H 
            2.8410704589           15.9332815652            1.5780804379     O 
            2.9697300426           16.0247569198           -0.2452739116     H 
            4.4665111341           16.4578981703            2.2212329167     H 
           -1.4720888377           -2.9591591016           14.0692748061     O 
           -3.1932650341           -2.3312562516           13.8887819439     H 
           -0.4708200453           -1.4849724429           14.5141276847     H 
           14.6476791658          -12.1765703674            3.0456087212     O 
           13.1824290981          -12.3762535624            4.1160754034     H 
           15.6149418223          -10.8014304112            3.7759956855     H 
           11.6778639418           -4.2882053324           -3.9278301428     O 
           10.3332789013           -3.0329825331           -4.0264836201     H 
           10.8244889138           -5.9256265940           -4.0371049563     H 
            4.5399395377           -3.1073698384           12.6940433251     O 
            4.4367197496           -2.1547908440           11.0982027880     H 
            3.3273157395           -2.3403939459           13.8035337528     H 
            6.8178157597           12.5756807900            7.8239067676     O 
            8.0998136388           11.4554082188            7.0468415098     H 
            7.4430597613           12.9893448636            9.4683100784     H 
           -1.0030497244           14.3865819217            4.9717909126     O 
           -1.7474039402           13.6132349417            3.4689674486     H 
            0.2268317596           15.5473212885            4.2991822704     H 
           -0.3062392955            8.4308135667            1.9766499460     O 
           -0.1846217734            8.9624200297            0.2273982034     H 
            1.0078428255            9.4176638900            2.8349593637     H 
            6.6503591744           12.2837444111           -0.5521908188     O 
            8.1153251079           11.1905561063           -0.6344274703     H 
            7.0408325004           13.4903366099            0.7830659186     H 
           13.5409032852            0.7582244263           -0.4861285203     O 
           13.6308559640            0.4405158515           -2.2755722370     H 
           12.1517546466           -0.2712757016            0.1369841100     H 
            1.5848533690           11.6560913045            8.4857267351     O 
            3.3422912483           12.0315086317            8.1320256177     H 
            0.5959354863           12.6525263907            7.2892561222     H 
          -16.5204697878            8.1558981095            9.0944160439     O 
          -16.9226553460            9.5681995783            8.0337450135     H 
          -15.1327738265            8.6959433198           10.1716644470     H 
           -7.7445851041            7.1359606120           12.7793372302     O 
           -7.4421908702            7.0761728565           14.5630473439     H 
           -6.4711048424            8.3157565559           12.0500927623     H 
          -14.0040363108           11.2723628763            3.7737491520     O 
          -13.4255566373           12.2954340568            2.3512113344     H 
          -12.7818584122           11.5710902407            5.1288849857     H 
           16.9841455646           -2.9094503662           -5.0590645609     O 
           17.4065382163           -4.3139986752           -6.1962564518     H 
           15.2961713115           -2.3215007177           -5.4432899065     H 
           -9.0921338343           -9.6035780362          -10.3607216622     O 
           -8.0803335867           -8.6197564636           -9.1588644060     H 
          -10.8429558031           -9.3559242633           -9.9105445684     H 
          -11.5300661017           -2.1431844027          -14.1091271329     O 
          -10.3087121801           -3.4956563183          -13.9885267466     H 
          -12.9265444834           -2.5694774972          -13.0111096013     H 
          -17.7812419789           -2.7046039854            8.2607005239     O 
          -17.9736864530           -4.5097218696            8.0402480231     H 
          -16.5752198600           -2.1185099314            6.9521072661     H 
          -11.9574332261          -14.4863125802           -2.3584971658     O 
          -10.7517900847          -13.3511949554           -3.1456827429     H 
          -13.5763646966          -13.7478351220           -2.7542834174     H 
           -3.0517529565           13.3234363383            0.4390453707     O 
           -2.2182102360           14.3710384380           -0.7946234349     H 
           -3.4229884319           11.7618702138           -0.4850612056     H 
          -11.3735035861          -10.3440653470            7.9956925745     O 
          -12.6981245598          -11.0854592463            6.9074524408     H 
          -10.0091222820          -11.5730125833            7.9549480182     H 
          -20.2061317631            4.9185671703            6.8518295988     O 
          -20.8020371168            5.9252325803            8.2332710841     H 
          -19.3419521564            6.1065331615            5.7192358082     H 
           18.6199203135           -6.6095668017           -8.0534572687     O 
           20.1887576465           -6.9861189124           -7.1042159746     H 
           17.5009653992           -8.0129425577           -7.6823288618     H 
            3.2157183585          -17.3543717933            3.4030914616     O 
            1.5120023625          -17.9902491332            3.4294426384     H 
            3.1050520895          -15.7534620420            4.3217033873     H 
           -3.8781057506          -11.6089350160          -10.0625970746     O 
           -4.4073800552          -10.1253983614           -9.0672191010     H 
           -5.3100212014          -12.0302757889          -11.0865503174     H 
            9.1978109358           -1.4475516697            0.9846205175     O 
            8.5216558410           -1.6743061767           -0.7357910744     H 
            9.3734822156           -3.1114026215            1.7253612814     H 
          -12.5482656883            8.9262917029          -10.1606824176     O 
          -10.9403601007            8.6653665685          -11.0000718958     H 
          -13.6115887559            7.5628860579          -10.7717479888     H 
           12.5936261866           13.3849764996            2.3379335023     O 
           14.1339598758           12.4192613587            2.0906644195     H 
           12.0084232404           13.7715948159            0.6249299080     H 
           23.0954109052           -1.2552247971            0.3592101737     O 
           23.2665752973           -1.6727819487           -1.4139702027     H 
           21.8634321698            0.0991026372            0.4570692223     H 
           16.5638925994           10.1743325429            1.1840152736     O 
           16.2714278444            8.4465392878            0.5989606991     H 
           18.2103570694           10.1772671477            1.9957546362     H 
           12.5997693465           -6.1362334209           -8.6360230075     O 
           12.3001649924           -5.0692785208           -7.1694160639     H 
           13.3928434769           -7.6533350730           -7.9554273438     H 
           -1.3800688367          -12.6345064571           -5.7514776895     O 
           -2.7045747472          -12.7684747994           -4.4624400385     H 
           -2.2054717251          -12.8299670938           -7.3709203186     H 
           19.6060919974            3.8285326764            9.7037032916     O 
           19.2185219357            5.5629287124            9.2395610494     H 
           18.0222512948            2.9363364490            9.7426425831     H 
          -18.6978794444           -6.0528672852           -7.8009500930     O 
          -19.5572289881           -4.5079302100           -7.2075665549     H 
          -19.5609338810           -7.4172671726           -6.9343483176     H 
            8.8231607040           -2.4541709825           15.2586983681     O 
            7.3282866127           -2.7953366692           14.2173563008     H 
           10.1498711207           -1.9419075164           14.1051432461     H 
           11.3263819271           14.5113426204           -2.5275848807     O 
           12.8708642544           13.9579916718           -3.3121835077     H 
            9.9774538588           13.9179280748           -3.6327564353     H 
          -11.1734449655            2.8261364980          -12.8323749388     O 
          -12.8849304324            3.4306380748          -12.5418886305     H 
          -11.3065542667            1.0991838623          -13.4534242403     H 
          -14.0073753927           -8.8266403917           -8.2121804255     O 
          -15.5777312948           -8.1337677964           -8.8031730077     H 
          -14.4210276328           -9.7847196507           -6.6724485716     H 
            8.0296325267           12.3969988419           -6.0023317073     O 
            7.6106635805           10.8094834266           -5.1284045786     H 
            9.5456369442           11.9834752247           -6.9995704105     H 
           15.0461060218           -9.9852829199           -6.2989589073     O 
           13.9978360899          -11.4617546032           -6.5295749831     H 
           15.2703692515           -9.8038873847           -4.4709962522     H 
           22.5848957733           -7.1811602630           -5.1182552041     O 
           23.2533953681           -5.4746653962           -5.0082952342     H 
           21.8571521095           -7.5187118279           -3.4634080363     H 
           17.7658979396           -0.7239659202            5.0595437483     O 
           17.6220223021           -0.7638054814            6.8946315063     H 
           18.7976194708           -2.1705010270            4.5603553189     H 
           -5.5811793978           13.8072561102            7.6204185987     O 
           -5.1475749861           12.4506341351            8.7848378349     H 
           -3.9817866182           14.2237555208            6.8312987678     H 
           -2.3955516949           -4.2177295341           -9.6314793362     O 
           -0.5912962819           -4.2321455712           -9.2760607039     H 
           -2.5645927340           -4.8842559597          -11.3473182060     H 
           -9.0261951976            3.3007946037           -8.2733781865     O 
           -9.6587100481            2.8497663535           -9.9466285379     H 
           -8.7868362012            1.7445323486           -7.2884727114     H 
          -18.3599624094           -9.9231420798            2.7272792416     O 
          -19.7132006515          -10.9258667580            2.0730508297     H 
          -18.1945793205           -8.4209116448            1.6324734778     H 
            8.0549936730            5.3631342894           -8.0906140763     O 
            7.1945120151            3.7692854642           -7.8863888044     H 
            7.9012122545            6.2730553875           -6.4865024958     H 
           11.8297623634           -0.5925735460           11.4739722841     O 
           13.5179104352           -0.2344634737           10.8685131591     H 
           10.8087091038            0.9077062365           11.1604835805     H 
           -0.9189762969           14.3130400738           -4.1935663296     O 
           -2.0270452999           13.8634750318           -5.5745403289     H 
            0.5875350804           15.1198548313           -4.8238593631     H 
          -24.2002062630           -0.1533535012            0.9763712934     O 
          -23.2012701576            1.4075325313            0.9197005633     H 
          -24.2364730374           -0.5947297441            2.7390461251     H 
           11.0281183838          -13.3431290201           -6.0956366598     O 
            9.2915685336          -13.6239248561           -6.6432011251     H 
           11.1533195117          -14.0695113363           -4.4155980457     H 
           -7.3360321037          -13.4705792624            7.1363279958     O 
           -8.3765979717          -14.7070537033            6.2976404355     H 
           -6.3082619841          -12.7835555101            5.7245690780     H 
           -1.4814173931            5.1452222463           14.9418827789     O 
           -0.7676498074            6.7620720350           14.4762055189     H 
           -2.4884651415            4.5903160272           13.5015927559     H 
            5.9763833087          -13.0342838379           -6.9268056895     O 
            4.9383112131          -14.4834112530           -6.5607091754     H 
            5.5422970335          -11.8197733627           -5.5888799273     H 
          -20.8122589841           -2.0801103745           -5.5157318173     O 
          -21.7683485211           -3.0218398370           -4.2220774564     H 
          -19.4846728794           -1.1791275222           -4.5821818235     H 
          -13.2205747556           -2.6928996518           10.8917351241     O 
          -12.3694955044           -1.5741754181            9.6972829171     H 
          -14.9757834851           -2.7518959917           10.3901317895     H 
           -8.0436164942           -2.7044762065           -9.4753350036     O 
           -7.6692186626           -3.9224472318          -10.8008154336     H 
           -8.8089609752           -3.6542642093           -8.1045462037     H 
           15.7888522309           -9.5334995880           -1.2440969478     O 
           17.5373553002           -9.0178818396           -0.9833747503     H 
           15.4137154745          -10.7796014867            0.0545410797     H 
            6.6169573356           -5.0149749377          -13.6021775420     O 
            6.9338230658           -6.7966670580          -13.4513503309     H 
            8.2284794265           -4.1734662340          -13.8172194306     H 
           -2.0630284508          -16.8021312754            4.5353622644     O 
           -2.9600060392          -15.2316270699            4.1430931356     H 
           -1.7589571098          -16.7123966712            6.3252654549     H 
           -7.4745676328           14.5943421235            2.6849412441     O 
           -7.0504300436           14.6214613755            4.4625373193     H 
           -5.8675734320           14.4375018630            1.7917120864     H 
          -10.2369449120          -14.1224548723            2.4355813923     O 
           -9.3424668237          -12.5828477146            1.9433268423     H 
          -10.8823285526          -14.7566526823            0.8314948726     H 
            5.8801761563          -15.4740271419           -0.4460100158     O 
            4.7424423625          -15.4217793975           -1.8946926899     H 
            5.0015933886          -16.4562980879            0.8576357041     H 
           18.5093235957            7.4159216006           -5.4774105945     O 
           18.0054593965            6.2336142619           -6.7756063730     H 
           20.1983790129            6.9024179340           -4.8877456546     H 
           12.0430410039            2.6649811020          -13.7561775635     O 
           10.3299806592            2.9171300687          -14.3535712521     H 
           12.3051713471            4.0156467387          -12.5150506006     H 
            9.3431051289            1.5526591396            5.1805355189     O 
            8.9315092689            0.3342079132            6.5126055129     H 
            9.6438818363            0.4839371552            3.7162232266     H 
          -18.8504547975            4.6860263769           -5.7818318062     O 
          -20.4474349536            5.1751688589           -4.9668858091     H 
          -18.1722816082            6.2541903019           -6.4587001968     H 
          -23.0864003300           -4.3572463144           -1.6931340827     O 
          -21.5647647261           -4.8844721345           -0.8107857246     H 
          -23.7209745995           -2.9119125860           -0.7400478278     H 
          -12.2255648631            9.5799406046           11.6210062362     O 
          -10.6780323399            8.8610577505           12.2944585200     H 
          -11.6730996835           10.6147779472           10.1968865811     H 
          -17.5878285089            0.7394586221           -2.7648991826     O 
          -17.9440797235            2.3023357391           -3.6674519196     H 
          -15.7854582383            0.7964354559           -2.3628391728     H 
          -21.4992151917            4.1297555135            1.3646552581     O 
          -21.9787014659            4.9840319767            2.8880246810     H 
          -19.6361057180            3.8734218974            1.4852323205     H 
          -24.7787726307            1.4169586057           -4.3420130952     O 
          -25.2266914419            0.7477894950           -2.7110754328     H 
          -23.4839317852            0.3115670486           -5.0147642006     H 
          -20.6035127252           -8.9449378845           -3.8583051107     O 
          -19.9959884932           -7.8278769458           -2.5326716216     H 
          -22.4089553559           -8.8008589290           -3.8334748101     H 
           15.7066593937           -4.2318941882          -11.9053745272     O 
           14.5260009865           -4.9078826925          -10.5981450760     H 
           17.1407146855           -5.3385223621          -11.8391933814     H 
            3.1764234886            7.6905054161           -6.3654623967     O 
            2.5950865487            8.5705639908           -4.8509506219     H 
            3.6950222878            9.0119829023           -7.5339245005     H 
           21.3653920501           -4.2367282060            3.9725937539     O 
           21.9973587635           -3.2423303288            2.5113355449     H 
           22.6055290562           -4.0131808674            5.2703443519     H 
          -10.5135467140            2.3769586015            3.3237898962     O 
          -10.8504339329            4.1476578075            2.9803185951     H 
           -9.0520025097            1.9017226472            2.3003457112     H 
           -1.4176114195          -16.1361393107           -0.6451884191     O 
           -1.7229413010          -16.8146892177            1.0205741851     H 
           -2.9274333279          -15.2183485596           -1.1173614339     H 
          -14.3950984266          -12.6530724397            4.8942169397     O 
          -15.5188333837          -11.7705453556            3.7607292371     H 
          -12.9870539042          -13.3226079278            3.8771955310     H 
          -13.6367206488           -6.1828879818            4.5156718231     O 
          -13.7958807841           -4.3721920694            4.5279184374     H 
          -14.8661701022           -6.8522022054            5.6941329788     H 
           18.7936221001            1.8766927798            0.1077325299     O 
           19.1936247750            1.7612380695           -1.7085709471     H 
           17.9717798837            0.2686225034            0.4875057443     H 
           21.2968682441            9.9488549897            3.2275435110     O 
           21.9286695836            8.2698469651            2.7208036814     H 
           22.4914297028           11.1622678705            2.6212264747     H 
           16.9528729420           -1.2882352760           10.1408845123     O 
           16.2015225924           -2.9544499703            9.7989883430     H 
           18.1596104012           -1.4894215216           11.4702402960     H 
           11.2161293652            9.1069060401           -0.8817230508     O 
           12.6222924014            9.6478050272           -1.9150945111     H 
           11.8148391773            7.7749295006            0.2310587447     H 
           13.4372059859            7.6785642735            8.6965571032     O 
           13.5394543594            5.8356745120            8.4410371995     H 
           15.1585070963            8.2808453343            8.5079015621     H 
           11.1268242968           -2.3696956220          -13.5105184038     O 
           12.7375152422           -3.2282576113          -13.4435353307     H 
           11.4878766722           -0.5752493611          -13.7596949293     H 
           20.8981648762           -1.7387700696           -9.1042957112     O 
           20.0269965164           -0.7226484706          -10.3326328089     H 
           20.1185173171           -3.3871549860           -9.1213073752     H 
          -17.2786518451            2.1618307533           10.4739245577     O 
          -18.0981735549            3.1671399839            9.1827859370     H 
          -17.6220025433            0.4199267843           10.0773575197     H 
            4.4890919530           11.6197705064           -9.4342595748     O 
            5.8135308197           12.2058661083           -8.2625725128     H 
            5.3380367699           10.6821601391          -10.7530089212     H 
           -4.9022884198          -12.4116857278           -2.1499112035     O 
           -4.0191035053          -10.7976933516           -1.7928508302     H 
           -6.4941501481          -11.9468147615           -2.9387476735     H 
            6.4968737549           -6.1482696499           -8.0367205363     O 
            6.4776343109           -7.4573457565           -9.3617920815     H 
            7.7613987075           -4.8643347953           -8.4585317153     H 
           15.8761669147            5.8273468136           -1.4974150752     O 
           16.8748446095            6.4169972309           -2.9414217523     H 
           16.7157062741            4.3140651189           -0.8687820975     H 
           -5.7506450899           -9.6332766680           11.1626454718     O 
           -6.3257639043          -10.9405444100           10.0365607717     H 
           -7.2151499018           -8.6220825336           11.5870483061     H 
           -4.1643556159            9.8973187667           10.8330013892     O 
           -3.2654418901            8.8690174844            9.5580079316     H 
           -2.8850713893           10.2985895541           12.0684339114     H 
          -10.2946174581           11.4123605929            7.2161314326     O 
           -9.8939693684            9.6113118007            6.9979557238     H 
           -8.7064778456           12.3196967810            7.2918404328     H 
           16.4691641795            3.2475127338           -8.0781620671     O 
           16.8706442372            2.4667466034           -9.7144383043     H 
           15.2015146713            2.0927877780           -7.3319206559     H 
           16.9187308421            0.6769629345          -12.3254688884     O 
           16.4348643970           -1.1047070216          -12.1644043310     H 
           15.6072244945            1.4576967245          -13.3238172356     H 
           19.7100748233            1.3119317468           -4.7227812301     O 
           19.1055512829           -0.4231331392           -4.9227923078     H 
           18.7389863083            2.2476200238           -5.9818493091     H 
           23.8715933504           -2.1233264836           -4.8823796691     O 
           25.5419886869           -1.6805833197           -5.4139523486     H 
           22.7477690430           -1.6734832306           -6.2768787863     H 
           23.1379021045            5.4548108872            1.8557165017     O 
           22.5510134073            4.2123070579            3.1592985853     H 
           24.9441546524            5.3544996248            1.9021260653     H 
           20.3943456916           -7.4066077535           -0.4597646645     O 
           19.6167917726           -5.7162481060           -0.2363264160     H 
           21.3578289419           -7.7218914309            1.0382251994     H 
           21.9048664149            2.2919492655            5.3874800230     O 
           20.4407387175            1.2902797063            4.8949349127     H 
           21.4355942578            2.9858543818            7.0324636866     H 
           10.4476647965           -7.8979173209            8.1564025939     O 
            9.6698825522           -7.8475297130            9.8315167653     H 
           10.4664649860           -9.6658422992            7.6182797177     H 
           15.3815035143           11.1499397890           -3.7020955128     O 
           16.0291844789           11.2675876633           -1.9807489812     H 
           16.5992174817           10.1006964687           -4.5823241386     H 
           16.9372536983            4.7067420769            4.0650790459     O 
           15.3146809557            5.1027627992            3.2637646852     H 
           17.8999086372            3.7295710001            2.8560505385     H 
            2.5487206793           -3.3832999757          -10.1135913809     O 
            2.2996050085           -3.4510635313          -11.9454260650     H 
            3.8795259112           -4.5770112416           -9.7118595552     H 
           -6.7361017849           -0.2683972939           -0.2062399652     O 
           -6.0148622610           -1.6457474274            0.7467127873     H 
           -5.2222096257            0.4794983403           -0.9098147062     H 
           -1.5056223525           -0.3762233575           -0.5497255980     O 
            0.2290254858           -0.0430407094           -0.1357499342     H 
           -1.5132851007           -2.0888724091           -1.1545262775     H 
           -5.7450607056            9.0317772913           11.6327441540     H 
$end
$set
 chrg  1
 ewin_conf 50.0 
$end
