           1           2  0.822439061539397     
           1           3  0.904796074032091     
           4           5  0.811601246367542     
           4           6  0.831990412278216     
           7           8  0.836027490877017     
           7           9  0.834818548580071     
          10          11  0.796530744830420     
          10          12  0.859079660621299     
          13          14  0.850677592244363     
          13          15  0.860198816043033     
          16          17  0.811634416302418     
          16          18  0.825600312015542     
          19          20  0.825518568509347     
          19          21  0.809297464284177     
          22          23  0.819276585888999     
          22          24  0.832453713932482     
          25          26  0.825103190018097     
          25          27  0.861122202667341     
          28          29  0.827566876353785     
          28          30  0.814172733252327     
          31          32  0.832842075397052     
          31          33  0.838759254256017     
          34          35  0.830950054174211     
          34          36  0.779330584100984     
          37          38  0.822541815031517     
          37          39  0.792163075636706     
          40          41  0.794082568531067     
          40          42  0.815990528095589     
          43          44  0.812445938457615     
          43          45  0.819474402020826     
          46          47  0.860172837294295     
          46          48  0.803415414981136     
          49          50  0.831720577300638     
          49          51  0.863044765526152     
          52          53  0.851677800777445     
          52          54  0.865554428100546     
          55          56  0.829702251630170     
          55          57  0.793955213004852     
          58          59  0.775061546412312     
          58          60  0.838439758590840     
          61          62  0.833621496718083     
          61          63  0.865929879597179     
          64          65  0.823871565414149     
          64          66  0.815731536456178     
          67          68  0.801660392992759     
          67          69  0.803310191662216     
          70          71  0.849750248643725     
          70          72  0.834906851120895     
          73          74  0.815908172721571     
          73          75  0.784630295162062     
          76          77  0.797428742937599     
          76          78  0.845849377161357     
          79          80  0.802448760793046     
          79          81  0.832818275909638     
          82          83  0.781349575847197     
          82          84  0.863722471902894     
          85          86  0.813876491558133     
          85          87  0.845526929598640     
          88          89  0.839834025223758     
          88          90  0.801695746306406     
          91          92  0.808012710314969     
          91          93  0.887760132753790     
          94          95  0.802652282379950     
          94          96  0.826528221599759     
          97          98  0.828922477889080     
          97          99  0.826909342265284     
         100         101  0.854032771435488     
         100         102  0.825337722296531     
         103         104  0.816301213089303     
         103         105  0.807476055478750     
         106         107  0.836874110048448     
         106         108  0.835469280123022     
         109         110  0.853198821027823     
         109         111  0.813232705209319     
         112         113  0.809358896857779     
         112         114  0.801671201371167     
         115         116  0.844610799797840     
         115         117  0.836881747538237     
         118         119  0.841480871622024     
         118         120  0.821042222206815     
         121         122  0.810077488051816     
         121         123  0.838716398950874     
         124         125  0.838946954583758     
         124         126  0.835162584397632     
         127         128  0.835594499776355     
         127         129  0.858607413082110     
         130         131  0.794541140034516     
         130         132  0.823277408259388     
         133         134  0.811958836794755     
         133         135  0.827076881832374     
         136         137  0.844847820250238     
         136         138  0.848270113475082     
         139         140  0.786785629334301     
         139         141  0.760974413205256     
         142         143  0.832248275528876     
         142         144  0.812070405006415     
         145         146  0.875196419619500     
         145         147  0.861136848243979     
         148         149  0.829054035335587     
         148         150  0.787371063800329     
         151         152  0.801796715558544     
         151         153  0.821319691104948     
         154         155  0.873581949299915     
         154         156  0.879167666188904     
         157         158  0.852658701518408     
         157         159  0.809283690201739     
         160         161  0.805323903124970     
         160         162  0.838384216518690     
         163         164  0.836814204569806     
         163         165  0.802128624383680     
         166         167  0.831432039713104     
         166         168  0.770540637903399     
         169         170  0.815793191279760     
         169         171  0.775526869250586     
         172         173  0.767883835416380     
         172         174  0.841532391360540     
         175         176  0.764760845204811     
         175         177  0.809432305737604     
         178         179  0.843844406334339     
         178         180  0.858133437568284     
         181         182  0.766282463588414     
         181         183  0.882669699790062     
         184         185  0.859097094690330     
         184         186  0.803638560464568     
         187         188  0.830434347305752     
         187         189  0.823467830661370     
         190         191  0.816561833765574     
         190         192  0.780056450704762     
         193         194  0.808311592173130     
         193         195  0.844052485254633     
         196         197  0.864885709220568     
         196         198  0.839657409279755     
         199         200  0.816795579991502     
         199         201  0.816237674395812     
         202         203  0.819628769518161     
         202         204  0.819660999115370     
         205         206  0.802094107844367     
         205         207  0.847905764536663     
         208         209  0.809867300984376     
         208         210  0.897017662547050     
         211         212  0.825888517689816     
         211         213  0.825188878540377     
         214         215  0.825826979474453     
         214         216  0.783816674292458     
         217         218  0.832917556990003     
         217         219  0.826391581397901     
         220         221  0.842985130240904     
         220         222  0.828294000949842     
         223         224  0.892749266349404     
         223         225  0.796239275535968     
         226         227  0.841580780680771     
         226         228  0.900501897156632     
         229         230  0.830593858286217     
         229         231  0.817795598998297     
         232         233  0.826552600191169     
         232         234  0.900677591010931     
         235         236  0.810613148543279     
         235         237  0.812830829373859     
         238         239  0.880353243640301     
         238         240  0.814650514516748     
         241         242  0.877510234172169     
         241         243  0.816987504842964     
         244         245  0.862407936794112     
         244         246  0.833314286324129     
         247         248  0.805343784727873     
         247         249  0.787847997470817     
         250         251  0.869440388849477     
         250         252  0.834434135991396     
         253         254  0.813904287910315     
         253         255  0.832419244280497     
         256         257  0.833266679267262     
         256         258  0.870404169466302     
         259         260  0.812769996459140     
         259         261  0.878256648811204     
         262         263  0.798498045152268     
         262         264  0.840596389293095     
         265         266  0.847503507941355     
         265         267  0.813358845718739     
         268         269  0.864418757855664     
         268         270  0.844610343957454     
         271         272  0.780032000799849     
         271         273  0.851738419411381     
         274         275  0.820730053086923     
         274         276  0.878652755174696     
         277         278  0.782520931145511     
         277         279  0.807206056218438     
         280         281  0.792038183165380     
         280         282  0.804545060034128     
         283         284  0.911017249953590     
         283         285  0.817799339084926     
         286         287  0.837243724389891     
         286         288  0.831619755803714     
         289         290  0.881574290291535     
         289         291  0.831452584353202     
         292         293  0.773094094421756     
         292         294  0.895400150236196     
         295         296  0.918379802683343     
         295         297  0.776489259853113     
         298         299  0.813235964649861     
         298         300  0.810227720823999     
         301         302  0.834995044200707     
         301         303  0.843118337332022     
         304         305  0.849076002867552     
         304         306  0.842745091555292     
         307         308  0.805697782762091     
         307         309  0.820369494666294     
         310         311  0.834672758424250     
         310         312  0.803250589262550     
         313         314  0.790065922897148     
         313         315  0.828007788238279     
         316         317  0.830861513637666     
         316         318  0.869802285282550     
         319         320  0.812228780979590     
         319         321  0.810948097895638     
         322         323  0.826414600750699     
         322         324  0.782974198575154     
         325         326  0.872806297141927     
         325         327  0.833946077713901     
         328         329  0.860114464714206     
         328         330  0.815018484644320     
         331         332  0.835691237133126     
         331         333  0.918219761967329     
         334         335  0.832291428923051     
         334         336  0.803972543419163     
         337         338  0.804727123623156     
         337         339  0.826685471737690     
         340         341  0.878015554028259     
         340         342  0.807229779229482     
         343         344  0.852789078898600     
         343         345  0.851627894762954     
         166         347  0.106955633933656     
         346         347  0.755567018778066     
         346         348  0.873388991272832     
         349         350  0.812684100508094     
         349         351  0.820086140770657     
         352         353  0.871927361837393     
         352         354  0.815212115842999     
         355         356  0.860951601604573     
         355         357  0.870604634198086     
         358         359  0.851648644480854     
         358         360  0.874923844711639     
         361         362  0.837115060500663     
         361         363  0.857350411968419     
         364         365  0.798466421889434     
         364         366  0.808510148844136     
         367         368  0.768509001279067     
         367         369  0.809088433648189     
         370         371  0.839373283430060     
         370         372  0.871000892128922     
         373         374  0.849125914747730     
         373         375  0.804416555530329     
         376         377  0.834519403927038     
         376         378  0.833018729952108     
         379         380  0.810602581721259     
         379         381  0.844853383621338     
         382         383  0.820032566997460     
         382         384  0.816414949623645     
         385         386  0.852945222664260     
         385         387  0.863195886219091     
         388         389  0.815601455491733     
         388         390  0.827026062797575     
         391         392  0.878948722165428     
         391         393  0.830491670983027     
         394         395  0.811737665768831     
         394         396  0.888728427198017     
         397         398  0.836979809314711     
         397         399  0.837344304114221     
         400         401  0.883635694574464     
         400         402  0.798598760263454     
         403         404  0.815795150363323     
         403         405  0.816634536925261     
         406         407  0.815432470964442     
         406         408  0.810787316090638     
         409         410  0.800330935171998     
         409         411  0.798930787337953     
         412         413  0.846304318585362     
         412         414  0.813641792228244     
         415         416  0.843918883302277     
         415         417  0.833794396455496     
         418         419  0.815629031285268     
         418         420  0.794510217665635     
         421         422  0.822686839532553     
         421         423  0.847611731467421     
         424         425  0.815950097411530     
         424         426  0.801241039086273     
         427         428  0.837404219733978     
         427         429  0.873908481334109     
         430         431  0.842292028906184     
         430         432  0.808753557863152     
         433         434  0.858001273894860     
         433         435  0.872521300111575     
         436         437  0.832630019913217     
         436         438  0.839968471447592     
         439         440  0.866844174677271     
         439         441  0.860972890839704     
         442         443  0.802321296308029     
         442         444  0.804909482885240     
         445         446  0.786422309390183     
         445         447  0.883394876590957     
         448         449  0.786932054146205     
         448         450  0.913653243545695     
         451         452  0.816849969936995     
         451         453  0.877840427587537     
         454         455  0.838412681282767     
         454         456  0.812212552727110     
         457         458  0.836559013887441     
         457         459  0.829704046246855     
         460         461  0.863622750361933     
         460         462  0.819035622800411     
         463         464  0.847914607096935     
         463         465  0.825234649886796     
         466         467  0.901557873448830     
         466         468  0.840958026568653     
         469         470  0.910547106150661     
         469         471  0.778987148299130     
         472         473  0.831874827254536     
         472         474  0.821874249773831     
         475         476  0.801288615687312     
         475         477  0.840485711764923     
         478         479  0.808933629890828     
         478         480  0.871466567592402     
         481         482  0.862781922464295     
         481         483  0.871138440677319     
         484         485  0.859196243905620     
         484         486  0.787255463726677     
         487         488  0.850960096398163     
         487         489  0.876996081687191     
         490         491  0.872321758194089     
         490         492  0.793730253117418     
         493         494  0.787245191787387     
         493         495  0.843438321704137     
         496         497  0.905471121154262     
         496         498  0.804916736013915     
         499         500  0.803406568225942     
         499         501  0.848170989900995     
         502         503  0.883174216921081     
         502         504  0.823321423720617     
         505         506  0.793809529710469     
         505         507  0.899768753813711     
         508         509  0.773866633463531     
         508         510  0.826628879873887     
         511         512  0.845191066013553     
         511         513  0.847533187965041     
         514         515  0.849889919522891     
         514         516  0.822974719900917     
         517         518  0.860203358961877     
         517         519  0.847269821555484     
         520         521  0.821139943162110     
         520         522  0.843714025309061     
         523         524  0.822571646462774     
         523         525  0.833629974052097     
         526         527  0.806154785051455     
         526         528  0.853188620255176     
         529         530  0.852199648837867     
         529         531  0.886646633507337     
         532         533  0.809652885998485     
         532         534  0.862598933428477     
         535         536  0.813395261088370     
         535         537  0.859365389321028     
         538         539  0.885798808526762     
         538         540  0.830539343742437     
         541         542  0.843681293046423     
         541         543  0.830304014578408     
         544         545  0.885426367164518     
         544         546  0.815121451219313     
         547         548  0.800007587944747     
         547         549  0.814924554560971     
         550         551  0.860143083492371     
         550         552  0.823385028554464     
         553         554  0.854049377889918     
         553         555  0.845479999941755     
         556         557  0.835710115661063     
         556         558  0.829480786371436     
         559         560  0.839051336581651     
         559         561  0.852833845083563     
         562         563  0.823807121791252     
         562         564  0.824609678904584     
         565         566  0.829614154289355     
         565         567  0.790444764553209     
         568         569  0.912086284999683     
         568         570  0.790404520329370     
         571         572  0.843578077166570     
         571         573  0.802309953133635     
         574         575  0.848248177941344     
         574         576  0.832297093030789     
         577         578  0.859874423980692     
         577         579  0.877269957360941     
         580         581  0.813937628270329     
         580         582  0.889510385313332     
         583         584  0.834907116902908     
         583         585  0.853935669895730     
         586         587  0.887744425139958     
         586         588  0.779527395493001     
         589         590  0.862861914136195     
         589         591  0.831650940847394     
         592         593  0.876030431672829     
         592         594  0.804343362744610     
         595         596  0.807337973816962     
         595         597  0.814334830209002     
         598         599  0.824036538553974     
         598         600  0.855296095198990     
         601         602  0.835800277103795     
         601         603  0.831759915188837     
         604         605  0.837635059878822     
         604         606  0.835160826019955     
         607         608  0.889338561647544     
         607         609  0.852950980036133     
         610         611  0.817224018673909     
         610         612  0.884784414260830     
         613         614  0.858792621672328     
         613         615  0.828605232460371     
         616         617  0.822809181905995     
         616         618  0.849615023873809     
         619         620  0.827907291892911     
         619         621  0.821466277093311     
         622         623  0.859974780343348     
         622         624  0.812279645416950     
         625         626  0.856063664152550     
         625         627  0.822337783562287     
         628         629  0.808002330748687     
         628         630  0.826266142399663     
         631         632  0.810593343806122     
         631         633  0.830060399719933     
         634         635  0.841112698153592     
         634         636  0.836603827978574     
         637         638  0.845209472797861     
         637         639  0.838110974054089     
         640         641  0.830117886135662     
         640         642  0.805894879971212     
         643         644  0.891663356812544     
         643         645  0.759010037744573     
         646         647  0.888623841945607     
         646         648  0.859042946188279     
         649         650  0.836234196110486     
         649         651  0.903925914875237     
         523         653  0.101278061090464     
         652         653  0.764564187733372     
         652         654  0.893018407148936     
         655         656  0.806706211317781     
         655         657  0.834134408434690     
         658         659  0.788354576710781     
         658         660  0.913903904750379     
         661         662  0.822682728353061     
         661         663  0.840422394301402     
         664         665  0.861484938346421     
         664         666  0.855567712172068     
         667         668  0.864385261466415     
         667         669  0.812698256172116     
         670         671  0.859759731210185     
         670         672  0.845123166220892     
         673         674  0.789913064496312     
         673         675  0.823220117443215     
         676         677  0.809609296721158     
         676         678  0.915420594982628     
         679         680  0.808631173882963     
         679         681  0.911269688949896     
         682         683  0.850959289780129     
         682         684  0.827620104357629     
         685         686  0.804260494578692     
         685         687  0.847366048509378     
         688         689  0.858369736452668     
         688         690  0.823710871845033     
         691         692  0.878516099153863     
         691         693  0.868188957684176     
         694         695  0.853439427744988     
         694         696  0.869246824165143     
         697         698  0.799796498723615     
         697         699  0.867184607363571     
         700         701  0.768658625358425     
         700         702  0.835175000380046     
         703         704  0.796893847045453     
         703         705  0.819258279229802     
         706         707  0.814665277327716     
         706         708  0.821584052069257     
         709         710  0.875975685217460     
         709         711  0.857930395011697     
         712         713  0.784759477044183     
         712         714  0.872181576601003     
         715         716  0.807019028103013     
         715         717  0.843964256036390     
         718         719  0.814622971771276     
         718         720  0.784766876964005     
         721         722  0.819471751071268     
         721         723  0.873492727067632     
         724         725  0.809632915269919     
         724         726  0.818458457024026     
         727         728  0.914808601282833     
         727         729  0.824531767518122     
         730         731  0.761842046073067     
         730         732  0.914773914885734     
         733         734  0.782235736817179     
         733         735  0.898666508333725     
         731         736  0.100751427982719     
         736         737  0.827203683040782     
         736         738  0.835993125828357     
         739         740  0.819322252249352     
         739         741  0.824148658679670     
         742         743  0.834728663664474     
         742         744  0.850354716427909     
         745         746  0.798820013172199     
         745         747  0.833558497753082     
         748         749  0.820730329830031     
         748         750  0.835749217978350     
         751         752  0.866837480821065     
         751         753  0.856894405765256     
         754         755  0.871921499853244     
         754         756  0.870507838101077     
