$coord
          1.138707283076          4.606541482905          0.000000000000     h
          1.272717198770          2.548898265205          0.000000000000     c
          0.027801648166         -1.398589954527          2.403143702736     c
          0.027801648166         -1.398589954527         -2.403143702736     c
          0.027801648166          1.482233004495         -2.393901053118     c
          0.027801648166          1.482233004495          2.393901053118     c
          1.940183521869         -2.172204073924          2.405452947846     h
          1.940183521869         -2.172204073924         -2.405452947846     h
         -1.917081622139          2.175989195001         -2.567859775380     h
         -1.917081622139          2.175989195001          2.567859775380     h
          3.291088131792          2.088045128772          0.000000000000     h
         -1.016048951159         -2.197131448921          3.990449249463     h
         -1.016048951159         -2.197131448921         -3.990449249463     h
          1.021241918067          2.116372120752         -4.088633740611     h
          1.021241918067          2.116372120752          4.088633740611     h
         -1.215811881259         -2.381914521421          0.000000000000     n
         -3.076842342016         -1.849599508490          0.000000000000     h
         -1.202406165375         -4.314743229896          0.000000000000     h
$end
