$coord
          1.312901823362          3.070671161595         -3.330682172825     h 
          0.780394139695          2.226369169621         -1.523775093517     c 
         -2.554610175749         -0.172629679689          0.820369084435     c 
          1.794007089311         -1.124062399185          1.657365947040     c 
          2.648218981086          0.146424308734         -0.803169015052     c 
         -1.889634888835          1.139260046874         -1.676589051846     c 
         -2.574440281577          1.223244924803          2.346795295527     h 
          1.832126880658          0.259133364001          3.194946019849     h 
          2.722612175071         -1.266732418599         -2.309678222719     h 
         -1.987813903812         -0.236139658427         -3.216313967009     h 
          0.829094619072          3.711027612470         -0.089154587004     h 
         -4.428807070031         -1.033086356421          0.708699040728     h 
          3.067395031997         -2.673178254422          2.151524942077     h 
          4.541355790784          0.929927532003         -0.569298758009     h 
         -3.253394555579          2.635338710180         -2.069587514016     h 
         -0.757199926321         -2.122024822448          1.521880065749     n 
         -0.814073137891         -3.530754540193          0.216030814131     h 
$end
