           1           2  0.812463956263907     
           1           3  0.848590524897719     
           4           5  0.856862750346846     
           4           6  0.881600828079338     
           7           8  0.830456903980402     
           7           9  0.829334240722826     
          10          11  0.913970366848074     
          10          12  0.760885060889019     
          12          13  0.114048458285199     
          13          14  0.812299819387141     
          13          15  0.823638052223750     
          16          17  0.823603067252812     
          16          18  0.913234460686727     
          19          20  0.782569117888643     
          19          21  0.913897268029888     
          22          23  0.791412267135475     
          22          24  0.912860340094235     
          25          26  0.846359461087628     
          25          27  0.835870733413187     
          28          29  0.824934079050728     
          28          30  0.860550406202119     
          31          32  0.792524485743117     
          31          33  0.915433659829742     
          34          35  0.831925267083276     
          34          36  0.865723108465410     
          37          38  0.859457513001676     
          37          39  0.841331731687699     
          40          41  0.779026620497232     
          40          42  0.914420142330305     
          43          44  0.799655864544806     
          43          45  0.915886357937111     
          46          47  0.842868870216048     
          46          48  0.854576021864682     
          49          50  0.831629563248015     
          49          51  0.837723384433070     
          52          53  0.854828680503447     
          52          54  0.848660940746467     
          55          56  0.821561522253650     
          55          57  0.823857977156968     
          58          59  0.858160479826956     
          58          60  0.849154975794166     
          61          62  0.881096363592490     
          61          63  0.861288310087639     
          64          65  0.913213853009800     
          64          66  0.778937183173342     
          67          68  0.869030407673961     
          67          69  0.827485086236580     
          70          71  0.835350178843749     
          70          72  0.859293437138360     
          73          74  0.863074276245281     
          73          75  0.867533620294569     
