$coord
         -3.059452304176         -1.330721100897         -2.554474972754     h 
         -3.444021077219         -0.761952692024         -0.593552411317     c 
         -5.485074095204         -0.852616681883         -0.278893967045     h 
         -2.591804816671          2.000209926913         -0.232360965144     c 
         -3.081897152562          2.605328005547          1.695089127564     h 
         -3.660233721266          3.155926878097         -1.567020554988     h 
          0.090047792709          2.305077997076         -0.763038583957     n 
          0.455287484888          4.058242181138         -1.432577498190     h 
          1.784291782938          1.680725402426          1.326136579889     c 
          0.703061644088          0.756148009081          2.822165825516     h 
          2.708698194457          3.348753178620          2.133246673038     h 
          3.799379717995         -0.164356615004          0.337123877198     c 
          4.794198178319         -1.075000811928          1.896478610812     h 
          5.178563242233          0.854947622789         -0.834262879641     h 
          2.649879650318         -2.092064225147         -1.088431313112     o 
          1.610316855672         -1.223855579582         -2.325028029741     h 
         -2.361975000948         -2.471535706657          1.114235116470     o 
         -0.596792715239         -2.714542698809          0.661004798119     h 
$end
