           1           2  0.845053100136700     
           1           3  0.874267667260231     
           4           5  0.817270822055056     
           4           6  0.803222578778901     
           7           8  0.774595552979626     
           7           9  0.779201883109382     
          10          11  0.797793371292358     
          10          12  0.810785179014537     
          13          14  0.774027209803878     
          13          15  0.816424178350113     
          16          17  0.796854913648873     
          16          18  0.819622996163631     
          19          20  0.823924221956330     
          19          21  0.819734831812670     
          22          23  0.846234345325415     
          22          24  0.806607354816393     
          25          26  0.815978594576671     
          25          27  0.831483254573639     
          28          29  0.793808037016372     
          28          30  0.831121785052152     
          31          32  0.801772430498052     
          31          33  0.840466538969124     
          34          35  0.833516467129871     
          34          36  0.806172989625988     
          37          38  0.824544016669101     
          37          39  0.849435458305169     
          40          41  0.825544130590480     
          40          42  0.810693496052028     
          43          44  0.810892327656105     
          43          45  0.799944792452332     
          46          47  0.831434330158819     
          46          48  0.804494859049126     
          49          50  0.810339345815914     
          49          51  0.815200888229050     
          52          53  0.814249135251127     
          52          54  0.833609981451268     
          55          56  0.808786272442022     
          55          57  0.820131097675925     
          58          59  0.869796897950751     
          58          60  0.818301521254076     
          61          62  0.787690545095509     
          61          63  0.814363465301301     
          64          65  0.814694379837450     
          64          66  0.824645670972769     
          67          68  0.848167463969855     
          67          69  0.823437103337651     
          70          71  0.813503714600668     
          70          72  0.852145500036211     
          73          74  0.810929056871124     
          73          75  0.845311225213426     
          76          77  0.836327174710875     
          76          78  0.808593186109969     
          79          80  0.881433477473937     
          79          81  0.858339918235660     
          82          83  0.796785033336490     
          82          84  0.804780430476914     
          85          86  0.831088767260190     
          85          87  0.826540351645476     
          88          89  0.812910605719022     
          88          90  0.796326047822784     
          91          92  0.904116707380496     
          91          93  0.788022779981844     
          94          95  0.825442020536450     
          94          96  0.813266697796895     
          97          98  0.810288372037101     
          97          99  0.905873972863955     
         100         101  0.839717695115215     
         100         102  0.812021892375562     
         103         104  0.800023391549867     
         103         105  0.830475345119668     
         106         107  0.831362896039691     
         106         108  0.805786710143025     
         109         110  0.831788670100002     
         109         111  0.827161722506540     
         112         113  0.823490884959665     
         112         114  0.848187071509087     
         115         116  0.802829229129192     
         115         117  0.855076340133831     
         118         119  0.826662945528029     
         118         120  0.783399247347725     
         121         122  0.803391270636695     
         121         123  0.826672923410608     
         124         125  0.834452147317429     
         124         126  0.827683074874916     
         127         128  0.805491874587886     
         127         129  0.810473356648538     
         130         131  0.820646883849443     
         130         132  0.819978245681465     
         133         134  0.840073011437775     
         133         135  0.774131793335598     
         136         137  0.836826243303566     
         136         138  0.828037009212216     
         139         140  0.803254724766231     
         139         141  0.846268279675189     
         142         143  0.836413472147493     
         142         144  0.794229447927578     
         145         146  0.821396950909495     
         145         147  0.793960732679692     
         148         149  0.843082099830574     
         148         150  0.810201375549450     
         151         152  0.825085446010996     
         151         153  0.821261276824157     
         154         155  0.807550122728462     
         154         156  0.810304506217939     
         157         158  0.913189246665774     
         157         159  0.787569908996623     
         160         161  0.832013535950937     
         160         162  0.823849238050330     
         163         164  0.865527190267048     
         163         165  0.841963814043061     
         166         167  0.816430340613852     
         166         168  0.838568532564020     
         169         170  0.773752450145139     
         169         171  0.795278676453134     
         172         173  0.815987048585356     
         172         174  0.848183008020729     
         175         176  0.786139119726726     
         175         177  0.841393653106651     
         178         179  0.824615957629953     
         178         180  0.795331964148578     
         181         182  0.833717529659222     
         181         183  0.794858763490725     
         184         185  0.792046500815714     
         184         186  0.825452350066488     
         187         188  0.870540705757293     
         187         189  0.867136906831918     
         190         191  0.828009584801733     
         190         192  0.865104930551269     
         193         194  0.876798652471030     
         193         195  0.852876997080798     
         196         197  0.842134089199580     
         196         198  0.824484810826772     
         199         200  0.812274193693474     
         199         201  0.778729335700020     
         202         203  0.844925450697976     
         202         204  0.835327290713647     
         205         206  0.858285694772738     
         205         207  0.819642729114923     
         208         209  0.829319047522096     
         208         210  0.837313168251339     
         211         212  0.782727954330990     
         211         213  0.824208278468643     
         214         215  0.845128553281733     
         214         216  0.798927689419644     
         217         218  0.815063115638005     
         217         219  0.842478724223051     
         220         221  0.822602304978841     
         220         222  0.831983446564969     
         223         224  0.846724138764720     
         223         225  0.817558587338657     
         226         227  0.823692443869086     
         226         228  0.824057550983138     
         229         230  0.807516728105145     
         229         231  0.797841533925252     
         232         233  0.795297525581391     
         232         234  0.828271340152715     
         235         236  0.793586798936970     
         235         237  0.840020624116617     
         238         239  0.892230124276726     
         238         240  0.858588672156527     
         241         242  0.885880460722496     
         241         243  0.836395006343400     
         244         245  0.805431351435061     
         244         246  0.864765104465187     
         247         248  0.827544665972330     
         247         249  0.789963661267760     
         250         251  0.840977480152664     
         250         252  0.843659505918806     
         253         254  0.803496361293624     
         253         255  0.861905670172946     
         256         257  0.837410588218990     
         256         258  0.808000292284734     
         259         260  0.859945459787651     
         259         261  0.834658253888894     
         262         263  0.815550612766184     
         262         264  0.885775604060350     
         265         266  0.845154454231939     
         265         267  0.839154189826793     
         268         269  0.840858360395342     
         268         270  0.889265334991097     
         271         272  0.767130362108952     
         271         273  0.809578612756068     
         274         275  0.828163795816035     
         274         276  0.830173497519017     
         277         278  0.810097819038222     
         277         279  0.799184308824064     
         280         281  0.835676591549378     
         280         282  0.856819976350122     
         283         284  0.843504787333476     
         283         285  0.827411595308105     
         286         287  0.833773692667452     
         286         288  0.785639439230449     
         289         290  0.839451696876944     
         289         291  0.806179307876713     
         292         293  0.876575606864549     
         292         294  0.797915210756502     
         295         296  0.825158373037535     
         295         297  0.821495071658828     
         298         299  0.855117136911876     
         298         300  0.827589381465322     
         301         302  0.832635891831035     
         301         303  0.835817551585324     
         304         305  0.915513361654655     
         304         306  0.808691337216463     
         307         308  0.834217882088668     
         307         309  0.802610776154842     
         310         311  0.863560965033818     
         310         312  0.851984053081886     
         313         314  0.821004230237719     
         313         315  0.859573535673298     
         316         317  0.809334303292095     
         316         318  0.835834103508962     
         319         320  0.828441394878845     
         319         321  0.860366898775236     
         322         323  0.816590446995329     
         322         324  0.783863758778777     
         325         326  0.839095919484546     
         325         327  0.879492203538916     
         328         329  0.820721965704611     
         328         330  0.866612978279774     
         331         332  0.856226188957263     
         331         333  0.794522707741770     
         334         335  0.823152939283482     
         334         336  0.868256740956746     
         337         338  0.823364818145077     
         337         339  0.834546107216017     
         340         341  0.868328419373237     
         340         342  0.847774091110100     
         343         344  0.805986389755514     
         343         345  0.786280727101003     
         346         347  0.810088203204912     
         346         348  0.807193068581587     
         349         350  0.839224670617799     
         349         351  0.815874443754562     
         352         353  0.828815848917705     
         352         354  0.894569603876435     
         355         356  0.822582148813121     
         355         357  0.874980884681204     
         358         359  0.838576446221651     
         358         360  0.858128844832717     
         361         362  0.776183736235277     
         361         363  0.909531676033241     
         364         365  0.786586108492223     
         364         366  0.823004743120929     
         367         368  0.885071189785632     
         367         369  0.837437715783257     
         370         371  0.807817824106457     
         370         372  0.847111709769085     
         373         374  0.879498320341363     
         373         375  0.854422219460036     
         376         377  0.831813542160397     
         376         378  0.791809763211599     
         379         380  0.828953938049872     
         379         381  0.809506106052658     
         382         383  0.874461765744720     
         382         384  0.829935427750380     
         385         386  0.801361695105472     
         385         387  0.898573652459277     
         388         389  0.849250749239225     
         388         390  0.847482483641119     
         391         392  0.878483274391726     
         391         393  0.798271335444857     
         394         395  0.805081690440831     
         394         396  0.848874885266971     
         397         398  0.805088339998445     
         397         399  0.790950134241073     
         400         401  0.856687148350829     
         400         402  0.798023243657132     
         403         404  0.836776430839727     
         403         405  0.797088683359408     
         406         407  0.812894161960180     
         406         408  0.795791236342087     
         409         410  0.820029967200022     
         409         411  0.818080183275612     
         412         413  0.792420476586450     
         412         414  0.810435284130712     
         415         416  0.867928607063280     
         415         417  0.854520971201542     
         418         419  0.849406701992880     
         418         420  0.815003863384322     
         421         422  0.815765854653708     
         421         423  0.853932853990313     
         424         425  0.894154253678095     
         424         426  0.831143781562712     
         427         428  0.814316863179335     
         427         429  0.775631539255655     
         430         431  0.791703859463986     
         430         432  0.833852918435876     
         433         434  0.895647534398958     
         433         435  0.791509986077610     
         436         437  0.810906343555369     
         436         438  0.822689499040797     
         439         440  0.849208525063001     
         439         441  0.839183868826211     
         442         443  0.867944079063897     
         442         444  0.835144096331182     
         445         446  0.852305945255707     
         445         447  0.829511168663580     
         448         449  0.851086101104195     
         448         450  0.866875686810978     
         451         452  0.798577673504965     
         451         453  0.824216134280549     
         454         455  0.811953531449408     
         454         456  0.853238498781062     
         457         458  0.843685460919657     
         457         459  0.848867765198206     
         460         461  0.908177994085123     
         460         462  0.806924991454758     
         463         464  0.837351067668626     
         463         465  0.861938570197417     
         466         467  0.834093415533396     
         466         468  0.824452462115254     
         469         470  0.881034589381365     
         469         471  0.804817751145338     
         472         473  0.791203782347639     
         472         474  0.794497522713043     
         475         476  0.829986361935654     
         475         477  0.848087292265367     
         478         479  0.826273873442530     
         478         480  0.876140780783121     
         481         482  0.809832717421339     
         481         483  0.819190650435963     
         484         485  0.837236575322312     
         484         486  0.857759654502265     
         487         488  0.832612646669889     
         487         489  0.845445798214163     
         490         491  0.770231482623732     
         490         492  0.880709738159932     
         493         494  0.802403919823347     
         493         495  0.827531749765368     
         496         497  0.839231269868777     
         496         498  0.768717838388198     
         499         500  0.794597866998261     
         499         501  0.884616558774283     
         502         503  0.861964247395086     
         502         504  0.819517921626931     
         505         506  0.881484937103642     
         505         507  0.854029182991980     
         508         509  0.842037902193250     
         508         510  0.852342954018713     
         511         512  0.821111722006497     
         511         513  0.836405391666506     
         514         515  0.872933350435650     
         514         516  0.839205474365484     
         517         518  0.810232535980257     
         517         519  0.878619475459012     
         520         521  0.861733878011796     
         520         522  0.853096576794659     
         523         524  0.849583182313554     
         523         525  0.847750852332703     
         526         527  0.811652996463436     
         526         528  0.840490535737143     
         529         530  0.785515706690704     
         529         531  0.830271231028203     
         532         533  0.843795906035180     
         532         534  0.902694996473910     
         535         536  0.801078880065068     
         535         537  0.824456490349916     
         538         539  0.857220130286409     
         538         540  0.822703558172435     
         541         542  0.846039389600063     
         541         543  0.868988593146490     
         544         545  0.838572475420274     
         544         546  0.819091849434386     
         547         548  0.852361517318908     
         547         549  0.816329729587561     
         550         551  0.831464753782255     
         550         552  0.850985902279904     
         553         554  0.839543460906681     
         553         555  0.844346589446154     
         556         557  0.873514026879758     
         556         558  0.805135037028245     
         559         560  0.832993544211516     
         559         561  0.837879049956930     
         562         563  0.810175822850375     
         562         564  0.869327607885506     
         565         566  0.842716745431915     
         565         567  0.838874820795223     
         568         569  0.853480747376294     
         568         570  0.836904367234423     
         571         572  0.856614176493284     
         571         573  0.855426405663814     
         574         575  0.858170388786551     
         574         576  0.843486602218799     
         577         578  0.788318973303019     
         577         579  0.815738891601808     
         580         581  0.897562646976936     
         580         582  0.809460686506732     
         583         584  0.838273502275407     
         583         585  0.818643899579631     
         586         587  0.864761111931019     
         586         588  0.820470215847725     
         589         590  0.864536978321760     
         589         591  0.799952919375627     
         592         593  0.804472449445421     
         592         594  0.863548844026595     
         595         596  0.890424073467722     
         496         597  0.100197947010500     
         595         597  0.765163783897792     
         598         599  0.896890112754141     
         598         600  0.798011831885934     
         601         602  0.852574689703469     
         601         603  0.876351387787465     
         604         605  0.857046300978226     
         604         606  0.833951055217826     
         607         608  0.835377288303652     
         607         609  0.850845723237451     
         610         611  0.851702162754448     
         610         612  0.867781557135556     
         613         614  0.864276838068683     
         613         615  0.859632647697704     
         616         617  0.870558157890242     
         616         618  0.842772648521767     
         619         620  0.801978072065015     
         619         621  0.856971440976771     
         622         623  0.911377945332172     
         622         624  0.806602120709355     
         625         626  0.862582803958954     
         625         627  0.832214631055179     
         628         629  0.814071444106173     
         628         630  0.886404829879567     
         631         632  0.852929390887261     
         631         633  0.816431331423280     
         634         635  0.790087918033222     
         634         636  0.899876750541471     
         637         638  0.874234340337699     
         637         639  0.843587633008126     
         640         641  0.808225563353284     
         640         642  0.867605898064381     
         643         644  0.897126548746059     
         643         645  0.788500359485536     
         646         647  0.810561778981695     
         646         648  0.827091002025251     
         649         650  0.872560053601467     
         649         651  0.828360473503099     
         652         653  0.824782918813374     
         652         654  0.847666351760686     
         655         656  0.829852211151688     
         655         657  0.832913864149755     
         658         659  0.824325565657261     
         658         660  0.865134353489793     
         661         662  0.816491518051388     
         661         663  0.890946533004742     
         664         665  0.815406481531165     
         664         666  0.823335095793183     
         667         668  0.795989251770272     
         667         669  0.917749724770479     
         670         671  0.841427049484485     
         670         672  0.826557848876613     
         673         674  0.869333307351246     
         673         675  0.783024819347473     
         676         677  0.841607027740465     
         676         678  0.820905384459345     
         679         680  0.825237524700104     
         679         681  0.819622100139356     
         682         683  0.857231988214734     
         682         684  0.855971288166561     
         685         686  0.810621638189711     
         685         687  0.834798232358294     
         688         689  0.806194297803383     
         688         690  0.806848617928101     
         691         692  0.879216955068929     
         691         693  0.799799157170329     
         694         695  0.823822449408758     
         694         696  0.780294879153359     
         697         698  0.830952957438144     
         697         699  0.834506473450188     
         700         701  0.872340745715119     
         700         702  0.877286624117697     
         703         704  0.845828736350663     
         703         705  0.836863679457480     
         706         707  0.802164203707268     
         706         708  0.910577147671104     
         709         710  0.872985001069795     
         709         711  0.843742628397223     
         712         713  0.821514031303471     
         712         714  0.864297719988648     
         715         716  0.824503193013832     
         715         717  0.827901540320058     
         718         719  0.846028385209851     
         718         720  0.852334782560282     
         721         722  0.811367289118917     
         721         723  0.828189802622554     
         724         725  0.824597593949052     
         724         726  0.827660192140821     
         727         728  0.824313868316046     
         727         729  0.838562034780001     
         730         731  0.864082901060039     
         730         732  0.855180738524012     
         733         734  0.823767512183042     
         733         735  0.807502576661121     
         736         737  0.859136443058827     
         736         738  0.803518656841262     
         739         740  0.799531935481313     
         739         741  0.858235594186676     
         742         743  0.813351207107523     
         742         744  0.827158832673803     
         745         746  0.898280193628074     
         745         747  0.799144317622686     
         748         749  0.806139436696394     
         748         750  0.857972262575098     
         751         752  0.885584271396670     
         751         753  0.813749292107459     
         754         755  0.813788357875414     
         754         756  0.885420085661754     
