           1           2  0.917065771363523     
           1           3  0.811673128526925     
           4           5  0.815167242431980     
           4           6  0.822491985815472     
           7           8  0.792458134644077     
           7           9  0.804408378372808     
          10          11  0.789838401537381     
          10          12  0.863353262042563     
          13          14  0.812610769090883     
          13          15  0.801526134423770     
          16          17  0.841246461252579     
          16          18  0.797731192285432     
          19          20  0.811426808751940     
          19          21  0.823565277567633     
          22          23  0.864236097636784     
          22          24  0.814195186287424     
          25          26  0.833544512881059     
          25          27  0.839888039854421     
          28          29  0.813390643980214     
          28          30  0.810025587437071     
          31          32  0.794216026241250     
          31          33  0.832674249136210     
          34          35  0.834173368678941     
          34          36  0.805826992537635     
          37          38  0.838875428730042     
          37          39  0.809443876193392     
          40          41  0.825276124677129     
          40          42  0.816410289012439     
          43          44  0.799113020326051     
          43          45  0.811770209059660     
          46          47  0.816922516106663     
          46          48  0.779647429844497     
          49          50  0.806805904859311     
          49          51  0.807012746260262     
          52          53  0.816004095835470     
          52          54  0.832321364289330     
          55          56  0.811951895608458     
          55          57  0.788394979707771     
          58          59  0.803309308624361     
          58          60  0.832719934789127     
          61          62  0.818616077282230     
          61          63  0.851773944931775     
          64          65  0.799337219583457     
          64          66  0.773501553891726     
          67          68  0.845745778712170     
          67          69  0.779291356756615     
          70          71  0.813641009293778     
          70          72  0.827960396696415     
          73          74  0.829275985635894     
          73          75  0.808334681803835     
          76          77  0.805394785879465     
          76          78  0.823907344754021     
          79          80  0.792756399794177     
          79          81  0.840409036666793     
          82          83  0.802514233222058     
          82          84  0.797684431210048     
          85          86  0.808852879472356     
          85          87  0.827962545683353     
          88          89  0.775292897437113     
          88          90  0.838853282815367     
          91          92  0.782563515486602     
          91          93  0.863631494224607     
          94          95  0.829538392856184     
          94          96  0.795315706569274     
          97          98  0.803540489835965     
          97          99  0.833791785302153     
         100         101  0.837359333563746     
         100         102  0.818567990017024     
         103         104  0.843564119431899     
         103         105  0.812489954077664     
         106         107  0.807989404795887     
         106         108  0.826798321053452     
         109         110  0.808712182966160     
         109         111  0.820871060343184     
         112         113  0.852213894627372     
         112         114  0.843899164898224     
         115         116  0.854456915088728     
         115         117  0.818710745912894     
         118         119  0.813435145543581     
         118         120  0.792361193741307     
         121         122  0.861967902584970     
         121         123  0.812738238815139     
         124         125  0.843202460616277     
         124         126  0.832592282058073     
         127         128  0.810900025585688     
         127         129  0.831317981990761     
         130         131  0.821565917583377     
         130         132  0.832000656141258     
         133         134  0.819147037497491     
         133         135  0.795966437403517     
         136         137  0.802244750145879     
         136         138  0.839204804174387     
         139         140  0.817094558905273     
         139         141  0.794601300838154     
         142         143  0.814581289471429     
         142         144  0.835187243009910     
         145         146  0.882600977963996     
         145         147  0.809850222390773     
         148         149  0.820631365798535     
         148         150  0.822136485848724     
         151         152  0.816918748108723     
         151         153  0.819360811610681     
         154         155  0.817985860528637     
         154         156  0.817705910018120     
         157         158  0.854089459571345     
         157         159  0.814712454631452     
         160         161  0.834279196052261     
         160         162  0.814980216742007     
         163         164  0.849417251237668     
         163         165  0.812875617680853     
         166         167  0.837582091645719     
         166         168  0.823581231100642     
         169         170  0.802123922509426     
         169         171  0.828283771457129     
         172         173  0.815463587360248     
         172         174  0.829514069549876     
         175         176  0.824826695992630     
         175         177  0.819167240064868     
         178         179  0.914681248668053     
         178         180  0.817479305896708     
         181         182  0.839943008813816     
         181         183  0.807821237398156     
         184         185  0.809244809470070     
         184         186  0.851402889526983     
         187         188  0.864815471533532     
         187         189  0.826717552891828     
         190         191  0.822440813874893     
         190         192  0.819898131332466     
         193         194  0.814218815447884     
         193         195  0.814313569701068     
         196         197  0.830810895750173     
         196         198  0.824101732884706     
         199         200  0.822312788549095     
         199         201  0.826770259532399     
         202         203  0.825516504320371     
         202         204  0.838871562746728     
         205         206  0.835709743999593     
         205         207  0.843289661837341     
         208         209  0.890366512544923     
         208         210  0.820169848018185     
         211         212  0.798598014924374     
         211         213  0.874672244450919     
         214         215  0.804895279651086     
         214         216  0.833342599270704     
         217         218  0.802305417359950     
         217         219  0.837652021439938     
         220         221  0.813423833413263     
         220         222  0.827882643215609     
         223         224  0.800787847521525     
         223         225  0.856466458472821     
         226         227  0.816891362394066     
         226         228  0.823500381834538     
         229         230  0.841782657485737     
         229         231  0.832960188953538     
         232         233  0.790064956564713     
         232         234  0.807212674260810     
         235         236  0.814972329997538     
         235         237  0.877162817039714     
         238         239  0.864781384069607     
         238         240  0.803120773976403     
         241         242  0.825438781803987     
         241         243  0.853143653218837     
         244         245  0.822121628389303     
         244         246  0.864738600238054     
         247         248  0.809444761578960     
         247         249  0.855454504759165     
         250         251  0.869403084506407     
         250         252  0.861854217033956     
         253         254  0.800821919247436     
         253         255  0.817698800166148     
         256         257  0.858500707331972     
         256         258  0.826405708477499     
         259         260  0.833856136159433     
         259         261  0.898434352217486     
         262         263  0.867298581566371     
         262         264  0.813067364219210     
         265         266  0.816599535622788     
         265         267  0.843714391192018     
         268         269  0.799186144655799     
         268         270  0.894988997687758     
         271         272  0.813342674102820     
         271         273  0.812292856616376     
         274         275  0.803413955622776     
         274         276  0.836229294883973     
         277         278  0.839235325214908     
         277         279  0.790977374124046     
         280         281  0.800669335595851     
         280         282  0.809738538319845     
         283         284  0.805163621003108     
         283         285  0.854964382701383     
         286         287  0.826099995494041     
         286         288  0.821234502030745     
         289         290  0.818851803719834     
         289         291  0.858276759313682     
         292         293  0.875783272718494     
         292         294  0.860750370191275     
         295         296  0.818582961555138     
         295         297  0.811432654627140     
         298         299  0.825278303639525     
         298         300  0.814522184973369     
         301         302  0.887372181931848     
         301         303  0.809443571274130     
         304         305  0.859807113609588     
         304         306  0.830315358496023     
         307         308  0.793304909500739     
         307         309  0.845201082222510     
         310         311  0.819275560598965     
         310         312  0.836441830140271     
         313         314  0.844084998640321     
         313         315  0.819362397026253     
         316         317  0.819124749299740     
         316         318  0.844182908722482     
         319         320  0.792059086870046     
         319         321  0.777405358850158     
         322         323  0.833593239032283     
         322         324  0.811037934757112     
         325         326  0.822612269036177     
         325         327  0.848618331075052     
         328         329  0.839000945100773     
         328         330  0.816731238260767     
         331         332  0.813227017454753     
         331         333  0.841549040019387     
         280         335  0.102459141744022     
         334         335  0.763481639699356     
         334         336  0.905804895175650     
         337         338  0.814748909452871     
         337         339  0.817732133682363     
         340         341  0.834282387940838     
         340         342  0.852094906313640     
         343         344  0.820455896821750     
         343         345  0.819367057767545     
         346         347  0.819887717630620     
         346         348  0.830943935850568     
         349         350  0.825671056924076     
         349         351  0.845616864783431     
         352         353  0.796254984759025     
         352         354  0.877650162876883     
         355         356  0.791427735423189     
         355         357  0.871190854732251     
         358         359  0.811468162762054     
         358         360  0.824383814884788     
         361         362  0.816437111390250     
         361         363  0.863125360412546     
         364         365  0.828759422372733     
         364         366  0.809549043481735     
         367         368  0.845869535015891     
         367         369  0.821689613995444     
         370         371  0.810006594845845     
         370         372  0.882673895563522     
         373         374  0.851088298019925     
         373         375  0.827746246285172     
         376         377  0.793856932423096     
         376         378  0.824345462288873     
         379         380  0.836349718779732     
         379         381  0.849805977526952     
         382         383  0.864332900960507     
         382         384  0.870045237104957     
         385         386  0.797204365203907     
         385         387  0.837850303620237     
         388         389  0.830801848578562     
         388         390  0.829508056552234     
         391         392  0.831888903510756     
         391         393  0.862332805328471     
         394         395  0.833053680367711     
         394         396  0.799377833676679     
         397         398  0.855966327854057     
         397         399  0.857657009444037     
         400         401  0.828367596517816     
         400         402  0.849863712737900     
         403         404  0.804082672901015     
         403         405  0.823039378015471     
         406         407  0.781994999515028     
         406         408  0.829789881380104     
         409         410  0.876580719996455     
         409         411  0.846645820000193     
         412         413  0.816645114203754     
         412         414  0.812428120541644     
         415         416  0.867333136703779     
         415         417  0.846971900154839     
         418         419  0.877672942302154     
         418         420  0.790729001072010     
         421         422  0.859140438683097     
         421         423  0.869903613734518     
         424         425  0.910995176425100     
         424         426  0.803276211146365     
         427         428  0.851819489864432     
         427         429  0.829650716917753     
         430         431  0.855098751507860     
         430         432  0.792602224416556     
         433         434  0.832480467030531     
         433         435  0.856930911561164     
         436         437  0.806884804786367     
         436         438  0.807411431912857     
         439         440  0.820356657604014     
         439         441  0.815145868635205     
         442         443  0.835225002114125     
         442         444  0.874151948964979     
         445         446  0.910052000109870     
         445         447  0.814206448868373     
         448         449  0.855478503764183     
         448         450  0.856811341816507     
         451         452  0.854280427701897     
         451         453  0.822681047150660     
         454         455  0.859131754630140     
         454         456  0.844164668107132     
         457         458  0.893602008846882     
         430         459  0.100279154429182     
         457         459  0.766813454319784     
         460         461  0.851292281942556     
         460         462  0.840465569014121     
         463         464  0.858308908791811     
         463         465  0.869430718533462     
         466         467  0.850877125560184     
         466         468  0.865462484257185     
         469         470  0.904355436792826     
         469         471  0.811763346624292     
         472         473  0.853323991872736     
         472         474  0.842477556766255     
         475         476  0.883655548753272     
         475         477  0.826471807138537     
         478         479  0.863992073116052     
         478         480  0.823521880614626     
         481         482  0.817533199197510     
         481         483  0.830538568828065     
         484         485  0.835525439614419     
         484         486  0.814252633292744     
         487         488  0.820779916730803     
         487         489  0.871625107853012     
         490         491  0.811774291750187     
         490         492  0.860777526220305     
         493         494  0.804496329527403     
         493         495  0.796290016840334     
         496         497  0.809298245529234     
         496         498  0.812674553899742     
         499         500  0.823602169687838     
         499         501  0.844835145374148     
         502         503  0.837661707116661     
         502         504  0.857752705004198     
         505         506  0.915898009870660     
         505         507  0.832155346551158     
         508         509  0.800329034535270     
         508         510  0.809079513127897     
         511         512  0.823419618063782     
         511         513  0.835361758386073     
         514         515  0.772566907059203     
         514         516  0.913708670860857     
         517         518  0.812717237663692     
         517         519  0.801825292795720     
         520         521  0.799781154431758     
         520         522  0.872313854081972     
         523         524  0.905027547099725     
         523         525  0.816703440455276     
         526         527  0.868633042143231     
         526         528  0.868739050580095     
         529         530  0.839985289991066     
         529         531  0.826844686357032     
         532         533  0.811428249746868     
         532         534  0.877933069830181     
         535         536  0.839235452631352     
         535         537  0.876928888888059     
         538         539  0.883034677530836     
         538         540  0.818796646821016     
         541         542  0.796626071204455     
         541         543  0.882140930594354     
         544         545  0.854263696008388     
         544         546  0.865116247007267     
         547         548  0.789101992646011     
         547         549  0.882090241991139     
         550         551  0.895361240474941     
         550         552  0.830098980489343     
         553         554  0.793355494981447     
         553         555  0.879350668532773     
         556         557  0.850259716316651     
         556         558  0.849995187155536     
         559         560  0.886091642555808     
         559         561  0.813805618545099     
         562         563  0.856008668061835     
         562         564  0.856831217883207     
         565         566  0.852640961101121     
         565         567  0.791541164574567     
         568         569  0.900591409314335     
         568         570  0.789790775838723     
         571         572  0.815147171898867     
         571         573  0.863493224854309     
         574         575  0.865187268080081     
         574         576  0.794493770276950     
         577         578  0.856826580034604     
         577         579  0.819301160094918     
         580         581  0.806458645022950     
         580         582  0.835011313449688     
         583         584  0.842069650068852     
         583         585  0.834169012621571     
         586         587  0.823975730459098     
         586         588  0.860924937256845     
         589         590  0.847989153126500     
         589         591  0.821951887647911     
         592         593  0.827414992622733     
         592         594  0.862580228096380     
         595         596  0.862505913070791     
         595         597  0.809378738098890     
         598         599  0.845372328574764     
         598         600  0.852319841439562     
         601         602  0.811427899274547     
         601         603  0.913854036237485     
         604         605  0.803586650837633     
         604         606  0.811546118409233     
         607         608  0.783831168089852     
         607         609  0.908727729105539     
         610         611  0.845103219135098     
         610         612  0.873008490557077     
         613         614  0.807053936396315     
         613         615  0.849253457527382     
         616         617  0.868224656047906     
         616         618  0.834628445622592     
         619         620  0.826978820755057     
         619         621  0.819361299432949     
         622         623  0.828573077295986     
         622         624  0.816528392750725     
         625         626  0.891432796488229     
         625         627  0.811093631114690     
         628         629  0.816853864183968     
         628         630  0.877274954891716     
         631         632  0.835064792128964     
         631         633  0.858544477640352     
         634         635  0.887024490430271     
         634         636  0.809090058730692     
         637         638  0.861943574354771     
         637         639  0.845186126060458     
         640         641  0.873011834707480     
         640         642  0.799261378067963     
         643         644  0.839213673617534     
         643         645  0.819238835922617     
         646         647  0.832041754889045     
         646         648  0.798897905433142     
         649         650  0.876755572070438     
         649         651  0.834664771232291     
         652         653  0.905893123477861     
         652         654  0.826485715289024     
         655         656  0.823245357986354     
         655         657  0.844132890509406     
         658         659  0.841631789827510     
         658         660  0.816907583850676     
         661         662  0.821634920241589     
         661         663  0.862865999114805     
         664         665  0.857912424268688     
         664         666  0.842160255784722     
         667         668  0.802494201755953     
         667         669  0.848946673049401     
         670         671  0.835054935001137     
         670         672  0.848660666755065     
         673         674  0.801336074660094     
         673         675  0.836927043473155     
         676         677  0.804872306319017     
         676         678  0.826887502648609     
         679         680  0.788578076079338     
         679         681  0.813361080987199     
         502         683  0.108340491655869     
         682         683  0.768742142633532     
         682         684  0.912002377648374     
         685         686  0.802458457359974     
         685         687  0.811701186827841     
         688         689  0.793117972564980     
         688         690  0.800290796037156     
         691         692  0.814744238160494     
         691         693  0.836569429102283     
         694         695  0.788675905254160     
         694         696  0.805567451109934     
         697         698  0.797410670365102     
         697         699  0.816837601738488     
         700         701  0.854739708915161     
         700         702  0.863404017858860     
         703         704  0.824619946090121     
         703         705  0.831884083447910     
         706         707  0.844775582130737     
         706         708  0.872566465272968     
         709         710  0.836241305063014     
         709         711  0.877440295311246     
         712         713  0.916823545224258     
         712         714  0.787963138468056     
         715         716  0.824931878338981     
         715         717  0.784321716813730     
         718         719  0.821823786631329     
         718         720  0.794769816787732     
         721         722  0.864887506829958     
         721         723  0.889015052438969     
         724         725  0.831742536210624     
         724         726  0.917573665827167     
         727         728  0.886318828892844     
         727         729  0.807351280774892     
         730         731  0.872748075755203     
         730         732  0.791004987861080     
         733         734  0.843939207127742     
         733         735  0.818024469682907     
         736         737  0.841317490584494     
         736         738  0.860941197015391     
         739         740  0.844767638618032     
         739         741  0.846942610044740     
         742         743  0.866571693563643     
         742         744  0.820957780356781     
         745         746  0.853022679902835     
         745         747  0.843180646613580     
         748         749  0.863931004347071     
         748         750  0.840841292015551     
         751         752  0.863597530088359     
         751         753  0.853357429448882     
         754         755  0.814931400010300     
         754         756  0.855571375561930     
