   -0.66614887
    0.32498748
    0.34489542
   -0.69747016
    0.34258239
    0.34342951
   -0.67726247
    0.35115347
    0.34016325
   -0.69000195
    0.33965779
    0.34379713
   -0.69247712
    0.34656220
    0.34580803
   -0.69223007
    0.34757945
    0.34672376
   -0.68916783
    0.34366846
    0.34594759
   -0.68333889
    0.36269603
    0.36197903
   -0.66893977
    0.33691393
    0.33773120
   -0.67831447
    0.33879663
    0.32942653
   -0.68518411
    0.33325290
    0.35200658
   -0.67507397
    0.35301022
    0.34328472
   -0.68471582
    0.34636513
    0.34279366
   -0.70969503
    0.33829128
    0.35370825
   -0.68291443
    0.35636491
    0.35701907
   -0.68026122
    0.34221788
    0.32887763
   -0.70478381
    0.34703588
    0.36251312
   -0.68036529
    0.34425636
    0.34726143
   -0.68254519
    0.34297511
    0.34192634
   -0.68652248
    0.34480184
    0.34733648
   -0.68790477
    0.35695288
    0.34569249
   -0.69537409
    0.34542631
    0.34936402
   -0.67152794
    0.33947405
    0.33482645
   -0.68021821
    0.34372690
    0.33156512
   -0.68908559
    0.34271774
    0.34197240
   -0.69621279
    0.34721399
    0.34269346
   -0.64609338
    0.35141262
    0.29458257
   -0.69388349
    0.33536492
    0.34016645
   -0.68966646
    0.33486496
    0.34688328
   -0.67930004
    0.35340085
    0.34114719
   -0.67678115
    0.32556460
    0.33396948
   -0.67281324
    0.32877193
    0.34814611
   -0.71246502
    0.35107210
    0.34779571
   -0.68370563
    0.34397834
    0.33978033
   -0.69329813
    0.34613287
    0.33996402
   -0.69039999
    0.34012770
    0.32737595
   -0.69358124
    0.34727037
    0.35407552
   -0.67696926
    0.34329517
    0.35048794
   -0.72042506
    0.34556050
    0.33938659
   -0.69791821
    0.34324898
    0.36035169
   -0.67479582
    0.33945950
    0.31872131
   -0.70677723
    0.35663856
    0.35688153
   -0.70072171
    0.33773467
    0.33423311
   -0.65618298
    0.35754726
    0.29395890
   -0.65454545
    0.32411919
    0.32802107
   -0.69677721
    0.34059953
    0.34335590
   -0.68200536
    0.34881934
    0.35021300
   -0.69514074
    0.34103327
    0.35249090
   -0.65860177
    0.34331696
    0.31578309
   -0.69472862
    0.35336584
    0.32980494
   -0.66005581
    0.33402308
    0.34109576
   -0.69470987
    0.33008177
    0.35668624
   -0.66544989
    0.31537867
    0.34681289
   -0.69579660
    0.35037455
    0.33547589
   -0.66970986
    0.33903908
    0.33796014
   -0.68097159
    0.34169167
    0.34422143
   -0.67922867
    0.34348069
    0.34020703
   -0.66996332
    0.34388408
    0.34884749
   -0.66802196
    0.32255263
    0.33548877
   -0.63458447
    0.32322491
    0.32169428
   -0.64361121
    0.35325110
    0.27923261
   -0.69196084
    0.34106617
    0.33160775
   -0.65044038
    0.32972034
    0.33266461
   -0.68596620
    0.33073113
    0.33674946
   -0.68180970
    0.33452781
    0.34824684
   -0.71033508
    0.34197930
    0.35644980
   -0.70666585
    0.35970024
    0.34965278
   -0.67977109
    0.33796666
    0.34600075
   -0.68870402
    0.35027264
    0.35215549
   -0.67391827
    0.31782261
    0.34217301
   -0.65647802
    0.34593987
    0.32297942
   -0.69773964
    0.35592899
    0.34500873
   -0.69533763
    0.33671595
    0.34814910
   -0.68934964
    0.34722472
    0.34073001
   -0.67295960
    0.34909001
    0.33416486
   -0.67075565
    0.33167210
    0.35581989
   -0.68423947
    0.32796612
    0.33820566
   -0.69057857
    0.33868997
    0.35346243
   -0.66665224
    0.34113279
    0.34351606
   -0.66435195
    0.32892833
    0.32950928
   -0.68729519
    0.34788672
    0.35270600
   -0.64517495
    0.31718169
    0.32975999
   -0.68720777
    0.34670327
    0.34077011
   -0.67949855
    0.36028869
    0.32550829
   -0.67509283
    0.32643860
    0.34145577
   -0.68265563
    0.35064349
    0.34401552
   -0.68219664
    0.35487056
    0.32455785
   -0.65324577
    0.32322822
    0.32481354
   -0.67228497
    0.33638683
    0.33392714
   -0.65298853
    0.30511192
    0.34168430
   -0.68917329
    0.34076508
    0.35406776
   -0.67870585
    0.34686556
    0.34644816
   -0.72494239
    0.35960450
    0.35845084
   -0.68217787
    0.34375081
    0.33938102
   -0.67042511
    0.32963366
    0.35234054
   -0.68353480
    0.34284560
    0.34257541
   -0.68596442
    0.33683657
    0.32182853
   -0.64469625
    0.32470520
    0.32420050
   -0.69108747
    0.33337400
    0.36012759
   -0.71019969
    0.34292196
    0.35703449
   -0.68141114
    0.34414293
    0.35726150
   -0.65573858
    0.30895441
    0.35977674
   -0.67433198
    0.35036525
    0.33216689
   -0.67414274
    0.33218974
    0.34365223
   -0.63162682
    0.34741036
    0.30310546
   -0.63904925
    0.34705564
    0.29440695
   -0.68516309
    0.35564756
    0.34554299
   -0.67562268
    0.34506320
    0.32451812
   -0.68485664
    0.34105308
    0.33820450
   -0.64519264
    0.32825128
    0.31531556
   -0.65303190
    0.33092455
    0.31552110
   -0.67618747
    0.34633813
    0.32445291
   -0.67602093
    0.33859696
    0.33076140
   -0.71478215
    0.35634374
    0.35546009
   -0.69379029
    0.35355013
    0.33028874
   -0.69724296
    0.36050200
    0.33435459
   -0.65169022
    0.34180145
    0.30575276
   -0.67103527
    0.33327414
    0.31624907
   -0.66406060
    0.32955583
    0.31407802
   -0.69757350
    0.35227717
    0.33616401
   -0.63952372
    0.34552097
    0.28348017
   -0.68313989
    0.33485317
    0.34137840
   -0.66784663
    0.33071387
    0.32757107
   -0.66407348
    0.34883558
    0.32160474
   -0.67034286
    0.32316033
    0.34283145
   -0.67322105
    0.35352234
    0.34726803
   -0.66603395
    0.36263834
    0.32401000
   -0.62761677
    0.35762935
    0.29254555
   -0.68570585
    0.34754858
    0.33951892
   -0.66469654
    0.34034641
    0.32981118
   -0.65848655
    0.32398836
    0.33548083
   -0.68400983
    0.35132740
    0.33587521
   -0.65156651
    0.31559355
    0.33382688
   -0.69350856
    0.34000160
    0.35542243
   -0.69375379
    0.35684753
    0.34298293
   -0.71924794
    0.34950021
    0.34748980
   -0.71297442
    0.34309736
    0.34352353
   -0.67096020
    0.32762077
    0.34566229
   -0.64674958
    0.31487071
    0.32559836
   -0.65467720
    0.33063876
    0.33590862
   -0.66081768
    0.34803212
    0.31114926
   -0.66633031
    0.32689819
    0.32245547
   -0.65514846
    0.33089043
    0.34204444
   -0.68400626
    0.34202663
    0.34141962
   -0.69159688
    0.34647827
    0.34028150
   -0.67320851
    0.32911229
    0.32971510
   -0.66474700
    0.35561124
    0.33968028
   -0.64591685
    0.30588901
    0.33392044
   -0.66205402
    0.32479611
    0.32737219
   -0.66696992
    0.34346783
    0.31616243
   -0.65511776
    0.32680864
    0.31929748
   -0.64915373
    0.30422577
    0.33670032
   -0.66640497
    0.33310256
    0.32675997
   -0.64015733
    0.33068403
    0.32467504
   -0.67786068
    0.31694413
    0.35139500
   -0.63906067
    0.32410382
    0.32117831
   -0.66305102
    0.32971117
    0.33545369
   -0.65085816
    0.33326246
    0.31802319
   -0.68684957
    0.33062270
    0.32032045
   -0.63388177
    0.32725431
    0.32021467
   -0.67820360
    0.34752848
    0.34852552
   -0.65643076
    0.32552604
    0.32643622
   -0.63979457
    0.34360759
    0.28271356
   -0.67987288
    0.33746417
    0.33527866
   -0.67741388
    0.32870179
    0.33694875
   -0.69285513
    0.34066215
    0.35455275
   -0.66280102
    0.33287249
    0.32923426
   -0.63942456
    0.32612080
    0.33265091
   -0.69709400
    0.35120375
    0.34315183
   -0.67964197
    0.33347196
    0.32991361
   -0.68088864
    0.35160096
    0.34902681
   -0.67320442
    0.32675430
    0.32998842
   -0.71316100
    0.35039363
    0.36197176
   -0.65775081
    0.32670564
    0.33228176
   -0.64863450
    0.32450092
    0.32674349
   -0.63755242
    0.33477807
    0.31892057
   -0.65777780
    0.31526144
    0.35203121
   -0.63990382
    0.34417745
    0.31071816
   -0.68316468
    0.34963156
    0.33046162
   -0.64926827
    0.35785906
    0.29731024
   -0.64395056
    0.33594769
    0.31914195
   -0.65792245
    0.32693297
    0.32893492
   -0.66521209
    0.32771968
    0.32220101
   -0.66629321
    0.30857828
    0.34047867
   -0.66651483
    0.31501790
    0.34089221
   -0.67703390
    0.31783566
    0.32644215
   -0.68683433
    0.33655073
    0.34453905
   -0.69091205
    0.34581849
    0.32526069
   -0.67409838
    0.33195998
    0.32957998
   -0.65974643
    0.31691031
    0.34051945
   -0.64472595
    0.31872236
    0.32938426
   -0.71068190
    0.34494744
    0.34799243
   -0.66044373
    0.32800507
    0.34421468
   -0.64246712
    0.35737468
    0.30687323
   -0.69738384
    0.34576305
    0.35397078
   -0.61337470
    0.29486477
    0.34188582
   -0.67720513
    0.34755428
    0.32423783
   -0.66715144
    0.31524239
    0.35827645
   -0.67094166
    0.31769158
    0.35282631
   -0.63542291
    0.33817071
    0.31479123
   -0.64649228
    0.32288333
    0.33202335
   -0.67533124
    0.33031775
    0.34032122
   -0.69114989
    0.33741627
    0.32916230
   -0.67287906
    0.34588492
    0.31495692
   -0.61835839
    0.28360880
    0.34112663
   -0.62178427
    0.32408970
    0.32029575
   -0.68594130
    0.34386888
    0.34349058
   -0.68126604
    0.33239393
    0.33076552
   -0.67444045
    0.32338659
    0.34474546
   -0.66169316
    0.35599446
    0.31385764
   -0.66636405
    0.33644974
    0.34754551
   -0.66461856
    0.32115637
    0.34614538
   -0.64283894
    0.33059205
    0.32268947
   -0.65867171
    0.33239664
    0.32392280
   -0.67898746
    0.33784313
    0.34185355
   -0.63940589
    0.33250335
    0.28883092
   -0.64885053
    0.32005901
    0.32704339
   -0.63619961
    0.34505664
    0.30126881
   -0.66880772
    0.32196026
    0.33802445
   -0.68128979
    0.34473209
    0.34180857
   -0.67215046
    0.33487694
    0.32767393
   -0.67310136
    0.32817577
    0.33892743
   -0.66379235
    0.35201222
    0.34175617
   -0.67121903
    0.33080001
    0.34135104
   -0.69029864
    0.34238378
    0.33441886
   -0.66790766
    0.31988801
    0.32576237
   -0.67917527
    0.35798608
    0.35434874
   -0.67767361
    0.33594456
    0.33863913
   -0.70658805
    0.35018740
    0.35367741
   -0.67761167
    0.33549381
    0.36295208
   -0.66329920
    0.33251112
    0.33672599
   -0.68186754
    0.34432798
    0.35622935
   -0.68364221
    0.35498027
    0.32849157
   -0.67474270
    0.34680888
    0.31852320
   -0.68199542
    0.32095058
    0.32866721
   -0.65461211
    0.32615558
    0.33966313
   -0.63418046
    0.34492540
    0.30421220
   -0.66529266
    0.32185424
    0.33135011
   -0.67928925
    0.34036369
    0.35089110
   -0.68960088
    0.35575790
    0.35693841
   -0.67030724
    0.34312599
    0.31103387
   -0.63834594
    0.31791094
    0.31983710
   -0.68980413
    0.32269804
    0.32733379
   -0.62519153
    0.28223754
    0.35382279
   -0.65023663
    0.32005613
    0.31733088
   -0.62685841
    0.31558620
    0.32552304
   -0.67707061
    0.34190003
    0.35530576
   -0.67511167
    0.34216070
    0.31662466
   -0.64983756
    0.34164225
    0.30961279
   -0.66758040
    0.32607762
    0.34747444
   -0.67213690
    0.35495386
    0.32820574
   -0.64697074
    0.34615361
    0.33053679
