$coord
           -5.4976398479          -12.1857263723           -7.8969184332     O 
           -7.1271534550          -11.8847064713           -8.6695163400     H 
           -4.2839799775          -11.4553309199           -9.0818444283     H 
            7.3428593772           -5.5408607273            8.8469303535     O 
            8.2096158839           -5.4667134746            7.2210048896     H 
            5.7567223457           -4.5956408737            8.7008818726     H 
            3.7886639261           -0.1870481271           -4.7141318911     O 
            3.3462020518           -0.2623895745           -2.9272705324     H 
            3.5710539644            1.5461745136           -5.2441507447     H 
            6.9215250444           -1.8588965418            2.4437837610     O 
            8.1993617466           -2.8629059603            3.2865084044     H 
            6.4312909876           -2.7427614800            0.9135572694     H 
            5.8705286094           -4.4405076894           -1.8432470190     O 
            6.4725052651           -4.0200172700           -3.5096193948     H 
            4.0609353200           -4.7854649400           -2.0356309060     H 
           -0.2573951598          -10.1986900363           -1.5337458936     O 
           -0.0502348961           -8.4203266261           -2.0414797796     H 
           -1.9555838856          -10.3988247575           -0.8245503074     H 
            9.7279363820            2.0444914349            4.2500285177     O 
            9.3449886433            0.8829961467            5.6181780202     H 
            8.1488672983            2.3399545079            3.3655265856     H 
            1.1823672319           -5.6449178160           -2.8286034935     O 
           -0.1456024085           -4.3914719138           -2.1836019276     H 
            1.1825051904           -5.4173498115           -4.6472504455     H 
            8.8200086506          -10.3196332896            5.9551339748     O 
            9.5104277053           -9.8643314563            7.5937020349     H 
           10.2139344703          -11.1471941205            5.0950072962     H 
            1.7892610714            5.4627158353            5.0051406020     O 
            2.7508768024            3.9283189752            5.2449701939     H 
            2.6939508215            6.8216216842            5.8260869932     H 
           -2.0335495286           10.1052160195            6.6276242346     O 
           -0.9361101579           11.4618434955            7.2396241284     H 
           -3.7410497261           10.5383592245            7.2465749139     H 
           -0.8192088218           -0.0768816602            6.5147652832     O 
            0.1837635839           -1.3760711093            5.6975094504     H 
            0.3561444146            1.1662783709            7.1563431480     H 
            2.8297421477           -4.8531922243           -7.8759408156     O 
            2.6155255717           -4.4033236315           -9.6447171103     H 
            4.6476375606           -5.0083360039           -7.5533094648     H 
           -5.1606043391            2.0372142934            4.9146780342     O 
           -3.6392070109            1.1015918114            5.3203095037     H 
           -4.5460394802            3.6684756376            4.2512000576     H 
           10.6066308607            0.4482984671           -0.7844518236     O 
           10.5398856421            0.7891318138            1.0159684040     H 
           10.4254241193           -1.3693952117           -1.0324048671     H 
           -0.2971148276           -1.5612553113          -11.3298380046     O 
            1.0675960893           -0.3276318979          -11.3218112401     H 
           -1.3547837341           -1.2192587909          -12.7748280104     H 
           -5.9595015254            0.7780450532          -11.0946352523     O 
           -5.8272243144            2.5400106917          -10.5512216407     H 
           -5.8547364065           -0.2968620243           -9.5668280549     H 
          -13.6311850256           -2.6292223158           -2.3648392079     O 
          -13.5486053959           -2.7962940165           -0.5484080848     H 
          -15.0590191117           -3.6121094032           -2.9922592959     H 
           -6.7076025257           -5.9455082686           -0.0181811803     O 
           -7.3035619023           -6.8593664486            1.4505997406     H 
           -6.4505903937           -7.1644144788           -1.3618381251     H 
          -11.6153190500            2.3479952646           -1.9454318466     O 
          -10.4833825488            1.3187300900           -0.9523624231     H 
          -11.1554261547            2.1199331264           -3.7051852030     H 
           -3.9747972345            8.3536378472           -6.6108179227     O 
           -4.1083101007            7.4763186846           -4.9929347984     H 
           -5.0677101947            9.8360352091           -6.4702358025     H 
            8.6379298305           -1.1501725537           -5.8427699747     O 
            9.7484880998            0.3196316945           -5.9266057995     H 
            6.9791689320           -0.5951524410           -5.2512593117     H 
           -2.4862095399           -6.4865289187            3.3486291561     O 
           -3.1599783330           -8.0213935869            2.6111998484     H 
           -3.9133745430           -5.4004767450            3.6676377702     H 
           -5.7962360238           -2.3338614373           -7.3046454268     O 
           -6.9681519703           -2.3880151082           -5.8833062609     H 
           -6.0458888874           -3.8101681956           -8.3517988900     H 
           -6.2832936631           -3.4328851903            5.9691686100     O 
           -5.8058769948           -2.1041234827            7.1476458027     H 
           -8.0950964244           -3.6732421032            6.2655704181     H 
           -8.5997455898           -2.3381604646           -3.1576004623     O 
          -10.4307626875           -2.4118102741           -3.0591405472     H 
           -7.9670409790           -3.4741207785           -1.8599812889     H 
            8.1123167241            1.0775771370          -14.8948674469     O 
            8.0662574945            0.1165768102          -13.3097122376     H 
            9.7343632557            0.7713066032          -15.6320139648     H 
            8.5103801407           -9.4347421696           -0.5439694500     O 
            9.3966319893          -11.0344917569           -0.7546481614     H 
            7.3677278175           -9.3132134015           -1.9890068298     H 
          -11.8289631680           -7.6856441375           -0.7262171371     O 
          -11.5209421692           -7.2271190268           -2.4785441687     H 
          -13.6517254989           -7.5590448981           -0.4373227735     H 
            8.8247632015           11.5592731052            6.1287848234     O 
            8.8305210213           10.0109203349            5.1249609246     H 
            8.4191510043           12.9255338943            4.9686320038     H 
          -23.4879276387           -1.7561199960           -1.4047898954     O 
          -24.2795764106           -2.5406731652            0.0572836340     H 
          -24.1641928291           -0.0193171222           -1.4622948683     H 
          -11.0652105952           -4.3017427043            7.3861156902     O 
          -10.8177938559           -5.9210755810            8.1986469693     H 
          -11.3306661947           -3.1030676328            8.7739416291     H 
            5.3775279881            3.5851968934            1.4756847985     O 
            6.1184084135            3.7577745187           -0.2277578729     H 
            4.2829061689            2.1150118448            1.3107691621     H 
            9.0114843714           -0.5270199793            8.6467718167     O 
            7.6966563480            0.0265907851            9.7986654893     H 
            8.9953338467           -2.3504539666            8.7850639895     H 
           10.5641999089           -4.4611250302            5.1164094880     O 
           11.3517568588           -5.6697529004            3.9524573550     H 
           11.8087595317           -4.1654451750            6.4240093650     H 
           -8.7990533730          -11.8154728480           -0.9728275004     O 
           -9.7268310275          -10.2604109440           -0.6341608865     H 
           -9.9804235084          -12.7822715464           -1.9981390066     H 
           -0.3840787512           11.0630240058            1.9501265124     O 
           -1.3286489478           10.6480771517            3.4767217242     H 
           -1.5865257058           11.6054854971            0.6490204014     H 
            1.7750501274           -3.7674862036            3.5166050491     O 
            3.3105401995           -4.7570452396            3.4470592470     H 
            0.3375043257           -4.8911683609            3.2533933677     H 
           -8.2323773663            0.3199335648            1.3332026488     O 
           -9.1923863818           -1.2199643042            1.6921763552     H 
           -7.0602801553            0.5579880284            2.7323562131     H 
           10.8731614851           -4.5152393977           -1.4125927819     O 
            9.1287869188           -5.0048005156           -1.2136786016     H 
           11.5720096196           -5.7448500168           -2.6099624421     H 
            6.4813597281          -11.0258588657          -10.9802451783     O 
            4.8203077230          -10.4550527602          -10.3632026214     H 
            7.2111154015           -9.5713260199          -11.8075311959     H 
            4.2640951913            4.7887396790           -6.6728424281     O 
            3.0946883849            6.1562044378           -6.2334822180     H 
            5.4110920925            4.6197537283           -5.2412580302     H 
           -1.5622525868            3.3149773764           -5.4769668421     O 
           -1.2919633483            1.5190743797           -5.8861414610     H 
           -3.3228985066            3.3792509523           -4.9535367051     H 
           -9.5697556397            0.8513356670          -14.3856168931     O 
           -8.2292175571            0.8089406973          -13.0595665003     H 
           -8.7102782943            1.0232645218          -15.9680356042     H 
           17.2826553615           -4.4995096133          -10.2848047838     O 
           16.4280916043           -6.1019874017          -10.1545365540     H 
           18.7550657031           -4.6234915958           -9.1879896691     H 
           14.9127241040            0.5167909838           -3.4713708690     O 
           15.5977171931            2.1279054947           -2.8916219915     H 
           13.2974355661            0.3986558912           -2.6034060825     H 
            5.8395277732           -7.2571433451            3.1978073139     O 
            6.8510102403           -8.1213805323            4.4772258895     H 
            6.7028279076           -7.6757206880            1.6258780496     H 
          -15.5640808532            1.1632541780           -5.1967883212     O 
          -17.3238601937            0.6187202330           -5.0543755969     H 
          -14.5852310078           -0.0934486869           -4.2761113707     H 
           -8.9595552876           15.4683717607            0.1819722992     O 
           -9.2328341792           15.6456462997            2.0189804195     H 
          -10.5123114243           16.0220456930           -0.5866952072     H 
           -6.0434185583            5.6356767944          -10.1962705242     O 
           -5.1556153450            6.4784864826           -8.7941244338     H 
           -7.6903000369            6.4491770701          -10.2406229497     H 
            7.5011850970           -6.2489472129           -6.8913999311     O 
            8.0915351962           -6.6299703428           -8.5811509773     H 
            7.0465681715           -7.8365692428           -6.1097228014     H 
           -0.4273689633            5.3871676899           -9.8175995180     O 
           -1.4077504676            6.9237551508           -9.8889811246     H 
           -0.8424856686            4.5890550711           -8.1773298214     H 
           13.9914059886           10.5115354356            6.3327622052     O 
           12.4148951658           11.4077563949            6.5577524255     H 
           13.5489869797            8.7187137786            6.4514114076     H 
            6.7262356497            4.6349164337            8.2353863637     O 
            6.0758470712            3.1104213917            7.4132036722     H 
            7.5830058263            5.5892082022            6.9291174422     H 
            4.3943027100            7.4312140452           12.0562190392     O 
            3.0943808666            8.6552921552           12.5826287201     H 
            6.0416734950            8.2509524714           12.1544845060     H 
           16.3385546807           -4.3996618770           -4.4044405032     O 
           14.8770271948           -4.8679925944           -5.4035087742     H 
           16.0061043415           -2.6610229625           -3.9164525309     H 
           -8.5420544923            6.2879283233            5.5863823332     O 
          -10.2885084076            5.6856746715            5.6264640202     H 
           -7.7045215405            5.6250305151            7.0777881929     H 
           -4.7200054813           -0.2426849992            9.7599024064     O 
           -5.4702609946            1.4120307110            9.5721178132     H 
           -3.0580517141           -0.1982080791            8.9747040345     H 
          -17.3740915033           -4.9547996110           -4.8248089884     O 
          -16.6425255139           -6.4496014422           -5.5942502357     H 
          -19.0713162130           -5.4024733669           -4.2565667327     H 
          -24.9281428767            3.0380564811           -1.5985641053     O 
          -23.9397509895            3.8315393226           -2.9184926461     H 
          -24.4549405231            3.9080007278           -0.0554283047     H 
           12.0763118194           -9.4090232137            9.8568751715     O 
           13.4113730762           -9.3980251674            8.5260467819     H 
           12.5804095716          -10.6316853464           11.0853185898     H 
          -10.4238014920            1.8956474054           -7.0387513265     O 
          -10.8870124858            0.1265903614           -7.3077964501     H 
          -11.0271189363            2.8103480911           -8.5121784848     H 
          -12.0786965710            4.1428855314          -11.3490412560     O 
          -11.4760154764            5.8685272912          -11.3192618967     H 
          -11.2543213673            3.2246387779          -12.7095807783     H 
            0.1323900611           -3.1036734906           13.0186772400     O 
           -1.4943660778           -3.9569828050           13.2039912276     H 
           -0.0896467989           -1.3949709521           13.6998304604     H 
           -9.7567698039            1.0427495887            6.9709821030     O 
          -10.9243781745            0.3985288013            5.7286586965     H 
           -8.1698473487            1.4634900084            6.1567666403     H 
          -14.3524413528            0.0572302391            4.4591072186     O 
          -15.1325005321            0.6559529162            2.8922792765     H 
          -14.6947685683           -1.7702047541            4.5022713157     H 
            7.4574685908            3.4771068288           -2.9763285064     O 
            8.6187995011            2.1727830854           -2.3256892465     H 
            8.4791513900            5.0004704700           -3.1261949385     H 
           -4.2899175416          -10.9239784854            1.2664473540     O 
           -3.8725183006          -12.5780093829            1.9830374986     H 
           -5.9287959734          -11.1265576624            0.4706941338     H 
          -14.1744801311            6.0216000767           -4.5342293010     O 
          -12.3898224931            6.3101865218           -4.9386999538     H 
          -14.4710086817            4.1992834694           -4.6389461529     H 
           -3.5410874868           -0.5187997852          -15.3129309782     O 
           -2.5280331789            0.9548160932          -15.6797505855     H 
           -4.5173389444           -0.0759657732          -13.8007957077     H 
           -2.2568399466           -5.6812787796          -14.3491827750     O 
           -0.5231044259           -5.4543347764          -13.7588002425     H 
           -2.6854447723           -4.1217454161          -15.1983263941     H 
           -0.8042711845           -1.4483130685           -6.5218732302     O 
           -0.8557682853           -1.4646359549           -8.3798513438     H 
            0.9847112166           -1.5096294153           -6.0785955536     H 
            1.4481869875            6.8471883176           -0.2739470918     O 
            2.2849662673            5.8116722102            0.9775932108     H 
            0.8944085315            8.3754410887            0.6090591196     H 
            2.8305081471           -3.2907701026            8.6859792917     O 
            1.9513618680           -4.7152743831            7.8990524551     H 
            1.9761501375           -3.0327428146           10.2943470951     H 
           -6.4429384192            2.6014809414           -4.1662166316     O 
           -7.5217383918            2.2556684749           -5.6205631005     H 
           -6.6942848236            1.1516578823           -3.0903489948     H 
           -2.1191178927           -6.4144188826           -6.8506421170     O 
           -2.3433159269           -6.9832977320           -8.5671326374     H 
           -1.9941423811           -4.5742925197           -6.8710982207     H 
           -5.8437400796           10.3631015101            3.1783872727     O 
           -5.1538362433           12.0448924842            2.9780199385     H 
           -6.8715263258           10.1026708691            1.6740104495     H 
           -1.8608324470            6.5468603309            9.9968802000     O 
           -0.6243487464            5.2472651024            9.6567534818     H 
           -1.8211867691            7.7208681611            8.5420593759     H 
           -8.3611690529           -8.7274510704            4.1480114803     O 
           -8.3404579966           -8.1522740548            5.8865903542     H 
           -7.7903182444          -10.4794499735            4.2454104305     H 
          -20.9690531362            4.9800143850           -4.4586655575     O 
          -19.9740741543            5.3638247150           -2.9730639760     H 
          -20.1322821077            5.8650616512           -5.8473241940     H 
          -10.0820883182            8.6628406107           -9.8030624795     O 
           -8.9551013980           10.0765436359          -10.2800959317     H 
           -9.8904040907            8.4307845827           -7.9803572688     H 
          -23.3181171164           -8.3172360851            1.1548452711     O 
          -24.0259624066           -6.8697907344            2.0228514054     H 
          -21.9976911763           -8.9968117052            2.2400221328     H 
          -13.3470543097           -9.4364418059            4.1199378749     O 
          -11.5561096665           -9.0721396579            3.7918066632     H 
          -14.0104480357          -10.3524269960            2.6679246627     H 
            6.3711471028           10.2662471793           -7.3583804820     O 
            6.1577357052            9.4612830442           -5.6918220745     H 
            8.1264982452           10.0871956040           -7.8176081117     H 
            4.6589025961           10.3983672885            2.0025145655     O 
            3.5577993709           10.3542507333            3.4393543574     H 
            6.0885105658            9.3182963875            2.3936376869     H 
            3.4539075203            1.7073448145          -10.6721025728     O 
            3.4396334644            2.7580441720           -9.1708969800     H 
            3.8960609498            2.8217344912          -12.0797761958     H 
           -0.2821779398            3.5128264814          -14.5572496146     O 
           -0.4101990896            3.8728609026          -12.7376126121     H 
            1.3096258019            4.2680564095          -15.0468708094     H 
           18.0156856211           -9.3753712877           -6.6791447337     O 
           18.2351292576           -7.7022270849           -5.9916483048     H 
           16.5218550574           -9.2987253156           -7.7649204830     H 
           19.9292257375            0.3672726734           -5.4499058227     O 
           18.5057894476            0.7136575309           -6.5669871234     H 
           20.6755399185            1.9550801297           -4.8914787965     H 
           -4.0772706905           15.9635649145            7.1152089944     O 
           -2.3893899844           15.9581652983            7.7802237388     H 
           -3.9116083337           15.7768239132            5.2792276788     H 
           14.7886369274            2.0727455590            2.9532193116     O 
           16.6063422722            2.4126265103            2.8072295762     H 
           14.5417801326            0.4830810396            2.0296535305     H 
           16.2036994800           -4.0979210737            5.5058356570     O 
           18.0597735026           -4.1296906175            5.4399287794     H 
           15.7086719964           -2.6555697076            6.5400756833     H 
            8.0950642775            7.1015600825            3.7688667973     O 
            9.6869586749            6.6620925015            2.8739041954     H 
            6.8866527498            5.8858340425            3.0905182211     H 
          -11.9052968608           -2.8015393793           -7.9994230041     O 
          -13.7433514254           -2.7086770760           -8.2062742479     H 
          -11.2808446300           -3.1526099767           -9.7152684622     H 
          -16.7804520661           -7.0497092347            0.1615889889     O 
          -17.7280876979           -7.9372529035           -1.1294476666     H 
          -17.4479268907           -5.3339773640            0.3016573394     H 
          -11.2039826704           -3.5800757368            2.2128681219     O 
          -11.0270254255           -5.1774887426            1.3202424711     H 
          -11.3445289202           -3.9480507753            3.9971610781     H 
            4.5907244053           14.8676756669           -5.9167399017     O 
            3.8154974093           14.0971082930           -4.4202270220     H 
            5.3592160725           13.4391475531           -6.7859333353     H 
           -5.4340023388            2.6730695331           14.9615493513     O 
           -6.2057386168            1.0151135782           15.0837011231     H 
           -6.0287841201            3.3836006593           13.3816895225     H 
           12.6442072590            5.6067098290            6.7522555009     O 
           12.3220445451            5.5224389958            8.5678707692     H 
           11.6270247746            4.3415387604            5.8730912097     H 
            4.4401404482            0.7249746841            5.9155211386     O 
            3.9600819746           -0.6317986206            7.0569324201     H 
            5.2652322972           -0.1606405638            4.5137237492     H 
           19.3840799869           -1.5208884235           -0.6846411358     O 
           19.3003931703           -0.7995018280           -2.3787828404     H 
           17.6627574082           -2.0475906329           -0.2319414404     H 
           15.0686015346            5.7082888868           -9.2503403107     O 
           15.3243997002            4.9337343751          -10.8710567113     H 
           14.0435008135            4.4917935642           -8.2713779961     H 
           12.3472317214           -4.1886974153           -7.7298598245     O 
           10.8401281113           -3.7102007363           -6.8110773966     H 
           12.1414167330           -3.6540779738           -9.4742204268     H 
          -18.7209354958           -2.3130893302            0.4274759342     O 
          -20.3756267726           -2.1399263736           -0.3653177051     H 
          -17.8139855339           -0.7395493595            0.1164730378     H 
          -22.6214904161            5.7602838094            2.2137590187     O 
          -21.0956634312            5.9919814296            1.1948122712     H 
          -23.0103686999            7.4033583452            2.8719681745     H 
          -14.0068349655           14.9414251998           -1.2280778717     O 
          -13.9401214646           13.7741153926            0.2166533783     H 
          -15.7624363779           15.0956786492           -1.6410096311     H 
           -3.9209850537            6.9376897656           -1.8174633653     O 
           -5.4803998898            6.4200418125           -0.9616681626     H 
           -2.5673140924            6.3781238865           -0.7259385207     H 
           12.8122832963            1.7034631522          -12.2649211215     O 
           13.8153832330            1.2472529872          -10.7627651300     H 
           11.2710707361            2.4682959164          -11.6732518946     H 
          -13.7908413638           11.4781989897            2.4800765020     O 
          -13.5696868624            9.8378264340            1.6637658226     H 
          -12.6417244411           11.4670528800            3.9303238644     H 
           -0.8763207351           13.3324483418           -6.5402150210     O 
           -1.2346572838           12.4255473287           -8.0842219191     H 
            0.7937567523           14.0364472173           -6.7316903905     H 
           12.6224572175           -3.3365434490          -12.8600364702     O 
           12.6134659422           -1.4889352137          -12.9204860592     H 
           14.3724291552           -3.8173530841          -12.7481494233     H 
          -16.6976731143            2.5639464933           -9.9468558396     O 
          -16.1496531676            2.1055559923           -8.2409362815     H 
          -15.1586637340            3.0627610000          -10.8112626194     H 
           -0.5604225633            1.7273399541           14.3810488295     O 
           -2.3305427597            2.1474301237           14.7824877108     H 
           -0.2138366394            2.4804845110           12.7469525624     H 
          -10.5114138414           -6.9795024172           -5.6711737071     O 
           -8.7143487008           -7.1832505754           -5.1870378721     H 
          -10.8095903233           -5.2551951779           -6.3123237992     H 
           -5.9133163175           -8.3025589803           -4.4694402205     O 
           -4.4604588854           -7.3893980132           -5.2285247868     H 
           -5.8869684841           -9.9331432235           -5.3096198438     H 
          -16.1272467997            2.0717453186            0.2030570565     O 
          -14.5181612010            2.1311410891           -0.7320000242     H 
          -16.8384578188            3.7629933616            0.1155567856     H 
           -9.5419841096           -9.6943745559           -9.9534075189     O 
           -9.9894834466           -8.7386205787           -8.4328728578     H 
          -11.0119472636           -9.6794089457          -11.0118539062     H 
           21.1624870190           -4.5670875315            4.9762816977     O 
           21.3899190583           -5.7664200699            3.5749307277     H 
           22.2836201091           -3.1688097442            4.6356747595     H 
           -3.7476457964            7.4508933084          -14.4177558197     O 
           -4.7350315391            6.7225895682          -13.0384998405     H 
           -2.5730951402            6.1368009967          -14.9158205574     H 
           11.5165687314            2.9478237495           -6.9054102737     O 
           11.5944497572            4.1482194027           -5.4950647025     H 
           10.2128952818            3.6286532592           -8.0379870356     H 
          -24.9532129846           -3.7323067276            3.1618357164     O 
          -23.4242755703           -3.0622673973            4.0187375544     H 
          -26.3736213442           -3.2912279721            4.1869761206     H 
            4.1464437400            9.5570590182            7.4036588303     O 
            5.7993857108           10.2975666477            7.0920498124     H 
            4.3143951331            8.5831529008            8.9641822702     H 
            4.1359019208            3.5636182917           15.4430308751     O 
            4.0163538656            5.0874022374           14.4059592753     H 
            2.4026176756            3.0039219507           15.6783199613     H 
           -6.9807233425           -2.1599220736           13.8577741500     O 
           -6.1425324399           -1.5841598292           12.3135044393     H 
           -6.1634010995           -3.7423449426           14.2619074266     H 
            2.5222194892           -7.5147262617           14.0756884264     O 
            1.1564656677           -8.7327733799           14.1719050809     H 
            1.7068592938           -5.9010852524           13.6871067944     H 
            0.9946778202            8.3288923018           -5.0910140577     O 
            0.6994880933            7.3311958605           -3.5815142366     H 
           -0.6343029438            8.5221267448           -5.9158689138     H 
            8.7371136623            3.4209548893           12.6943649102     O 
            7.9404850573            3.9029438204           11.0776818157     H 
            7.5398558071            3.7822716787           14.0116968244     H 
           -0.4629045437          -16.3048289609           -1.2504276520     O 
           -1.8881502361          -15.4734361760           -2.0987715054     H 
           -0.1979395042          -17.8642669129           -2.1266804048     H 
           -3.3434035801           11.9625926184           -2.0782836264     O 
           -3.6620213845           10.1377905196           -2.0542541616     H 
           -2.3242604404           12.3376922204           -3.5589328083     H 
           -4.0230548185           15.2141384588            2.0959495034     O 
           -2.6651969539           15.6726840749            0.9257621597     H 
           -5.5725019134           15.5716356483            1.2018267813     H 
           22.1965318170            4.4012355289           -3.3069664263     O 
           21.6151224539            5.4384517948           -1.9213965848     H 
           23.3064675419            3.1557938357           -2.5095947279     H 
           19.7331752122            2.1643948542            2.5885464037     O 
           19.8841916733            0.7828704255            1.3428415751     H 
           20.0722968126            1.4439765790            4.2403881735     H 
          -12.8366486145            8.5148499378           10.0066281369     O 
          -14.6172985130            8.4770875612            9.6203723643     H 
          -12.3895795330            6.7510123504           10.3580888325     H 
            2.1125195380           -9.6127444970           -9.0785335315     O 
            1.6910300208          -10.6796078393           -7.6309966447     H 
            2.2407216553           -7.8507133534           -8.4643058054     H 
          -10.4729755663           10.8484913008            6.3072865777     O 
           -9.4557117228            9.4406580959            5.6446459510     H 
          -11.4459864623           10.1135980531            7.7222878426     H 
            1.8397507007          -10.1358376781            3.0302823920     O 
            3.2760997183           -8.9404238313            2.9477338433     H 
            1.1299719854          -10.2500854997            1.3159615156     H 
          -18.2007710641            6.7874775415           -0.1766221319     O 
          -18.2212542036            7.8985611440            1.3393694788     H 
          -17.7011965939            7.9987544217           -1.4984931851     H 
          -16.4331595704            1.5388092790            8.8494445621     O 
          -18.0641753487            2.1490666615            8.3085539849     H 
          -15.6559517743            0.8109236725            7.3330716904     H 
           19.0626600519            9.1273730111            5.5200806618     O 
           17.5809545457           10.1099764548            5.9167085131     H 
           18.8501304999            7.5557205268            6.4558016365     H 
          -16.8115787793           -2.6603105175           -9.3941885483     O 
          -17.2093548032           -0.9521662728           -9.9310508518     H 
          -17.6879321653           -2.9339595908           -7.8050125686     H 
           12.4663790623           11.7920214204           -4.3045873914     O 
           11.1966927511           11.8269318241           -2.9487090025     H 
           14.0882691450           12.0109439510           -3.5196483615     H 
           11.3557636912            9.3419654938           -8.8164412626     O 
           12.7787785259            8.2130699641           -9.1070589605     H 
           11.9109842740           10.4763744627           -7.4934573149     H 
           11.4707777090          -13.5851869088           -1.2666255971     O 
           10.5737370570          -14.6607873870           -2.4396666227     H 
           13.1000223976          -13.1594944212           -2.0234279712     H 
           -0.2134178058          -13.3728592548            6.5462431426     O 
            0.4096268143          -12.1316954188            5.3460876924     H 
            1.2848679603          -14.0103102248            7.4727772847     H 
           -3.9921691550          -11.8807132402            9.4426684881     O 
           -4.2016432560          -10.0877309233            9.0021208527     H 
           -2.5391777967          -12.4605764057            8.4360138266     H 
          -15.8009729377           -4.6994216080            4.6292942554     O 
          -16.6865447903           -4.8863741605            6.2342324702     H 
          -14.8271221159           -6.2199469172            4.3553156893     H 
           12.6405870534           -7.8025100468            2.0596713343     O 
           11.2838968133           -8.2376428904            0.8963237338     H 
           13.0287041594           -9.2981151412            3.0486691968     H 
           18.0389588483           -2.8200443980           10.6379441537     O 
           17.6585614036           -1.4714766449           11.8044843616     H 
           16.4134032250           -3.5830573105           10.2337335268     H 
           12.9995689822           -4.2884796737            9.9344758501     O 
           12.4671124598           -6.0235043959           10.1832879693     H 
           12.2471111644           -3.2903294030           11.2804064132     H 
          -19.1761886956           -9.7770474623            3.8580161708     O 
          -18.1570955060           -8.5679534797            2.9006092184     H 
          -18.6454423601           -9.6639745678            5.5994073903     H 
           -6.0730674661           11.6109357305            9.0382454087     O 
           -7.6917392794           11.3834688715            8.2066781428     H 
           -5.5894217406           13.3568811640            8.7409765306     H 
           -9.4357810972           -8.7876716632            9.2792439042     O 
           -8.2061060485           -9.1355374218           10.5572056350     H 
          -10.3697447381          -10.3625945297            8.9543183556     H 
           -3.1624364628          -15.5357977457            3.0999021154     O 
           -1.9822913001          -15.0918085029            4.4506849896     H 
           -2.1433989747          -16.1273196955            1.6938492402     H 
          -18.5410423666          -10.5108135669           -3.3709932842     O 
          -17.4600065866          -10.2761361412           -4.8324797265     H 
          -20.1855390071           -9.8541231808           -3.7867224332     H 
            8.2214980064           -6.1858158338          -12.1229981020     O 
            9.9192199841           -5.9511904266          -12.7382682975     H 
            7.6757578961           -4.4603367155          -11.6883663463     H 
            8.9484809587            9.6680354133           11.2320083331     O 
           10.5404035206            8.8342733223           11.5262625660     H 
            9.1037418875           10.5527286214            9.6460072534     H 
            7.3548380919           14.9534293142            2.3872933506     O 
            7.6306786187           15.9200539226            0.8505190988     H 
            5.5299448914           14.9614053699            2.6681086617     H 
          -15.9561128900          -12.4790826618            0.7262756400     O 
          -16.8966857618          -11.8523913618           -0.7176756390     H 
          -17.1926793253          -12.4506089578            2.0722706749     H 
           12.9003168105            5.9165947760           11.8102747714     O 
           11.3125159163            5.1617616239           12.3908035239     H 
           14.1248578357            4.5920096045           12.1994809552     H 
            4.4111456505          -15.4902382468           -8.2131618999     O 
            3.0203527856          -14.6635274645           -7.3593238738     H 
            5.0299935840          -14.3205507060           -9.4631577821     H 
          -13.4213569686            5.1229524632            4.8691538850     O 
          -13.6239431762            3.3072068875            4.8254613934     H 
          -13.4508537502            5.7206186158            3.1189533989     H 
          -11.8223082931          -12.9328989108            7.6687689724     O 
          -10.2815127271          -13.6946448096            7.0255533473     H 
          -12.5591939308          -12.0864094530            6.2116541395     H 
           -1.5676015610          -10.9043070252           13.7917474481     O 
           -2.4293530790          -11.3692051745           12.1993444174     H 
           -1.3157504347          -12.4467625291           14.6984795877     H 
            5.4572133801          -13.6490395175            3.7427921273     O 
            4.0261486881          -12.4862263781            3.6074776996     H 
            6.8447765460          -12.6197859301            4.3554847037     H 
           12.4424412753           -8.2520241427           -4.2184442818     O 
           13.6960530432           -9.4648225899           -3.6585214259     H 
           11.2029576552           -9.2047897759           -5.1732271816     H 
           14.1548893269            0.2187192076            7.5549303394     O 
           12.3800200770           -0.0762755327            7.8895798272     H 
           14.2741111738            1.0613122442            5.8975055119     H 
          -11.5463235274           -1.6906901634           11.7147303068     O 
          -11.6561801240            0.1386922499           11.5993800767     H 
          -10.0112340740           -2.0305174525           12.6767696189     H 
           -6.7415789261           12.2717835562          -10.6913652845     O 
           -5.0224047791           11.8308765080          -11.0957635438     H 
           -6.7132054924           12.8768104480           -8.9595194264     H 
           17.0070305459           -7.4724060465           -0.4662545339     O 
           16.8093333487           -6.2906031476           -1.8902343026     H 
           15.4772815404           -7.3258181663            0.5542366310     H 
            1.2300116265           13.6834741646            8.0582784738     O 
            2.4764508717           12.3171850406            8.0536298742     H 
            1.6088618288           14.6242204909            6.5199000174     H 
           -9.2035049972            7.1067200573           -4.9040857614     O 
           -8.2391614398            5.6358131748           -4.3862650937     H 
           -8.9476676936            8.3857156332           -3.6133830696     H 
            7.8673782468          -15.5059113020           -4.4934188359     O 
            6.8399104963          -15.9426063571           -5.9646780512     H 
            6.6145588558          -15.0271000878           -3.2258351052     H 
          -12.7308897935            7.0511738405            0.2453029849     O 
          -13.5005918040            6.6172983858           -1.3798581438     H 
          -11.0235938867            6.2947974263            0.2015510158     H 
           -7.1468146120          -13.4866610071            5.6909243392     O 
           -6.1353383938          -14.6179009085            4.6764868235     H 
           -6.1202502260          -13.0781824542            7.1726910559     H 
          -16.6301856750           -2.2597598487           12.2622312650     O 
          -14.8133773630           -2.4923276369           12.3858601437     H 
          -16.7975349751           -0.6957681957           11.3020808492     H 
           -9.3336339162           15.7848037875            5.1706577620     O 
           -9.7630683004           14.0820729504            5.7073813582     H 
           -7.7909881946           16.2351029179            6.0204685033     H 
           -6.5111832519            4.9032318832           10.1839553980     O 
           -7.5922763726            6.1333867109           10.9620618686     H 
           -4.7903824267            5.6372894667           10.1473218023     H 
          -17.0478547708           10.4317743663           -3.4162100490     O 
          -15.2356098028           10.4458245789           -3.7469656164     H 
          -17.8517896323           10.2024199258           -5.0254400314     H 
          -12.0581238217            3.5126746775           10.6304725985     O 
          -11.0345241568            2.8222738594            9.2457874299     H 
          -13.7897380781            3.0620442668           10.2045828772     H 
           -0.3260269782           16.4879875212           -1.1926612292     O 
            0.6113888371           14.9358707069           -1.6011874221     H 
           -1.0012624259           17.0659522879           -2.7678314425     H 
           18.4486022808            7.4874840457           -5.9016159270     O 
           17.4435036715            6.8668277140           -7.3174845019     H 
           19.9921777608            6.5267538609           -5.8074023455     H 
          -14.5606470095           -6.9681297904          -11.3355647915     O 
          -15.7203522069           -5.6001933265          -10.9503906253     H 
          -13.1128377191           -6.1134938892          -12.0698839599     H 
          -18.5816297129            9.9601172832            3.5830023490     O 
          -18.2701419056            9.0866949617            5.1908166407     H 
          -17.0681285770           10.9597639577            3.2859862795     H 
          -21.9571203128           -6.4925437911           -3.2718069987     O 
          -22.9541822111           -4.9722026287           -3.3387366332     H 
          -22.4293062725           -7.2709448849           -1.6371612711     H 
          -18.6851560795           -5.0792845821            8.7595944746     O 
          -18.3012322992           -6.8211838938            9.1347184104     H 
          -17.9984289935           -4.0791344025           10.1893411850     H 
          -20.6216497436            3.0400919890            6.1942532920     O 
          -21.4513644320            3.9385166477            4.8252601918     H 
          -20.8153489133            1.2506279771            5.7981277298     H 
          -14.9138975252           -9.1810557884           -6.7795086064     O 
          -14.9516828537           -8.6768905425           -8.5593199829     H 
          -13.2999211293           -8.5414690057           -6.1596291914     H 
          -17.7463110881            7.1142657534           -7.8608729935     O 
          -16.3722226788            6.7961722127           -6.6363412814     H 
          -17.6910807993            5.6484870599           -8.9840130594     H 
            5.0944597789           -0.2013627343           12.1197229004     O 
            4.8889786124            1.0092045643           13.4988336405     H 
            5.4001269233           -1.8230929137           12.9106904630     H 
           10.8897070556           -1.2942730472           13.6743098953     O 
            9.5667481063           -2.3980146324           14.2678567089     H 
           10.0690386085            0.2897169924           13.2097991380     H 
            3.2916387346           -0.8442995846          -15.8402839408     O 
            2.0891084662            0.4997130956          -15.6018750294     H 
            4.9573926536           -0.0830546777          -15.7606461232     H 
            7.2581826046           -1.5108512514          -10.6123413272     O 
            5.6665840116           -0.5663272112          -10.5611889691     H 
            7.8896790660           -1.4840155484           -8.8596275086     H 
           -6.1541753665           -5.8294438733          -11.0502367483     O 
           -6.7601096665           -7.5496086971          -10.9127981463     H 
           -4.7162318721           -5.8019316157          -12.2181016709     H 
           17.5172337164            4.8988603976            8.0465170990     O 
           15.8177014392            4.9199085152            7.2962816278     H 
           17.2964637980            5.2677374498            9.8059780451     H 
           14.8071562850           -2.5392742925            1.0519472811     O 
           15.2214135866           -3.3645303092            2.6631746995     H 
           13.4312201857           -3.4707497166            0.2707677649     H 
            6.4560368004           -4.1983975687           15.1451765252     O 
            6.0002959572           -3.8201843575           16.8556353964     H 
            5.4789030570           -5.6713150259           14.6667939492     H 
            4.6138155687           -9.5879357015            9.9049808660     O 
            5.9124771951           -8.3336212227            9.4555445555     H 
            4.0219913618           -9.0655605118           11.5677558550     H 
            2.1990638672           15.2085456210            3.2645971599     O 
            1.6078358133           16.5078814500            2.1410679278     H 
            1.3630840290           13.6510326451            2.6629337442     H 
           15.3637350694            1.4924979959           12.2715460957     O 
           14.1051545739            0.5447266742           13.1869882309     H 
           15.0542442120            1.0842362890           10.4797431027     H 
            0.4344360466           10.3706560237           12.7049936139     O 
           -0.7433015859            9.1295143081           12.0240537180     H 
            0.3138627833           11.8495251143           11.6577462794     H 
            4.0827707141          -14.5706023607            8.6650150989     O 
            4.9267812202          -14.7581271011            7.0441321800     H 
            4.5428899318          -12.8963550017            9.2758644740     H 
           20.3057473252            0.5783660728            7.4568283616     O 
           19.3198056430            2.0667912389            7.8939502440     H 
           19.6171664950           -0.8269453264            8.4407930828     H 
           20.1537055547            6.9110838697            1.0952276164     O 
           20.3385110063            5.1921242844            1.7533181641     H 
           19.8936026249            7.9297330284            2.6170010833     H 
           -3.8906105145           -6.1974922972           13.5133821261     O 
           -4.0979431769           -6.4189764630           11.6691122102     H 
           -3.2199209889           -7.7831322695           14.1133593441     H 
           24.4315953684           -0.3582062755            4.5904357173     O 
           26.0237435106           -0.5293691966            5.4272567997     H 
           23.2159359365            0.2269076553            5.8476520512     H 
           20.5010692876           -9.7198538943            6.3548587732     O 
           21.0507819686           -9.7766083197            4.6123396871     H 
           20.9100656846           -8.0277523469            6.9027209552     H 
            0.7253408943           -7.6476888788            7.4303241294     O 
            2.0626735162           -8.5901284558            8.3139946412     H 
            0.6540871692           -8.2736441759            5.7105845569     H 
           15.9970506633          -11.8014004298           -2.7667118200     O 
           16.6042245292          -10.4876596549           -1.6076406405     H 
           16.9195839067          -11.4357222941           -4.3300432823     H 
           15.4720183197           -9.0857115149            6.3000622141     O 
           17.2381085009           -9.6006315838            6.4673682977     H 
           15.5638700272           -7.2594073836            6.0241489959     H 
            0.3482979265          -12.9036134506           -5.7130853911     O 
            0.1376378503          -12.0191504444           -4.0879042726     H 
           -1.3204867566          -13.2783670634           -6.3085700553     H 
            4.8512377905           -9.6899324277           -4.0300531191     O 
            3.5624496289           -8.4986789272           -3.5497019384     H 
            4.4123729164          -11.2980648231           -3.2507062269     H 
          -17.3165607517            7.0698170082            7.4774543647     O 
          -18.6303739679            5.8052708690            7.4478339188     H 
          -15.8665027630            6.3079279652            6.6021162911     H 
           18.0852558812           10.8459752522           -1.9364242090     O 
           18.1130502949            9.9942563598           -3.5598623909     H 
           19.2834680069            9.9177104859           -0.9193299255     H 
           -4.6775356496          -14.4071334957           -3.3369446036     O 
           -6.0523965924          -13.7527311423           -2.3319256761     H 
           -5.0902155951          -13.9846547639           -5.0673866560     H 
            9.4389414936           11.1280687443           -0.3112023752     O 
           11.0372476648           10.8366625395            0.5443444321     H 
            8.5660455160           12.4822196150            0.5878312698     H 
            8.2040621904           16.3870488118           -2.5580528678     O 
            6.8757971304           16.0854316482           -3.8135484830     H 
            9.7631013124           15.9904782560           -3.3880209482     H 
          -20.4067321733           -0.0614756490           -5.4059278961     O 
          -21.4767573372           -0.9172435928           -4.2108038843     H 
          -20.8815580348            1.7152068277           -5.3324966772     H 
          -16.3580008969           -9.7146253811            8.3896681896     O 
          -15.0915155292           -9.3606881917            7.1059907028     H 
          -15.7583979306          -11.1753936802            9.2758683629     H 
           21.6425423840           -8.0482218877            1.3685385549     O 
           22.6391277741           -7.1226491996            0.1283694299     H 
           19.9129089685           -7.9656296363            0.7106158991     H 
            6.0080857530            8.2202238868           -2.8091952952     O 
            4.5160177399            7.8776369561           -1.8023428870     H 
            7.1634268585            9.2237302013           -1.8024141173     H 
           14.2032726799           10.4768618345            1.3054171502     O 
           15.7214001741           10.7393491523            0.2940703599     H 
           14.5734989684           10.7862775657            3.0821620750     H 
          -10.5039478167           -3.9275015306          -12.6619789696     O 
          -10.3738049216           -2.3174416455          -13.5372981237     H 
           -8.7773928878           -4.5088179972          -12.3057738273     H 
          -20.7296895721           -1.9961201029            5.0987914033     O 
          -19.6357127460           -2.2820657870            3.6235130402     H 
          -20.1183495914           -3.0875803087            6.4432052696     H 
           -8.8401438312           10.5257590094           -0.8996727769     O 
          -10.5073327448            9.9266772913           -0.4782028973     H 
           -8.8613142279           12.3623759825           -0.6608547247     H 
            3.4271758473            8.5553177402          -11.1076632104     O 
            2.3277872683            7.2837134538          -10.3501582885     H 
            4.4481134571            9.2525702843           -9.7360266182     H 
           16.2624588823            5.1330366454           -1.8841973158     O 
           16.7825795377            6.0115571623           -3.4062982933     H 
           17.4761183532            5.6290469689           -0.6060711879     H 
           -8.0230912260            5.4245213243            0.6795077145     O 
           -7.8419557392            5.9165519495            2.4509071478     H 
           -8.0546800456            3.5917603213            0.6725659489     H 
           -7.0676625379           12.3684483432           -5.6423142136     O 
           -6.1762849435           12.7217698599           -4.0784912929     H 
           -8.8476488529           12.1272689155           -5.2230734985     H 
           -4.0937151946           -6.9784336827            8.6296814788     O 
           -2.3221249042           -7.0064185080            8.0967754863     H 
           -4.9401290488           -5.7116829975            7.5461580900     H 
           12.1094736497            5.9187072205            1.2402329176     O 
           13.2284155721            7.3731177519            1.3657171623     H 
           13.0634507520            4.4318318172            1.8151614918     H 
            4.2212937761          -13.9500125773           -1.2608785357     O 
            2.5519159816          -14.7131056739           -1.2676697744     H 
            4.8621405487          -14.0609926205            0.4610381472     H 
            1.8829204981            3.0248405833            9.9081873964     O 
            3.1012871048            4.3839550076           10.0506070267     H 
            2.8207022144            1.5319420950           10.4443253608     H 
           11.3206454346            6.6251413628           -3.6283833680     O 
           11.8954882113            6.2471143312           -1.9060449502     H 
           11.8341944306            8.3312078493           -4.0174443492     H 
           13.7220883881           -8.7717699464           -9.4270805006     O 
           13.0521643071           -7.2581558537           -8.5888217016     H 
           12.5690980884          -10.1073335840           -8.9648746734     H 
           -1.4288210686           10.5773674579          -11.1843559784     O 
            0.3775467200           10.3828339884          -11.4402800863     H 
           -2.2188893922            9.6851106338          -12.6078847504     H 
            4.6309944569            4.9377685710          -14.4321616819     O 
            6.3314239775            4.3052160892          -14.6238891592     H 
            4.6598553443            6.4818515983          -13.4165814686     H 
           12.6250388239          -12.7922019841            3.5864426039     O 
           12.2159528671          -13.3837288479            1.8871035467     H 
           14.3571946610          -13.1853289159            3.9252706532     H 
          -12.1524670985           11.7452659292           -4.7805307295     O 
          -12.6593004703           13.1968131159           -3.7715972347     H 
          -12.9906566803           11.8654920994           -6.4267758951     H 
           -3.0298831974            6.0828766718            3.1771351934     O 
           -1.4147714900            6.1904415670            4.0264661756     H 
           -3.9638149610            7.6498880424            3.4679569033     H 
            2.4225719036           12.3702487019           -2.2028780781     O 
            1.9292881451           10.9386921059           -3.2648791016     H 
            3.3250220342           11.7065097618           -0.7449114847     H 
           23.1762747264           -4.5135201749           -2.0307820296     O 
           21.7091023339           -3.5798796394           -1.3783054918     H 
           22.7323709093           -4.9041202846           -3.7604462208     H 
           24.6957727061            0.6132641756           -0.8118305099     O 
           24.5269617315            0.5219001801            1.0039742645     H 
           24.5032910078           -1.1081431755           -1.4012690092     H 
            9.6302865756          -11.3990304608           -7.0546156980     O 
            9.1413203421          -12.8880944202           -6.0887965479     H 
            8.4913725803          -11.3621077355           -8.5129590198     H 
           21.4454401536           -4.1649914367           -7.0869886227     O 
           22.9120878057           -3.8465315231           -8.0946709562     H 
           20.8882948241           -2.5238639682           -6.4200093230     H 
          -14.6110926310           11.1396232247           -9.1615770453     O 
          -13.1416045754           10.2977397568           -9.8709022517     H 
          -15.9117451710            9.8521740188           -9.0212853020     H 
          -12.7984739955          -13.5457909949           -3.6173459942     O 
          -13.6154642979          -12.4190713524           -4.7891177042     H 
          -13.8668399526          -13.6412744138           -2.1426459990     H 
           15.7868271966            0.1862196934           -8.4775862213     O 
           16.1091762571           -1.5673108508           -8.9470513189     H 
           14.8989266559            0.1682475908           -6.8535557369     H 
           -2.3921344657           -9.7966585539          -11.1144339197     O 
           -0.6113936258           -9.8509369316          -10.5702677228     H 
           -2.3895612272           -9.0320485109          -12.7620216354     H 
            2.8484871778           -5.1182619650          -13.0896392799     O 
            3.0131023695           -3.5617855510          -14.0768839317     H 
            4.3680651538           -6.0698322199          -13.3695917568     H 
            8.2407459143            5.1252763036           -9.9853537452     O 
            8.9929395897            6.7872101186           -9.9511110627     H 
            6.7154790852            5.2113938059           -8.9481004766     H 
            2.0187795769           -0.1449454472            0.0404482980     O 
            2.0523616842           -1.4967336982            1.3110914125     H 
            0.2626247387            0.1181588354           -0.3337831919     H 
           -2.6761719205           -2.6322962654           -1.0274660622     O 
           -3.9635272669           -3.5622547304           -0.1107288156     H 
           -3.4660297183           -2.0006664718           -2.5354641588     H 
           -7.4531695311            0.7968496352          -12.3048860881     H 
$end
$set
 chrg  1
 ewin_conf 50.0 
$end
