    0.05518766
   -0.14615320
    0.04225522
    0.05160286
   -0.03104329
    0.04544808
   -0.02001906
    0.05464503
    0.04933315
   -0.14792043
    0.04423714
    0.06105840
    0.05555992
   -0.39816100
    0.17456361
    0.19413464
   -0.61732716
    0.28288340
    0.33306148
   -0.62399141
    0.33579605
    0.28312792
   -0.63123646
    0.31903416
    0.31775641
   -0.63365223
    0.32480178
    0.32404749
   -0.64162630
    0.32475341
    0.29947450
   -0.63064965
    0.33974139
    0.28542674
   -0.65614705
    0.31683887
    0.31998136
   -0.64031438
    0.32213187
    0.33166530
   -0.60618083
    0.30032725
    0.31936959
   -0.63368762
    0.30973306
    0.31671978
   -0.62977504
    0.31772187
    0.32129619
   -0.63490033
    0.28308484
    0.34852875
   -0.63393177
    0.31170806
    0.31253599
   -0.64920420
    0.32328136
    0.31535488
   -0.62758556
    0.28191259
    0.34134817
   -0.62654268
    0.28153219
    0.34274409
   -0.65584166
    0.31910545
    0.31106468
   -0.62405102
    0.27938032
    0.33964327
   -0.63494957
    0.28531317
    0.34485111
   -0.63178188
    0.30830363
    0.31118461
   -0.63471499
    0.31592426
    0.32017198
   -0.64925346
    0.28376464
    0.35198811
   -0.62813478
    0.32048706
    0.33094867
   -0.63094641
    0.31411319
    0.31209010
   -0.64346437
    0.30428110
    0.32482594
