           1           2  0.977805961054159     
           2           3  0.978701371240119     
           2           4  0.978450334371096     
           2           5   1.00748963884014     
           5           6  0.961998010578983     
           5           7  0.988881298196866     
           7           8  0.969422914170153     
           7           9  0.967902432305710     
           5          10   1.01038548516127     
          10          11  0.976707871229254     
          10          12  0.974379000722502     
          10          13  0.978554663911746     
           7          14   1.00902520842796     
          14          15  0.942401243798153     
          14          16  0.918437197543295     
          17          18  0.915630954763323     
          17          19  0.817437154288014     
          20          21  0.810929447121265     
          20          22  0.913972736838807     
          23          24  0.844751176103136     
          23          25  0.864785163921960     
          26          27  0.859231500648591     
          26          28  0.835719611637738     
          14          30  0.115244632337744     
          29          30  0.769676503891894     
          29          31  0.896857043795201     
          32          33  0.791274630331968     
          32          34  0.915776324094709     
          35          36  0.847323902979597     
          35          37  0.840628596471050     
          38          39  0.855050180822774     
          38          40  0.821296218535291     
          41          42  0.902298752112179     
          41          43  0.868672246418866     
          44          45  0.858830495622134     
          44          46  0.862124455799348     
          47          48  0.857879649421280     
          47          49  0.854725352441152     
          50          51  0.915876742440524     
          26          52  0.106076605635784     
          50          52  0.769556239341921     
          53          54  0.864001583769680     
          53          55  0.858669082616937     
          56          57  0.840441557599061     
          56          58  0.856776613632444     
          59          60  0.914032107163309     
          59          61  0.790501222479237     
          62          63  0.917343822470561     
          62          64  0.794950482429840     
          65          66  0.841587960658065     
          65          67  0.853239623044477     
          68          69  0.917168145571278     
          68          70  0.810026336881093     
          71          72  0.915253062561208     
          71          73  0.777369728056320     
          74          75  0.861803764118964     
          74          76  0.874050979835937     
          77          78  0.855243460932174     
          77          79  0.853336803936591     
          80          81  0.915619238961261     
          38          82  0.117606450061257     
          80          82  0.749750436920558     
          73          83  0.100833486796052     
          83          84  0.854134488192817     
          83          85  0.854084002785030     
          86          87  0.865611908319512     
          86          88  0.871890010263359     
          89          90  0.881316930945760     
          89          91  0.830231604908947     
