   -0.71680431
    0.34079645
    0.34354198
   -0.70404263
    0.35228278
    0.35027881
   -0.70595899
    0.36076275
    0.35347726
   -0.68329171
    0.35115479
    0.36244684
   -0.68362567
    0.35175925
    0.33913438
   -0.69553711
    0.34289180
    0.34966406
   -0.70386008
    0.35872530
    0.36595979
   -0.68936646
    0.33289327
    0.33992300
   -0.70389141
    0.35436978
    0.35729059
   -0.71079104
    0.34286473
    0.34360237
   -0.70175974
    0.34657318
    0.34074762
   -0.68589872
    0.34893255
    0.32834278
   -0.66541679
    0.32715314
    0.34572811
   -0.68861242
    0.34447982
    0.34042887
   -0.69111846
    0.35008231
    0.34432904
   -0.69990033
    0.34606253
    0.35186402
   -0.70201436
    0.34241654
    0.35523162
   -0.68214469
    0.33789232
    0.33401819
   -0.69800126
    0.35090737
    0.34102191
   -0.67974644
    0.34584006
    0.34532904
   -0.70266187
    0.35274608
    0.35386968
   -0.66530149
    0.32545858
    0.34394698
   -0.70858682
    0.35175262
    0.34553621
   -0.70714020
    0.34045909
    0.35264656
   -0.69378803
    0.34551668
    0.34205621
   -0.68610170
    0.33719402
    0.34831170
   -0.66996923
    0.32665907
    0.34859459
   -0.70947079
    0.34262903
    0.35919022
   -0.68936606
    0.34959033
    0.33642954
   -0.67134316
    0.35585452
    0.34839040
   -0.64719771
    0.32369833
    0.31814723
   -0.68074501
    0.33722899
    0.34410736
   -0.66340768
    0.34949066
    0.31646351
   -0.67905715
    0.35592042
    0.33768625
   -0.71369640
    0.34521224
    0.34583776
   -0.67377571
    0.34069119
    0.32858493
   -0.69472514
    0.34756446
    0.34815959
   -0.69625593
    0.35296361
    0.35005328
   -0.69078003
    0.35645867
    0.34796509
   -0.69131207
    0.36383219
    0.34451574
   -0.66765623
    0.34578319
    0.33669877
   -0.69645072
    0.33695422
    0.34850578
   -0.66554795
    0.33879881
    0.32320604
   -0.66411746
    0.31715420
    0.33700744
   -0.67875252
    0.34491587
    0.31943664
   -0.68543081
    0.33123471
    0.34223428
   -0.70539736
    0.35633623
    0.35663080
   -0.66529606
    0.32341080
    0.33650430
   -0.68072755
    0.33218196
    0.34976623
   -0.67777991
    0.34667003
    0.33531529
   -0.68635422
    0.34823502
    0.34083827
   -0.66160667
    0.35173379
    0.34887051
   -0.67065365
    0.35216894
    0.32541966
   -0.67063188
    0.34355008
    0.35159364
   -0.68469219
    0.32795846
    0.34335849
   -0.70126575
    0.35993683
    0.34243986
   -0.68674638
    0.34180582
    0.34046691
   -0.71417282
    0.35573922
    0.35236384
   -0.64177477
    0.32684042
    0.32662256
   -0.66642626
    0.33821834
    0.32502722
   -0.68174438
    0.34699853
    0.33700416
   -0.67395652
    0.34116217
    0.34245640
   -0.64821444
    0.35446226
    0.31265674
   -0.63504350
    0.32124809
    0.32496754
   -0.65596334
    0.32854929
    0.33197763
   -0.69557257
    0.34766605
    0.34783925
   -0.67457224
    0.34161331
    0.33663073
   -0.68877992
    0.34523175
    0.34224894
   -0.67113390
    0.33605428
    0.33589351
   -0.63378025
    0.28551479
    0.35670934
   -0.68348072
    0.34657745
    0.35362177
   -0.70112335
    0.34679719
    0.34298882
   -0.64844028
    0.34162355
    0.31910134
   -0.68905999
    0.34524927
    0.32765722
   -0.67519715
    0.35053064
    0.34675619
   -0.69091815
    0.34842371
    0.34100363
   -0.66201653
    0.33010046
    0.34288900
   -0.68196598
    0.33651886
    0.33150436
   -0.69700278
    0.34165397
    0.35246517
   -0.66385949
    0.32102278
    0.34025629
   -0.65183479
    0.33633495
    0.32132980
   -0.66713269
    0.32170838
    0.33380673
   -0.66073167
    0.32951370
    0.33389559
   -0.66989396
    0.33097493
    0.31853192
   -0.68488393
    0.34563985
    0.32913331
   -0.69432993
    0.34912829
    0.34114651
   -0.67475460
    0.32941915
    0.34298148
   -0.64412716
    0.32006179
    0.33369027
   -0.64270199
    0.35284505
    0.30930826
   -0.64710157
    0.31597437
    0.32440888
   -0.68616817
    0.33063309
    0.33889801
   -0.68346753
    0.33231992
    0.32489243
   -0.69049747
    0.34944103
    0.34162522
   -0.67732131
    0.33897833
    0.32288824
   -0.69302888
    0.34547756
    0.33302181
   -0.67872077
    0.34882681
    0.35637842
   -0.66037910
    0.34918245
    0.33414556
   -0.67749660
    0.31735129
    0.35382112
   -0.67935212
    0.34849917
    0.32299173
   -0.70255608
    0.34233314
    0.34773301
   -0.70772514
    0.35112484
    0.34373990
   -0.63868090
    0.31427064
    0.32938990
   -0.68340701
    0.35264405
    0.34279388
   -0.64239717
    0.32969172
    0.32064490
   -0.63635587
    0.35266564
    0.28958658
   -0.64995903
    0.34888036
    0.32169976
   -0.71612230
    0.34934506
    0.34649875
   -0.66087399
    0.33999836
    0.33034514
   -0.66334574
    0.30980987
    0.33953486
   -0.68423742
    0.33998713
    0.33145288
   -0.68229759
    0.32707670
    0.33684413
   -0.68717684
    0.34437580
    0.34468873
   -0.65234245
    0.33865795
    0.32453394
   -0.66217081
    0.32304592
    0.33906854
   -0.70495861
    0.34210644
    0.35699717
   -0.66839320
    0.35234445
    0.35148200
   -0.67344744
    0.35075974
    0.32435296
   -0.67616970
    0.34102674
    0.33451330
   -0.68267548
    0.33332002
    0.33814588
   -0.67477246
    0.34227740
    0.35296962
   -0.66348426
    0.32949157
    0.32389417
   -0.67881723
    0.35072092
    0.33691475
   -0.65274377
    0.35279640
    0.29200444
   -0.69559982
    0.35234319
    0.33683567
   -0.67321311
    0.33937860
    0.31882106
   -0.69221094
    0.35337418
    0.34850923
   -0.69701646
    0.34326077
    0.33518517
   -0.63530856
    0.33147417
    0.31941572
   -0.67513023
    0.33897868
    0.33319904
   -0.64742583
    0.31461612
    0.33335048
   -0.68673839
    0.34658258
    0.33348098
   -0.68085347
    0.34710392
    0.33370959
   -0.69468194
    0.34625464
    0.34870603
   -0.65744640
    0.32850890
    0.34259616
   -0.66012223
    0.30949237
    0.36310692
   -0.69654832
    0.34271041
    0.33529667
   -0.67073394
    0.33243004
    0.35448840
   -0.67787966
    0.35118441
    0.34439068
   -0.67660264
    0.33982530
    0.32400243
   -0.66573143
    0.33851009
    0.32312344
   -0.66076187
    0.32232580
    0.33295252
   -0.67664234
    0.32663011
    0.33226231
   -0.71171047
    0.35311512
    0.35613205
   -0.68683277
    0.35270779
    0.34991139
   -0.65328218
    0.33422196
    0.31335464
   -0.71412735
    0.34809037
    0.34567559
   -0.66929300
    0.34505652
    0.32863362
   -0.66347033
    0.31950988
    0.33697278
   -0.68816105
    0.33416710
    0.33467076
   -0.64933264
    0.34385895
    0.32360534
   -0.67633428
    0.33857960
    0.33606014
   -0.67727478
    0.35516942
    0.32473226
   -0.67425140
    0.34273807
    0.34141130
   -0.66920039
    0.32094229
    0.33310609
   -0.65857476
    0.30695863
    0.34462220
   -0.66858583
    0.33276884
    0.34699032
   -0.65573808
    0.33170450
    0.34337815
   -0.67513880
    0.32825726
    0.32925623
   -0.65274528
    0.34459498
    0.31989503
   -0.67256674
    0.33586233
    0.31634073
   -0.68391624
    0.34291719
    0.33684212
   -0.66735786
    0.36767464
    0.31044222
   -0.65104182
    0.34539126
    0.31933037
   -0.68500017
    0.34780092
    0.33943772
   -0.68038766
    0.32880700
    0.34832734
   -0.68612846
    0.35577607
    0.34404693
   -0.66060020
    0.33096763
    0.31607762
   -0.69080822
    0.32688609
    0.34265339
   -0.63886355
    0.30146131
    0.34550042
   -0.70750003
    0.32776318
    0.34550846
   -0.69975874
    0.33401695
    0.34231633
   -0.65412153
    0.30259353
    0.32777937
   -0.66469133
    0.34854633
    0.32305392
   -0.63811759
    0.34965093
    0.29598179
   -0.66335956
    0.32536270
    0.33819186
   -0.66842681
    0.32955378
    0.32905976
   -0.68549124
    0.36299554
    0.33525551
   -0.69286547
    0.33119197
    0.33638549
   -0.66283915
    0.32594273
    0.31864824
   -0.66166419
    0.30499329
    0.35116146
   -0.67779225
    0.33828422
    0.32499150
   -0.67487968
    0.32878244
    0.34251874
   -0.65125309
    0.35195214
    0.29732542
   -0.64620772
    0.33248101
    0.32890483
   -0.62997392
    0.32591127
    0.31429096
   -0.66606641
    0.32719182
    0.32322106
   -0.64688023
    0.32971478
    0.32523938
   -0.67106088
    0.32752174
    0.32677627
   -0.66709863
    0.32914238
    0.32978363
   -0.67301688
    0.33352937
    0.34592811
   -0.65327938
    0.31270623
    0.34098344
   -0.64198194
    0.32320829
    0.31797191
   -0.68048288
    0.33593230
    0.33526353
   -0.67079569
    0.33751854
    0.33264771
   -0.66597989
    0.33543045
    0.32269071
   -0.65300461
    0.32034422
    0.32689124
   -0.65215535
    0.30215031
    0.34997736
   -0.65252466
    0.34727498
    0.30527777
   -0.63404303
    0.29302896
    0.36008817
   -0.68930290
    0.34117121
    0.36350275
   -0.64857430
    0.32617212
    0.32616029
   -0.63404145
    0.35098929
    0.29752927
   -0.65582937
    0.32842978
    0.33551315
   -0.64467166
    0.30312193
    0.36040933
   -0.64235473
    0.31599098
    0.31985228
   -0.64872262
    0.31137883
    0.32446763
   -0.69617614
    0.35663355
    0.34815781
   -0.66739809
    0.34364343
    0.32718470
   -0.64287832
    0.32880402
    0.31917664
   -0.68110985
    0.34256090
    0.33551786
   -0.68579738
    0.33935544
    0.33563796
   -0.64366408
    0.31892542
    0.32682472
   -0.69919863
    0.33799363
    0.35192590
   -0.65491871
    0.30618735
    0.34672729
   -0.64445401
    0.35311640
    0.29643741
   -0.66263132
    0.32705187
    0.33355395
   -0.62706112
    0.30996072
    0.34583542
   -0.67311089
    0.34069687
    0.33310319
   -0.64148890
    0.32861019
    0.32214106
   -0.67266903
    0.33185661
    0.34757174
   -0.66149138
    0.32455576
    0.32593893
   -0.68255689
    0.34185274
    0.35317142
   -0.66133660
    0.34859088
    0.31611399
   -0.64636235
    0.34106893
    0.30109624
   -0.68970187
    0.34714539
    0.33411823
   -0.68555656
    0.34804518
    0.34318699
   -0.68656009
    0.34974606
    0.34218647
   -0.66761228
    0.34464188
    0.32079531
   -0.65173825
    0.33163601
    0.33212100
   -0.68501750
    0.34730107
    0.33783344
   -0.68816714
    0.33636151
    0.32154946
   -0.66642963
    0.34271438
    0.33101806
   -0.63125271
    0.33518938
    0.29621086
   -0.63810665
    0.33126223
    0.31427966
   -0.62745199
    0.31694033
    0.33139877
   -0.63772630
    0.31170184
    0.33522844
   -0.69618836
    0.33957360
    0.33454303
   -0.66322859
    0.33677845
    0.35018755
   -0.67354998
    0.33590441
    0.34847520
   -0.66274451
    0.31952044
    0.32239913
   -0.65067642
    0.28367326
    0.35105421
   -0.69472414
    0.33923481
    0.34179070
   -0.67948926
    0.34377425
    0.32914570
   -0.62424775
    0.33394890
    0.29500145
   -0.64768576
    0.32955043
    0.31998341
   -0.65578385
    0.32965868
    0.32826972
   -0.68259264
    0.33940728
    0.32651963
   -0.65611400
    0.35478188
    0.31696815
   -0.67749426
    0.31030754
    0.36167095
   -0.67176252
    0.31829273
    0.33935136
   -0.64751325
    0.33513068
    0.32982905
   -0.65623041
    0.34844189
    0.35598859
