           1           2  0.787297328719516     
           1           3  0.795829814800059     
           4           5  0.798442144342850     
           4           6  0.806130014499978     
           7           8  0.791365723510612     
           7           9  0.812902958445725     
          10          11  0.841840095125394     
          10          12  0.791846967786541     
          13          14  0.803415533793365     
          13          15  0.855735869286437     
          16          17  0.824753042231242     
          16          18  0.817471839543432     
          19          20  0.796140652436009     
          19          21  0.786885731854314     
          22          23  0.852952179848513     
          22          24  0.817856627903007     
          25          26  0.791697263495599     
          25          27  0.794236347891214     
          28          29  0.838107165156149     
          28          30  0.792475296657139     
          31          32  0.820797825317751     
          31          33  0.811359426521290     
          34          35  0.807151020838853     
          34          36  0.867120668885888     
          37          38  0.835199047116915     
          37          39  0.817607068651265     
          40          41  0.814227099590758     
          40          42  0.824455730330373     
          43          44  0.804317066709228     
          43          45  0.813742594673178     
          46          47  0.788630190218184     
          46          48  0.815585881912171     
          49          50  0.807920784022212     
          49          51  0.789192759211659     
          52          53  0.820729946599399     
          52          54  0.823789385559119     
          55          56  0.804277529635639     
          55          57  0.824110160589733     
          58          59  0.827088671293335     
          58          60  0.834329979263283     
          61          62  0.785273359141548     
          61          63  0.803665773281316     
          64          65  0.849545695074530     
          64          66  0.827032062917736     
          67          68  0.784254018785136     
          67          69  0.825389796671770     
          70          71  0.842044713058214     
          70          72  0.766306881722269     
          73          74  0.830362589108093     
          73          75  0.822426720525861     
          76          77  0.834740134564718     
          76          78  0.817746210475201     
          79          80  0.842268215720471     
          79          81  0.816305373793342     
          82          83  0.820793867922737     
          82          84  0.775720346494512     
          85          86  0.792243074903424     
          85          87  0.836597242502134     
          88          89  0.806921791880954     
          88          90  0.840560327969446     
          91          92  0.862920379683548     
          91          93  0.862360284407600     
          94          95  0.826679785702687     
          94          96  0.837046854043487     
          97          98  0.805878085334407     
          97          99  0.884432116802840     
         100         101  0.801642690840874     
         100         102  0.841427760092150     
         103         104  0.802327463887764     
         103         105  0.807748489490492     
         106         107  0.831505238703947     
         106         108  0.852189881939867     
         109         110  0.803473519429800     
         109         111  0.808278026351286     
         112         113  0.825812142922602     
         112         114  0.806549021810858     
         115         116  0.792148930644007     
         115         117  0.823376075871343     
         118         119  0.783654320767122     
         118         120  0.823103132459507     
         121         122  0.853113718779342     
         121         123  0.822638572221365     
         124         125  0.826018602322675     
         124         126  0.802022799564210     
         127         128  0.814757100813568     
         127         129  0.857922266973850     
         130         131  0.869328223118763     
         130         132  0.818704800961401     
         133         134  0.816601606069817     
         133         135  0.847336701302176     
         136         137  0.837333448127970     
         136         138  0.814337348191007     
         139         140  0.781085611131267     
         139         141  0.811048098493499     
         142         143  0.845260879102302     
         142         144  0.829931248289695     
         145         146  0.818183690884093     
         145         147  0.833945677702228     
         148         149  0.808398295151112     
         148         150  0.839707304439701     
         151         152  0.810848846332914     
         151         153  0.826549911581665     
         154         155  0.842676170706341     
         154         156  0.838822676716065     
         157         158  0.801696934152010     
         157         159  0.860808104128290     
         160         161  0.810008213586222     
         160         162  0.848396899627202     
         163         164  0.842764094148450     
         163         165  0.837466853371188     
         166         167  0.778364699481816     
         166         168  0.822138427836481     
         169         170  0.827512969181430     
         169         171  0.812785516378221     
         172         173  0.780788505292902     
         172         174  0.808075672419495     
         175         176  0.863961515967210     
         175         177  0.839917390600068     
         178         179  0.806432583167726     
         178         180  0.858092300332861     
         181         182  0.813918610657008     
         181         183  0.841155836197525     
         184         185  0.823740865405428     
         184         186  0.819027461928129     
         187         188  0.808259364305873     
         187         189  0.889720058934798     
         190         191  0.879629640453004     
         190         192  0.853594701518351     
         193         194  0.846352704354298     
         193         195  0.849278622244690     
         196         197  0.804440577361885     
         196         198  0.824637393026528     
         199         200  0.837923855541137     
         199         201  0.816223772028214     
         202         203  0.806319240256887     
         202         204  0.836963438370438     
         205         206  0.818402556881291     
         205         207  0.835760455695522     
         208         209  0.912398816000698     
         208         210  0.799012233508849     
         211         212  0.820662503482045     
         211         213  0.826440559604998     
         214         215  0.802184228117154     
         214         216  0.816979921241181     
         217         218  0.841513501552112     
         217         219  0.875139653816440     
         220         221  0.830363734493212     
         220         222  0.842007877111905     
         223         224  0.802426626808958     
         223         225  0.843942933325795     
         226         227  0.815907625540144     
         226         228  0.797908516163139     
         229         230  0.863753336509024     
         229         231  0.817664277484497     
         232         233  0.817152744141912     
         232         234  0.836271499341773     
         235         236  0.802835900703012     
         235         237  0.816185176999594     
         238         239  0.856532626600536     
         238         240  0.795703164954346     
         241         242  0.835891229310168     
         241         243  0.870673914866552     
         244         245  0.867331693217429     
         244         246  0.822803912405695     
         247         248  0.821814733392291     
         247         249  0.855921219837928     
         250         251  0.828116183127815     
         250         252  0.858712334473077     
         253         254  0.822691165674019     
         253         255  0.833752298991113     
         256         257  0.795899757060764     
         256         258  0.836962703813918     
         259         260  0.831224339196390     
         259         261  0.820126602004136     
         262         263  0.871326334983526     
         262         264  0.855798668285048     
         265         266  0.843408731808256     
         265         267  0.888153962979840     
         268         269  0.870213250636531     
         268         270  0.862503323422672     
         271         272  0.813973406737835     
         271         273  0.825416636232813     
         274         275  0.828033284938272     
         274         276  0.835035021317511     
         277         278  0.809896225497792     
         277         279  0.826109082707446     
         280         281  0.810196836635909     
         280         282  0.839252283920054     
         283         284  0.797663175870735     
         283         285  0.823857564814164     
         286         287  0.833269829466843     
         286         288  0.813413492167278     
         289         290  0.837752292223803     
         289         291  0.849005253110202     
         292         293  0.869317947431985     
         292         294  0.796054271627324     
         295         296  0.778014539422940     
         295         297  0.870716234221113     
         298         299  0.807028215784124     
         298         300  0.812449522506982     
         301         302  0.785882110015960     
         301         303  0.803584652663456     
         304         305  0.876786726798135     
         304         306  0.843622478198119     
         307         308  0.797686639742024     
         307         309  0.846112987851548     
         310         311  0.851086706649580     
         310         312  0.865005004106586     
         313         314  0.814871124227468     
         313         315  0.909204797039476     
         316         317  0.815119264359354     
         316         318  0.874523415851627     
         319         320  0.789427904383928     
         319         321  0.796024494996493     
         322         323  0.846049636143081     
         322         324  0.844977978726727     
         325         326  0.866582916797122     
         325         327  0.811844938847808     
         328         329  0.836424548226086     
         328         330  0.813657679253906     
         331         332  0.833413297337273     
         331         333  0.799459468298029     
         334         335  0.821720798820027     
         334         336  0.811984339958791     
         337         338  0.842506926924398     
         337         339  0.865580586770786     
         340         341  0.851315189265594     
         340         342  0.833318089103777     
         343         344  0.806550490173809     
         343         345  0.808747967731884     
         346         347  0.824308257709472     
         346         348  0.832850573530086     
         349         350  0.790236857019194     
         349         351  0.858896081463867     
         352         353  0.817548607432351     
         352         354  0.830255076294761     
         355         356  0.817186044931014     
         355         357  0.824095630729377     
         358         359  0.842526613687413     
         358         360  0.804165488226809     
         361         362  0.847734667731000     
         361         363  0.859760431291486     
         364         365  0.806291443517119     
         364         366  0.830393432919589     
         367         368  0.795027449116721     
         367         369  0.905813664591248     
         370         371  0.813545960447008     
         370         372  0.805684735415101     
         373         374  0.797407854564845     
         373         375  0.871839889574408     
         376         377  0.802345146818399     
         376         378  0.816332508794474     
         379         380  0.805207340398559     
         379         381  0.811573025219589     
         382         383  0.847998001859042     
         382         384  0.871571341574699     
         385         386  0.834724332664467     
         385         387  0.844496058914451     
         388         389  0.881229126192361     
         388         390  0.840933675522951     
         391         392  0.807754661037985     
         391         393  0.809409450642421     
         394         395  0.821706383738349     
         394         396  0.833669997790078     
         397         398  0.817499398508085     
         397         399  0.796410179814616     
         400         401  0.860061493429017     
         400         402  0.810744732690012     
         403         404  0.888740822379564     
         403         405  0.778170666126189     
         406         407  0.808655391455404     
         406         408  0.840635149712351     
         409         410  0.861552922848451     
         409         411  0.795876577258361     
         412         413  0.821284585221010     
         412         414  0.820045892461655     
         415         416  0.814741152482473     
         415         417  0.838447062189597     
         418         419  0.816804526612766     
         418         420  0.859452425828876     
         421         422  0.852923435156500     
         421         423  0.841729449959605     
         424         425  0.831913044982491     
         424         426  0.830809748917982     
         427         428  0.818660928762464     
         427         429  0.769854221000927     
         430         431  0.808785423193052     
         430         432  0.820524815901060     
         433         434  0.825583861318582     
         433         435  0.871663098219031     
         436         437  0.797443561386953     
         436         438  0.807283876357507     
         439         440  0.818750331915488     
         439         441  0.841383155622811     
         442         443  0.853192051306688     
         442         444  0.805367892548997     
         445         446  0.820939452599676     
         445         447  0.810424471836099     
         448         449  0.845094129172211     
         448         450  0.871609631250793     
         451         452  0.827888000365068     
         451         453  0.835586373877041     
         454         455  0.791420873970137     
         454         456  0.850822090205196     
         457         458  0.824335097441309     
         457         459  0.842545441014250     
         460         461  0.855336917407281     
         460         462  0.836407253285575     
         463         464  0.881251812808810     
         463         465  0.812842363884460     
         466         467  0.862907510336369     
         466         468  0.806774410257428     
         469         470  0.854977779227993     
         469         471  0.833705612630298     
         472         473  0.835471083765533     
         472         474  0.835910355316163     
         475         476  0.826037420647173     
         475         477  0.872559479960282     
         478         479  0.817944169148293     
         478         480  0.856225129615395     
         481         482  0.803885789957642     
         481         483  0.819386001918989     
         484         485  0.778634261334344     
         484         486  0.884512580549750     
         487         488  0.832454671156336     
         487         489  0.871529236649723     
         490         491  0.803450798337381     
         490         492  0.819291122669910     
         493         494  0.841455890894683     
         493         495  0.805529052993043     
         496         497  0.812992282154559     
         496         498  0.832206803087809     
         499         500  0.842200557053758     
         499         501  0.863175109555967     
         502         503  0.823659470488936     
         502         504  0.818054009364606     
         505         506  0.899042060057603     
         505         507  0.826708120711425     
         508         509  0.826904523936870     
         508         510  0.794977263614441     
         511         512  0.819434328147650     
         511         513  0.794218220611699     
         514         515  0.886263530072510     
         514         516  0.840835697671627     
         517         518  0.809873910168306     
         517         519  0.852713057267938     
         520         521  0.818493702097256     
         520         522  0.902618333179736     
         523         524  0.863377171884398     
         523         525  0.811745555906719     
         526         527  0.850585869712229     
         526         528  0.838214742171614     
         529         530  0.797802405725360     
         529         531  0.828514176451742     
         532         533  0.801273166129762     
         532         534  0.816120191968403     
         535         536  0.848709356776816     
         535         537  0.856047821523862     
         538         539  0.891424074161911     
         538         540  0.795036682644742     
         541         542  0.804780812222739     
         541         543  0.839375085595113     
         544         545  0.833419977251103     
         544         546  0.835252423028120     
         547         548  0.780261375532780     
         547         549  0.900374099836205     
         550         551  0.850196461664699     
         550         552  0.856953874705848     
         553         554  0.859482777159800     
         553         555  0.878602604084645     
         556         557  0.836002444600157     
         556         558  0.856890330337781     
         559         560  0.841696538068887     
         559         561  0.859422477989998     
         562         563  0.836855211694445     
         562         564  0.830918544006923     
         565         566  0.853938020030534     
         565         567  0.832713412325655     
         568         569  0.814036874473101     
         568         570  0.825639385759660     
         571         572  0.884735195462301     
         571         573  0.824422433712787     
         574         575  0.864841364733105     
         574         576  0.863878128629780     
         577         578  0.832342997289361     
         577         579  0.843311611387242     
         580         581  0.816637975477846     
         580         582  0.829585649216439     
         583         584  0.840889307581250     
         583         585  0.853007726903678     
         586         587  0.848202267839368     
         586         588  0.856333314422057     
         589         590  0.899823399918790     
         589         591  0.810454441315794     
         592         593  0.803357460477186     
         592         594  0.896045348267107     
         595         596  0.909296343881813     
         595         597  0.800479231933003     
         598         599  0.821638684676473     
         598         600  0.782775963341787     
         601         602  0.861503662897837     
         601         603  0.846541765834926     
         604         605  0.812238469356208     
         604         606  0.905458702656945     
         607         608  0.853063024022502     
         607         609  0.817264591298314     
         610         611  0.899543189838071     
         610         612  0.807635322592706     
         613         614  0.872231728592006     
         613         615  0.869613537047393     
         616         617  0.861166270677072     
         616         618  0.853632560763022     
         619         620  0.811972602404790     
         619         621  0.810837061308386     
         622         623  0.820640719894830     
         622         624  0.850013040457875     
         625         626  0.843855014813828     
         625         627  0.870584092651398     
         628         629  0.820464080416345     
         628         630  0.820177280616633     
         631         632  0.824853648254627     
         631         633  0.835726807822782     
         634         635  0.875597001902762     
         634         636  0.842851343295792     
         637         638  0.816348262640707     
         637         639  0.787140512557850     
         640         641  0.889274859153906     
         640         642  0.810704492071965     
         643         644  0.811522457857412     
         643         645  0.904214649088882     
         646         647  0.848044484125984     
         646         648  0.843496444869098     
         649         650  0.895047214502702     
         649         651  0.837481200659615     
         652         653  0.832057825179389     
         652         654  0.832261161673818     
         655         656  0.834141512548667     
         655         657  0.870022133536030     
         658         659  0.847720630334268     
         658         660  0.813795242608529     
         661         662  0.862350161867713     
         661         663  0.848450072484598     
         664         665  0.845317587524134     
         664         666  0.826176140693809     
         667         668  0.812154171001215     
         667         669  0.874178898808478     
         670         671  0.815831978075043     
         670         672  0.899185662736954     
         673         674  0.811947595669529     
         673         675  0.833593962710767     
         676         677  0.808634349989722     
         676         678  0.836736605925868     
         679         680  0.804756332225425     
         679         681  0.811644761847447     
         682         683  0.798234170553526     
         682         684  0.865755652276402     
         685         686  0.866386861801044     
         685         687  0.838734533248052     
         688         689  0.826491138403199     
         688         690  0.818253428252929     
         691         692  0.811495232531203     
         691         693  0.841896716398302     
         694         695  0.832723423677874     
         694         696  0.868589998229316     
         697         698  0.831285072611750     
         697         699  0.908001032264312     
         700         701  0.839084812258241     
         700         702  0.889847378401078     
         703         704  0.883109940144378     
         703         705  0.857598841323682     
         706         707  0.891884573678680     
         706         708  0.825369584158336     
         709         710  0.807003282990377     
         709         711  0.831848952345989     
         712         713  0.841652559683682     
         712         714  0.835848731619629     
         715         716  0.836286299548187     
         715         717  0.828290940514750     
         718         719  0.851999481673174     
         718         720  0.846555041516169     
         721         722  0.911978999152185     
         721         723  0.776218195161551     
         724         725  0.785724411696583     
         724         726  0.812718309626207     
         727         728  0.811125688674247     
         727         729  0.840188452381970     
         730         731  0.846332342607070     
         730         732  0.911420034662045     
         733         734  0.835398840405490     
         733         735  0.864254562419233     
         736         737  0.855343812848887     
         736         738  0.842971711049394     
         739         740  0.825109577958476     
         739         741  0.829611059157631     
         742         743  0.804287747025241     
         742         744  0.881253400342676     
         745         746  0.882409198679035     
         745         747  0.780395505612354     
         748         749  0.857064578511182     
         748         750  0.827768643297774     
         751         752  0.865903402216588     
         751         753  0.875342537739107     
         754         755  0.849810956339988     
         754         756  0.839456596089289     
