$coord
          1.734933705151         -1.018606388135         -2.194769714793     h 
          0.019038836547         -1.152022856734         -1.026361577568     c 
         -1.646411939434         -1.012018972108         -2.264887053435     h 
         -0.017928179786          0.961591082091          0.954910364886     c 
          1.625347102863          0.732556345953          2.178968881491     h 
         -1.711413800281          0.739056903536          2.109776074905     h 
         -0.014608913552         -3.382240570959          0.386745427802     o 
          0.005052107613         -4.844427001403         -0.698759809788     h 
          0.011239185849          3.522611318970         -0.211055706791     n 
         -1.542603540681          3.759212538475         -1.356329469920     h 
          1.612133251603          3.753066593153         -1.290911209901     h 
         -0.014560600796          4.896751680903          1.162214103464     h 
$end
