   -0.68555377
    0.34185553
    0.32143553
   -0.68364868
    0.32560339
    0.35383723
   -0.68878233
    0.33927332
    0.34134318
   -0.66327410
    0.34567322
    0.32324121
   -0.67752026
    0.33465035
    0.34431624
   -0.65630903
    0.35751018
    0.30992085
   -0.65820163
    0.33580961
    0.33454472
   -0.64758070
    0.33172117
    0.31438135
   -0.68131569
    0.33992256
    0.33783908
   -0.69978187
    0.35728194
    0.34959358
   -0.68102144
    0.33972844
    0.34208576
   -0.63991148
    0.35037823
    0.29626719
   -0.69117543
    0.36678600
    0.32885459
   -0.70079632
    0.32895254
    0.36579364
   -0.67207219
    0.33668008
    0.32978508
   -0.64227031
    0.32423171
    0.31916587
   -0.66328005
    0.33064036
    0.34923630
   -0.67514397
    0.35275016
    0.31129205
   -0.69449990
    0.33574392
    0.35225561
   -0.69745711
    0.35527936
    0.33738462
   -0.67032962
    0.33719222
    0.32243920
   -0.68096972
    0.36929366
    0.34329716
   -0.64780480
    0.32496782
    0.32226418
   -0.66231592
    0.34799882
    0.32811329
   -0.69490775
    0.35546510
    0.33160931
   -0.68148450
    0.34666867
    0.35884656
   -0.65800471
    0.31932822
    0.31776823
   -0.69487267
    0.34877009
    0.33731431
   -0.66338670
    0.31434365
    0.33532395
   -0.64519372
    0.32364934
    0.32551904
   -0.67167877
    0.32386174
    0.33468782
   -0.63653198
    0.33266592
    0.31688163
   -0.66319967
    0.33152587
    0.34150522
   -0.65371186
    0.34032920
    0.33134447
   -0.66635897
    0.33031918
    0.34917279
   -0.65739518
    0.32493472
    0.31929965
   -0.68933431
    0.35372199
    0.33647007
   -0.69031749
    0.34965958
    0.33791936
   -0.67673203
    0.33449510
    0.35161548
   -0.66365973
    0.30295349
    0.35189028
   -0.69689031
    0.35347154
    0.31856356
   -0.67967136
    0.34018137
    0.33277379
   -0.63143704
    0.33624554
    0.29504873
   -0.65388792
    0.35909462
    0.30623943
   -0.69455013
    0.35275496
    0.34375077
   -0.66696070
    0.33147567
    0.32588665
   -0.67852016
    0.32367736
    0.35225434
   -0.70926251
    0.35383000
    0.33523668
   -0.65979469
    0.31065889
    0.33924182
   -0.64218433
    0.33266663
    0.33521704
   -0.66411845
    0.30309365
    0.34313451
   -0.67366266
    0.32853979
    0.33195330
   -0.65219898
    0.31386036
    0.31917695
   -0.67450218
    0.33405556
    0.35535795
   -0.67978937
    0.33886174
    0.33788606
   -0.62482589
    0.32758471
    0.30701627
   -0.69039454
    0.34803196
    0.32993029
   -0.61342912
    0.32085302
    0.30265623
   -0.67118513
    0.34750260
    0.33531437
   -0.66381895
    0.34864274
    0.32289013
   -0.65591757
    0.32859834
    0.33854405
   -0.66554033
    0.36117923
    0.33651422
   -0.68337760
    0.33870071
    0.33564680
   -0.66692332
    0.34242059
    0.35187984
   -0.67985723
    0.34839102
    0.33472807
   -0.66281522
    0.34786975
    0.31640230
   -0.67367032
    0.34104121
    0.36404132
   -0.64594750
    0.31973696
    0.31968279
   -0.64483581
    0.33617398
    0.31342037
   -0.66046867
    0.32813202
    0.34663467
   -0.69601050
    0.35006930
    0.35026472
   -0.67633817
    0.33961499
    0.32084049
   -0.65124747
    0.31290460
    0.33767573
   -0.65077060
    0.28725687
    0.33824304
   -0.63548605
    0.30795091
    0.33960948
   -0.69709209
    0.35487139
    0.31919166
   -0.67444660
    0.32769301
    0.35306803
   -0.64465301
    0.30104741
    0.34670566
   -0.69233403
    0.32654382
    0.34304247
   -0.67679882
    0.33239795
    0.35351702
   -0.69342225
    0.35227802
    0.33733595
   -0.65445361
    0.35923910
    0.29538828
   -0.68341519
    0.32758567
    0.34894846
   -0.67512594
    0.34181916
    0.33129154
   -0.65132071
    0.34706528
    0.31107695
   -0.68045365
    0.35122658
    0.35180250
   -0.67427115
    0.34219100
    0.33185124
   -0.63747101
    0.34628556
    0.28001982
   -0.67725062
    0.31747539
    0.34744825
   -0.68350087
    0.34376201
    0.33489478
   -0.68376936
    0.34255011
    0.33674986
   -0.68691990
    0.31280490
    0.34794496
   -0.62264548
    0.31620418
    0.32185670
   -0.64542862
    0.32082021
    0.31782885
   -0.67278435
    0.33523130
    0.31650931
   -0.61963230
    0.34869496
    0.28062159
   -0.68262542
    0.32422668
    0.36732829
   -0.64185371
    0.31729291
    0.32536318
   -0.68716415
    0.35377537
    0.33936680
   -0.63340433
    0.32818832
    0.32260096
   -0.66175559
    0.32169668
    0.34497202
   -0.64498143
    0.33592502
    0.31094238
   -0.64346434
    0.31277693
    0.34104982
   -0.64384218
    0.33454042
    0.34217001
   -0.67430534
    0.31311714
    0.34712706
   -0.67139000
    0.34028675
    0.34110953
   -0.67119002
    0.33113141
    0.33784175
   -0.67969595
    0.33192577
    0.32883037
   -0.67412192
    0.32753679
    0.35262582
   -0.62725243
    0.30809917
    0.34218005
   -0.65391040
    0.32003197
    0.33959552
   -0.62903680
    0.34590186
    0.28017576
   -0.64540850
    0.35208905
    0.27560362
   -0.65647291
    0.32939908
    0.32415531
   -0.68252665
    0.33462330
    0.32777850
   -0.67066749
    0.34639236
    0.32928225
   -0.67394181
    0.35941678
    0.32789323
   -0.67785431
    0.32958601
    0.35551852
   -0.66574114
    0.32039519
    0.34294669
   -0.66046903
    0.31593962
    0.34243077
   -0.63857314
    0.33004280
    0.32624232
   -0.66442403
    0.33430897
    0.34456771
   -0.63656821
    0.32801888
    0.31844431
   -0.68104189
    0.32088116
    0.34916060
   -0.64448247
    0.31522828
    0.33940476
   -0.65774429
    0.32223747
    0.34283349
   -0.64421689
    0.32840880
    0.31136118
   -0.65163423
    0.32330541
    0.32361867
   -0.69153128
    0.34726702
    0.32864491
   -0.64000593
    0.30229776
    0.35133846
   -0.62597626
    0.28039867
    0.34407576
   -0.68001460
    0.33459231
    0.33700597
   -0.64186616
    0.35333813
    0.27769727
   -0.70102278
    0.33006071
    0.36263172
   -0.67895408
    0.32818598
    0.34585456
   -0.64811843
    0.32796192
    0.31953308
   -0.65689331
    0.33079498
    0.31798942
   -0.66191945
    0.33131962
    0.32832363
   -0.65796521
    0.32801709
    0.31185221
   -0.62116374
    0.34900012
    0.28976326
   -0.68118264
    0.34931302
    0.32624369
   -0.65687333
    0.33813828
    0.31637424
   -0.69387416
    0.36797187
    0.33668526
   -0.63804754
    0.35349292
    0.29235183
   -0.64422036
    0.33980599
    0.28901246
   -0.67625578
    0.32019734
    0.34474629
   -0.67195207
    0.35137891
    0.31958521
   -0.69026787
    0.32702292
    0.35300111
   -0.64323849
    0.33827109
    0.30356061
   -0.71404324
    0.35730075
    0.35575452
   -0.66805745
    0.31936017
    0.34319755
   -0.66316104
    0.33378774
    0.32755892
   -0.67770406
    0.31758151
    0.33795181
   -0.68885919
    0.34161531
    0.33152169
   -0.69465148
    0.34366620
    0.35571130
   -0.66603765
    0.34613547
    0.30927278
   -0.67975333
    0.31953526
    0.35252404
   -0.66417152
    0.34976992
    0.31784231
   -0.62644280
    0.33243253
    0.29758705
   -0.69347904
    0.34009729
    0.35051041
   -0.67911797
    0.32723880
    0.34073312
   -0.68236541
    0.35817768
    0.34331829
   -0.64269631
    0.31554641
    0.34305214
   -0.67040514
    0.33511825
    0.33792097
   -0.67448106
    0.34484722
    0.34442124
   -0.65890056
    0.32683779
    0.32881145
   -0.66213153
    0.31541425
    0.34853262
   -0.64729044
    0.32793176
    0.32525656
   -0.68794523
    0.32816716
    0.35555999
   -0.62644606
    0.35381039
    0.29124926
   -0.65423526
    0.32382443
    0.32619209
   -0.65495419
    0.32801068
    0.32599956
   -0.64452774
    0.27444381
    0.35651094
   -0.61739313
    0.33411278
    0.30595199
   -0.64779410
    0.34216506
    0.31000580
   -0.66841451
    0.34228866
    0.29383381
   -0.66422898
    0.32346481
    0.33011698
