           1           2  0.794445083705772     
           1           3  0.851469490196708     
           4           5  0.839060878978213     
           4           6  0.776305704057147     
           7           8  0.818964730314743     
           7           9  0.826297329015580     
          10          11  0.812644506490357     
          10          12  0.856884282995831     
          13          14  0.822251804951317     
          13          15  0.830720763327019     
          16          17  0.823305715576707     
          16          18  0.868451953793684     
          19          20  0.826454371144090     
          19          21  0.850482122883069     
          22          23  0.832414025492435     
          22          24  0.874200061960254     
          25          26  0.817695480807711     
          25          27  0.818103231596334     
          28          29  0.790576201851287     
          28          30  0.800659699981328     
          31          32  0.809590542119413     
          31          33  0.834489742369199     
          34          35  0.801263541444698     
          34          36  0.903231220469073     
          37          38  0.755072218837177     
          37          39  0.825602010991788     
          40          41  0.826290470263536     
          40          42  0.776028093095450     
          43          44  0.813062673010714     
          43          45  0.825460753507401     
          46          47  0.865421177252173     
          46          48  0.867388157491144     
          49          50  0.845548155701936     
          49          51  0.826346110709613     
          52          53  0.814127078887395     
          52          54  0.852821793433141     
          55          56  0.826312198699017     
          55          57  0.794984423109448     
          58          59  0.777320675422043     
          58          60  0.822390686119731     
          61          62  0.836131110038002     
          61          63  0.842463593532749     
          64          65  0.788270773898504     
          64          66  0.844674120178943     
          67          68  0.853587478596691     
          67          69  0.847159600722306     
          70          71  0.820757903437821     
          70          72  0.834001896019604     
          73          74  0.802199481953714     
          73          75  0.813850223607826     
          76          77  0.842825114872071     
          76          78  0.780680057849401     
          79          80  0.862773071728548     
          79          81  0.849987111388692     
          82          83  0.802964191225279     
          82          84  0.827448038815364     
          85          86  0.866172704954450     
          85          87  0.816763118223537     
          88          89  0.858362370975489     
          88          90  0.844194013954283     
          91          92  0.848872453986797     
          91          93  0.851875153192164     
          94          95  0.830124836839224     
          94          96  0.872926598946298     
          97          98  0.851851224173964     
          97          99  0.817467452131824     
         100         101  0.822068187360128     
         100         102  0.836794115219667     
         103         104  0.820354791469399     
         103         105  0.827828420191489     
         106         107  0.844558322721752     
         106         108  0.857800685975082     
         109         110  0.812608491504499     
         109         111  0.810773482597748     
         112         113  0.802285684949721     
         112         114  0.820565574242421     
         115         116  0.832956196096507     
         115         117  0.807424889346348     
         118         119  0.889121918192386     
         118         120  0.795225062163559     
         121         122  0.784336660877790     
         121         123  0.842878864220127     
         124         125  0.798285188264609     
         124         126  0.849709513156499     
         127         128  0.824740119813579     
         127         129  0.905427094444120     
         130         131  0.797342156440007     
         130         132  0.892317614885019     
         133         134  0.798108610076045     
         133         135  0.804415271671914     
         136         137  0.828507216496447     
         136         138  0.847219997313353     
         139         140  0.838898934290978     
         139         141  0.814539072880756     
         142         143  0.793930861863350     
         142         144  0.823389667080772     
         145         146  0.869576759525485     
         145         147  0.827458332541876     
         148         149  0.851744500083129     
         148         150  0.853576071781768     
         151         152  0.889198728004705     
         151         153  0.803445684743487     
         154         155  0.854121893491856     
         154         156  0.811466925051813     
         157         158  0.877679253804400     
         157         159  0.853474439102202     
         160         161  0.836980307019929     
         160         162  0.809383240063190     
         163         164  0.821991227028526     
         163         165  0.799853819411012     
         166         167  0.864651499251292     
         166         168  0.887912792264492     
         169         170  0.811789873478095     
         169         171  0.811620047429978     
         172         173  0.869820002068522     
         172         174  0.895835201144811     
         175         176  0.841054290489266     
         175         177  0.835939617850026     
         178         179  0.825520784485917     
         178         180  0.855147655806156     
         181         182  0.848842999656603     
         181         183  0.828649034148849     
         184         185  0.806174405701282     
         184         186  0.852464149419679     
         187         188  0.807743263095760     
         187         189  0.819724864396857     
         190         191  0.836275730252074     
         190         192  0.820210028428172     
         193         194  0.817620021280214     
         193         195  0.819309019834202     
         196         197  0.826552033093929     
         196         198  0.853286622447618     
         199         200  0.852837864203446     
         199         201  0.808367443194894     
         202         203  0.855698630287443     
         202         204  0.855270311325789     
         205         206  0.821483034958850     
         205         207  0.877852786940565     
         208         209  0.841698086795335     
         208         210  0.844435819792673     
         211         212  0.798140634769021     
         211         213  0.797887352083135     
         214         215  0.830307464230156     
         214         216  0.846339241824940     
         217         218  0.877868600044443     
         217         219  0.838987246184124     
         220         221  0.909152176617216     
         220         222  0.811310776532583     
         223         224  0.896654877197421     
         223         225  0.828913941660478     
         226         227  0.785235485300835     
         226         228  0.845458008156734     
         229         230  0.814884821542448     
         229         231  0.817642895331924     
         232         233  0.891341973918340     
         232         234  0.812302803144097     
         235         236  0.836386289788137     
         235         237  0.799385226455618     
         238         239  0.824811301571188     
         238         240  0.801627705097093     
         241         242  0.791295643931172     
         241         243  0.819069978508818     
         244         245  0.783462799656136     
         244         246  0.902915650922963     
         247         248  0.809339775453862     
         247         249  0.797891270450989     
         250         251  0.806499855254574     
         250         252  0.837683835863085     
         253         254  0.802523490162154     
         253         255  0.883312608025276     
         256         257  0.818473488142652     
         256         258  0.812003554938926     
         259         260  0.820623046494684     
         259         261  0.820539775226045     
         262         263  0.781345600500538     
         262         264  0.915383303733834     
         265         266  0.849147493602071     
         265         267  0.805463967006333     
         268         269  0.790426792850443     
         268         270  0.851688134103664     
         271         272  0.816871805875228     
         271         273  0.801845869960159     
         274         275  0.856221202411285     
         274         276  0.789867352824545     
         277         278  0.886494547440694     
         277         279  0.868927804487885     
         280         281  0.858494515730146     
         280         282  0.862592777568043     
         283         284  0.822295954479891     
         283         285  0.847438441362066     
         286         287  0.814923580831512     
         286         288  0.917330233638077     
         289         290  0.846600833146174     
         289         291  0.785907864143037     
         292         293  0.864623063145495     
         292         294  0.850543691983074     
         295         296  0.797345083922659     
         295         297  0.824509124224006     
         298         299  0.867086216107270     
         298         300  0.876403587557593     
         301         302  0.856203401247539     
         301         303  0.796918565891757     
         304         305  0.829715301079772     
         304         306  0.881668726708890     
         307         308  0.887558193135812     
         307         309  0.831614575013037     
         310         311  0.839882580013953     
         310         312  0.871246525162410     
         313         314  0.868910139279055     
         313         315  0.795377108408250     
         316         317  0.834352364593081     
         316         318  0.831416485718396     
         319         320  0.819465214975318     
         319         321  0.818345455270454     
         322         323  0.828027986326353     
         322         324  0.835501251758629     
          38         325  0.102516472044926     
         325         326  0.846051341184867     
         325         327  0.806597471632724     
         328         329  0.893103412688015     
         328         330  0.831549633746518     
         331         332  0.861852615312852     
         331         333  0.830385323232293     
         334         335  0.797479749254296     
         334         336  0.916529134942387     
         337         338  0.786698279352833     
         337         339  0.916215750602419     
         340         341  0.841632459076207     
         340         342  0.849653044667119     
         343         344  0.827621348588879     
         343         345  0.831184662427123     
         346         347  0.825149098506382     
         346         348  0.823148329005882     
         349         350  0.781019164141281     
         349         351  0.838354516978898     
         352         353  0.826027911001620     
         352         354  0.802606292839199     
         355         356  0.867054349819558     
         355         357  0.803478877709018     
         358         359  0.867583896344365     
         358         360  0.820658407471719     
         361         362  0.842655205869383     
         361         363  0.861350887279622     
         364         365  0.872179383820106     
         364         366  0.816157136851508     
         367         368  0.858110102336922     
         367         369  0.878729234427013     
         370         371  0.846419629910149     
         370         372  0.811190892474030     
         373         374  0.881936319349666     
         373         375  0.828280376802656     
         376         377  0.855470132133375     
         376         378  0.837261817636905     
         379         380  0.836709788372431     
         379         381  0.878769922597293     
         382         383  0.861283044421841     
         382         384  0.864711877129049     
         385         386  0.815414636010923     
         385         387  0.837954994318090     
         388         389  0.902304789826735     
         388         390  0.806622728725001     
         391         392  0.915745583521225     
         391         393  0.815776624190061     
         394         395  0.839769701758820     
         394         396  0.782231063854768     
         397         398  0.799276502850021     
         397         399  0.918890619921508     
         400         401  0.826127669787331     
         400         402  0.788150211185662     
         403         404  0.845735341905556     
         403         405  0.820590418517970     
         406         407  0.849793054961665     
         406         408  0.867615251263412     
         409         410  0.833618525410631     
         409         411  0.855030508574670     
         412         413  0.840625286510419     
         412         414  0.838814588004287     
         415         416  0.855922082938451     
         415         417  0.856655564930952     
         418         419  0.816249503482523     
         418         420  0.910662999209067     
         421         422  0.801878482867722     
         421         423  0.836879562963894     
         424         425  0.814365302211053     
         424         426  0.872054917564324     
         427         428  0.780278760679971     
         427         429  0.848173657530758     
         430         431  0.812747402553939     
         430         432  0.907688216246079     
         433         434  0.815156089198552     
         433         435  0.908893329348480     
         436         437  0.848789472141728     
         436         438  0.801322783371883     
         439         440  0.805483891958806     
         439         441  0.842662310615881     
         442         443  0.832517191802900     
         442         444  0.792661192696034     
         445         446  0.840743450726148     
         445         447  0.886457118493299     
         448         449  0.763844641914442     
         448         450  0.806422016891699     
         451         452  0.865437749891968     
         451         453  0.803917558216998     
         454         455  0.841702729682979     
         454         456  0.832176607842557     
         457         458  0.851081478077067     
         457         459  0.805072194389455     
         460         461  0.812107482744734     
         460         462  0.820654691304547     
         463         464  0.811061964509687     
         463         465  0.803493706545784     
         466         467  0.809136713111725     
         466         468  0.881756042916803     
         469         470  0.860187699481695     
         469         471  0.798836400074286     
         472         473  0.808785822268594     
         472         474  0.868607339111980     
         475         476  0.833494024772538     
         475         477  0.902333803644696     
         478         479  0.819866280557829     
         478         480  0.811873165726067     
         481         482  0.829220432391547     
         481         483  0.832731460470942     
         484         485  0.784404912473786     
         484         486  0.842666174914279     
         487         488  0.867055138769013     
         487         489  0.829406550951848     
         490         491  0.808720339450700     
         490         492  0.833764979463166     
         493         494  0.808966354157686     
         493         495  0.838685192007092     
         496         497  0.860708461605610     
         496         498  0.831710528420257     
         499         500  0.874015618525830     
         499         501  0.807050555794831     
         502         503  0.858874849311046     
         502         504  0.852983073726565     
         505         506  0.834674485548729     
         505         507  0.790318241784061     
         508         509  0.807962160100256     
         508         510  0.911519072006969     
         511         512  0.853766524168422     
         511         513  0.841890671336624     
         514         515  0.846246832615522     
         514         516  0.843433845621053     
         517         518  0.921193282515440     
         352         519  0.104966006425707     
         517         519  0.764808525470858     
         520         521  0.850363499065746     
         520         522  0.896190689187540     
         523         524  0.795940777146294     
         523         525  0.890753746671989     
         526         527  0.835126348605778     
         526         528  0.901533923611363     
         529         530  0.858951476502451     
         529         531  0.852123523372973     
