   -0.68139512
    0.32737629
    0.33738629
   -0.67232032
    0.32520464
    0.34833761
   -0.65538219
    0.32773601
    0.34712351
   -0.69212862
    0.35025026
    0.36188447
   -0.69982161
    0.34617452
    0.32375960
   -0.68342770
    0.34884197
    0.34349298
   -0.69071966
    0.33051739
    0.34350098
   -0.68251303
    0.36137235
    0.35974374
   -0.67139147
    0.33621830
    0.32586047
   -0.66783676
    0.31688318
    0.34486705
   -0.70338630
    0.35222166
    0.35575431
   -0.68622813
    0.32817195
    0.33442123
   -0.68288430
    0.35968772
    0.33287853
   -0.69567058
    0.33524080
    0.35948194
   -0.70914978
    0.33739431
    0.36407719
   -0.69374629
    0.36725693
    0.34595717
   -0.67626251
    0.31360563
    0.31354127
   -0.69874393
    0.35321468
    0.32479459
   -0.68520024
    0.32477278
    0.35198869
   -0.66924216
    0.35158774
    0.33489038
   -0.71240194
    0.34045516
    0.36040615
   -0.70372291
    0.33638127
    0.35040373
   -0.71107230
    0.33238833
    0.35545881
   -0.70728280
    0.36450205
    0.36034644
   -0.67223521
    0.36028240
    0.31272570
   -0.69075023
    0.33181783
    0.34681753
   -0.70789999
    0.36181880
    0.34783330
   -0.68128646
    0.35777885
    0.33121225
   -0.68367518
    0.34314337
    0.36263203
   -0.67837187
    0.35030043
    0.34545037
   -0.67387880
    0.35662255
    0.33337697
   -0.71447347
    0.35891791
    0.33694727
   -0.70490089
    0.36565219
    0.35003568
   -0.68491878
    0.33372812
    0.34136890
   -0.68415986
    0.36286981
    0.32894050
   -0.68752096
    0.33197167
    0.35234330
   -0.67035966
    0.35637708
    0.33123649
   -0.67590579
    0.34092965
    0.34369150
   -0.67597574
    0.33720291
    0.33262127
   -0.67909029
    0.33330253
    0.34905160
   -0.66700861
    0.34158333
    0.33006471
   -0.69461341
    0.33370191
    0.36596372
   -0.66065251
    0.33428282
    0.33336208
   -0.69571353
    0.34965326
    0.35072257
   -0.67031802
    0.33360209
    0.35467840
   -0.68469456
    0.35003627
    0.34934036
   -0.68330356
    0.33998147
    0.36192852
   -0.64668778
    0.31919754
    0.32564705
   -0.67044571
    0.32492487
    0.33713182
   -0.67602172
    0.33457148
    0.34492477
   -0.67715394
    0.34105726
    0.35153233
   -0.66662738
    0.32953852
    0.32469400
   -0.69615826
    0.35082486
    0.34024410
   -0.69976477
    0.34259905
    0.33491115
   -0.68227668
    0.33073535
    0.34508257
   -0.70700431
    0.34810120
    0.34352820
   -0.67741060
    0.34061577
    0.35668018
   -0.64682999
    0.31155024
    0.33126059
   -0.70248798
    0.35184332
    0.34814075
   -0.67017489
    0.34541117
    0.31399595
   -0.69618290
    0.34746677
    0.32675757
   -0.67094008
    0.33736443
    0.33160112
   -0.66724515
    0.32987247
    0.31822522
   -0.66148704
    0.32789013
    0.34611101
   -0.68011420
    0.34343399
    0.33086540
   -0.65309355
    0.34260614
    0.32209404
   -0.66744602
    0.33121042
    0.34246216
   -0.67649927
    0.34238018
    0.35999974
   -0.63037579
    0.33332164
    0.31181370
   -0.64383588
    0.32734512
    0.31774415
   -0.68426064
    0.34935221
    0.33409920
   -0.68591908
    0.35676974
    0.35619071
   -0.67934564
    0.34620822
    0.34888747
   -0.65919581
    0.32303958
    0.32933341
   -0.65259321
    0.32487527
    0.32543482
   -0.66829962
    0.30876614
    0.33988567
   -0.69209317
    0.35381428
    0.34679458
   -0.65470168
    0.31320908
    0.35076257
   -0.69361719
    0.33728477
    0.35462483
   -0.68061480
    0.33806033
    0.33815575
   -0.65787223
    0.33336559
    0.33807693
   -0.66024773
    0.33008702
    0.33042021
   -0.67452784
    0.35572637
    0.35032278
   -0.68712428
    0.32257348
    0.35954418
   -0.68117463
    0.34208464
    0.35520812
   -0.65062166
    0.30792995
    0.34004698
   -0.68188639
    0.35312178
    0.32332301
   -0.69983113
    0.35108098
    0.34776257
   -0.62893063
    0.33954736
    0.28062042
   -0.65980652
    0.32946308
    0.32355946
   -0.69593245
    0.34173693
    0.35017097
   -0.66222089
    0.31685413
    0.32854233
   -0.67328284
    0.33396652
    0.35431410
   -0.66729435
    0.35722079
    0.32843867
   -0.66553397
    0.29712080
    0.34920538
   -0.66524833
    0.34209169
    0.32381351
   -0.67923944
    0.35115599
    0.33040223
   -0.65475605
    0.31464411
    0.33793976
   -0.66962788
    0.34782010
    0.31740626
   -0.67255756
    0.35716809
    0.34044033
   -0.68492791
    0.33782899
    0.35765737
   -0.64013521
    0.31409454
    0.34109783
   -0.68396372
    0.32578394
    0.34247484
   -0.68487370
    0.32709375
    0.35780178
   -0.67460771
    0.32591660
    0.33545365
   -0.63783200
    0.35027160
    0.30199625
   -0.64741912
    0.31521050
    0.34337703
   -0.68236334
    0.35728928
    0.33336035
   -0.65039626
    0.29231613
    0.35731694
   -0.69619793
    0.34392137
    0.34913219
   -0.66098080
    0.33785929
    0.35509766
   -0.68639776
    0.33250200
    0.35300047
   -0.69980630
    0.35116316
    0.34575208
   -0.66647068
    0.33283776
    0.33384633
   -0.66716929
    0.33873157
    0.34340828
   -0.63928283
    0.31991732
    0.32348116
   -0.70285919
    0.34835255
    0.33625546
   -0.62206224
    0.32462881
    0.30695590
   -0.66534427
    0.33206506
    0.32342044
   -0.65018406
    0.35006116
    0.28088103
   -0.62342936
    0.28741150
    0.34918394
   -0.69149077
    0.34782401
    0.34525892
   -0.70079739
    0.33332096
    0.34909284
   -0.65941221
    0.31941250
    0.33269030
   -0.66702006
    0.33467889
    0.32303995
   -0.68592209
    0.34450998
    0.32891656
   -0.68051916
    0.34766341
    0.32979986
   -0.66641537
    0.32945447
    0.34226347
   -0.64787603
    0.31513471
    0.36201684
   -0.67070850
    0.35571562
    0.33123504
   -0.66075618
    0.31039131
    0.33791688
   -0.62676354
    0.33728085
    0.28152456
   -0.65738080
    0.31657655
    0.33808558
   -0.62902267
    0.29026543
    0.34144084
   -0.68341672
    0.35474587
    0.33950065
   -0.62679471
    0.28585956
    0.34934600
   -0.69393791
    0.33082792
    0.34886462
   -0.71679465
    0.34627287
    0.36745638
   -0.67972872
    0.31354939
    0.33631533
   -0.63537737
    0.35025243
    0.28191089
   -0.70158052
    0.34751727
    0.34752373
   -0.63724034
    0.32049862
    0.31326388
   -0.64516443
    0.33251543
    0.31713982
   -0.69332925
    0.34169578
    0.32896222
   -0.68390305
    0.36784161
    0.33259529
   -0.66005721
    0.32364768
    0.32214871
   -0.62187519
    0.34269623
    0.30003694
   -0.69954288
    0.33862937
    0.35320525
   -0.68630266
    0.35509264
    0.32760990
   -0.67188830
    0.32987148
    0.33934375
   -0.68077732
    0.33544740
    0.34532714
   -0.68871558
    0.33826539
    0.36386178
   -0.69969276
    0.35727167
    0.33710266
   -0.67386898
    0.33009847
    0.33274296
   -0.65480980
    0.33365710
    0.32073830
   -0.66615984
    0.32449012
    0.33711719
   -0.63706291
    0.27959376
    0.34911614
   -0.63210876
    0.33641478
    0.30110288
   -0.69581945
    0.34034124
    0.33838357
   -0.66847701
    0.34445331
    0.33865608
   -0.68944848
    0.32462117
    0.36024514
   -0.67161340
    0.31711638
    0.36409617
   -0.64053970
    0.30458019
    0.32594467
   -0.65411766
    0.34697161
    0.32126853
   -0.66321460
    0.32113435
    0.33672134
   -0.64872114
    0.34259706
    0.28881250
   -0.67123319
    0.33450563
    0.34085075
   -0.64627795
    0.28976162
    0.35817155
   -0.64845591
    0.33717334
    0.31251941
   -0.70797401
    0.34100495
    0.35183403
   -0.65569473
    0.34205653
    0.31946927
   -0.64753576
    0.33670559
    0.31464887
   -0.67456578
    0.33851145
    0.32473425
   -0.67086313
    0.32705005
    0.31344388
   -0.65299369
    0.32026527
    0.33799637
   -0.67113688
    0.31901761
    0.33863388
   -0.64831880
    0.36064635
    0.29664979
   -0.68026335
    0.32797997
    0.36105268
   -0.67251820
    0.34664878
    0.32773932
   -0.66054424
    0.33715321
    0.32847022
   -0.65889407
    0.31172736
    0.34244243
   -0.65528768
    0.32486593
    0.33486447
   -0.64513717
    0.30513853
    0.35452144
   -0.65095511
    0.34153046
    0.31018057
   -0.62841265
    0.35503330
    0.28600796
   -0.67826708
    0.34486518
    0.34960626
   -0.64354034
    0.31960039
    0.33254162
   -0.70768969
    0.35359168
    0.34454765
   -0.66946586
    0.32930462
    0.35255416
   -0.63753608
    0.32604228
    0.33283638
   -0.65313505
    0.34300384
    0.31656696
   -0.66951321
    0.31638914
    0.35265692
   -0.66947046
    0.31782451
    0.34365591
   -0.63414076
    0.27317828
    0.34696405
   -0.69206808
    0.33220447
    0.33437216
   -0.69923611
    0.32567417
    0.35290161
   -0.68783133
    0.36070304
    0.33069689
   -0.66160083
    0.30447214
    0.36127613
   -0.66596217
    0.32898405
    0.31980989
   -0.66990397
    0.35274617
    0.31179558
   -0.67224855
    0.33646181
    0.31221628
   -0.65972323
    0.32610854
    0.32108443
   -0.63678556
    0.34684090
    0.29655992
   -0.65901464
    0.34052684
    0.32996560
   -0.66652669
    0.32656098
    0.32975491
   -0.66744714
    0.33697803
    0.32778543
   -0.69100445
    0.32823983
    0.35155675
   -0.63289836
    0.33112737
    0.30790144
   -0.63892365
    0.31140140
    0.34800114
   -0.68149651
    0.35084922
    0.32694233
   -0.69629402
    0.33462582
    0.34957988
   -0.66290613
    0.31639709
    0.32809970
   -0.64972408
    0.32474141
    0.32751492
   -0.69310084
    0.35338433
    0.33279948
   -0.64468288
    0.33105238
    0.32709846
   -0.64912979
    0.32731008
    0.31985228
   -0.64079806
    0.31707625
    0.32232190
   -0.62792720
    0.30119875
    0.33987342
   -0.68750567
    0.34628609
    0.34630931
   -0.65351015
    0.33541240
    0.33399258
   -0.68823032
    0.35049773
    0.33030631
   -0.63453202
    0.28182164
    0.35610594
   -0.64112581
    0.33847810
    0.31296692
   -0.66361086
    0.33240338
    0.34198154
   -0.66862704
    0.32434272
    0.33812957
   -0.62435697
    0.35727619
    0.29235025
   -0.66460520
    0.31414768
    0.32810218
   -0.68440467
    0.34200033
    0.33476200
   -0.66932069
    0.31243902
    0.35877426
   -0.66125921
    0.30876353
    0.34643970
   -0.64961807
    0.32541553
    0.33411755
   -0.65402033
    0.27867360
    0.36226964
   -0.68899025
    0.32711079
    0.33931946
   -0.69010416
    0.35161057
    0.33520567
   -0.67734996
    0.35565220
    0.34348406
   -0.68182557
    0.35254439
    0.33234979
   -0.64366535
    0.32478198
    0.32753864
   -0.64407904
    0.34000724
    0.31170130
   -0.69283743
    0.34474806
    0.32994995
   -0.66426131
    0.32318141
    0.33948406
   -0.66619277
    0.32351715
    0.33913257
   -0.63347207
    0.35421429
    0.28408855
   -0.68282987
    0.31941482
    0.32884870
   -0.67556266
    0.33408612
    0.32964149
   -0.66344563
    0.31765253
    0.34562444
   -0.67572840
    0.32514924
    0.32842149
   -0.67087739
    0.33319896
    0.33199228
   -0.65782846
    0.32315874
    0.32455874
   -0.67649310
    0.35653780
    0.33710887
   -0.67049637
    0.33529362
    0.34512967
   -0.65699214
    0.32543849
    0.37436377
   -0.65443525
    0.32942869
    0.32734198
