           1           2  0.833438466397413     
           1           3  0.820821087135103     
           4           5  0.842956522357722     
           4           6  0.828330255772447     
           7           8  0.847548742544204     
           7           9  0.839201483459292     
          10          11  0.807760876863325     
          10          12  0.814450129963792     
          13          14  0.808649678894544     
          13          15  0.842160976500947     
          16          17  0.825951019912145     
          16          18  0.827046025577573     
          19          20  0.834381646819024     
          19          21  0.821324118945203     
          22          23  0.796776977049844     
          22          24  0.821574176190528     
          25          26  0.825861424097312     
          25          27  0.847165637208611     
          28          29  0.852796532011574     
          28          30  0.808477770124272     
          31          32  0.795293665806064     
          31          33  0.794172943096334     
          34          35  0.853311790292974     
          34          36  0.823640079113870     
          37          38  0.794929451053134     
          37          39  0.841013604540616     
          40          41  0.821525396309366     
          40          42  0.808303504766624     
          43          44  0.802103755038353     
          43          45  0.791443839133163     
          46          47  0.802420686766971     
          46          48  0.818715937203760     
          49          50  0.847242887360647     
          49          51  0.861220539167797     
          52          53  0.809851124686842     
          52          54  0.817978890674869     
          55          56  0.842641059645391     
          55          57  0.787100769945574     
          58          59  0.826066190425524     
          58          60  0.827697059935867     
          61          62  0.803564709260909     
          61          63  0.802992114709516     
          64          65  0.822227120957330     
          64          66  0.810274651013542     
          67          68  0.816395381538860     
          67          69  0.774660418528768     
          70          71  0.773384111277001     
          70          72  0.797337869333866     
          73          74  0.791743073800676     
          73          75  0.872490920037438     
          76          77  0.835325097258033     
          76          78  0.786028661184314     
          79          80  0.781704036331828     
          79          81  0.793623047233037     
          82          83  0.816707048952638     
          82          84  0.831794552899407     
          85          86  0.851644466761280     
          85          87  0.794498627035992     
          88          89  0.816695479786090     
          88          90  0.813276800110732     
          91          92  0.810762771736077     
          91          93  0.844663057673493     
          94          95  0.773794812585206     
          94          96  0.817344863464704     
          97          98  0.790347979749906     
          97          99  0.819402512736830     
         100         101  0.832009765975290     
         100         102  0.823721961145390     
         103         104  0.795510858397007     
         103         105  0.835798317921813     
         106         107  0.839060898769478     
         106         108  0.806273012516704     
         109         110  0.812564958602983     
         109         111  0.854892715156386     
         112         113  0.810669097322658     
         112         114  0.828992314194436     
         115         116  0.820496785195177     
         115         117  0.841614889955920     
         118         119  0.821192840959863     
         118         120  0.816540484432271     
         121         122  0.818322486728993     
         121         123  0.847876840012975     
         124         125  0.811767827026271     
         124         126  0.795115904993227     
         127         128  0.831022086501870     
         127         129  0.878529499581268     
         130         131  0.826363650106631     
         130         132  0.809975396714888     
         133         134  0.827505463333144     
         133         135  0.808217923740791     
         136         137  0.814145143388269     
         136         138  0.812745865986756     
         139         140  0.815925548620856     
         139         141  0.800771750491604     
         142         143  0.864673562891600     
         142         144  0.857111366855768     
         145         146  0.852293313929562     
         145         147  0.821327603493412     
         148         149  0.868855404526067     
         148         150  0.825081683336570     
         151         152  0.831778277129080     
         151         153  0.805954565177588     
         154         155  0.831103444523856     
         154         156  0.840411023130484     
         157         158  0.803044134909103     
         157         159  0.811658428580632     
         160         161  0.797044850475984     
         160         162  0.823408306374243     
         163         164  0.836107652912516     
         163         165  0.822353712713282     
         166         167  0.788510812554574     
         166         168  0.826687108333665     
         169         170  0.847582569341043     
         169         171  0.794527819549650     
         172         173  0.882327481445038     
         172         174  0.834117476567800     
         175         176  0.809900023232393     
         175         177  0.791688879815921     
         178         179  0.829631833653216     
         178         180  0.860271354454475     
         181         182  0.799325354573998     
         181         183  0.815405649952075     
         184         185  0.809897077660833     
         184         186  0.852118082170522     
         187         188  0.846222012433633     
         187         189  0.867835262714089     
         190         191  0.863191138580048     
         190         192  0.813497194682958     
         193         194  0.820023706387318     
         193         195  0.821572051503134     
         196         197  0.828483875599230     
         196         198  0.869273194959922     
         199         200  0.860029125636043     
         199         201  0.791652103053646     
         202         203  0.817397120344191     
         202         204  0.818085231479591     
         205         206  0.845236805086339     
         205         207  0.885250488172244     
         208         209  0.860686193000352     
         208         210  0.863984177423053     
         211         212  0.796669494431654     
         211         213  0.830809597880462     
         214         215  0.807530290385387     
         214         216  0.813898927033053     
         217         218  0.823224409216161     
         217         219  0.824126273850565     
         220         221  0.843503925727790     
         220         222  0.842117650537996     
         223         224  0.864278235960649     
         223         225  0.849932757746041     
         226         227  0.870602727768795     
         226         228  0.820631781827199     
         229         230  0.809806067723390     
         229         231  0.801928276417556     
         232         233  0.874683595799290     
         232         234  0.782842771724274     
         235         236  0.844025606416984     
         235         237  0.770575277203751     
         238         239  0.820365291010895     
         238         240  0.835664240332685     
         241         242  0.839473499954060     
         241         243  0.847705282700474     
         244         245  0.850854043608465     
         244         246  0.837193489897009     
         247         248  0.826641456828179     
         247         249  0.830983129324313     
         250         251  0.856931644148868     
         250         252  0.783882945374539     
         253         254  0.833354404016172     
         253         255  0.804909943119768     
         256         257  0.886615233213476     
         256         258  0.836392408219137     
         259         260  0.804507722368147     
         259         261  0.842379543543006     
         262         263  0.790967939507999     
         262         264  0.818794199306914     
         265         266  0.817951827524226     
         265         267  0.917849698449481     
         268         269  0.837587706701895     
         268         270  0.851630074541604     
         271         272  0.804981115962289     
         271         273  0.812530592655268     
         274         275  0.864806165864588     
         274         276  0.841884087137416     
         277         278  0.853350480476851     
         277         279  0.805398686468966     
         280         281  0.783548245682549     
         280         282  0.862678584118997     
         283         284  0.898114584450272     
         283         285  0.791751838823848     
         286         287  0.827000006032555     
         286         288  0.837637322936561     
         289         290  0.797022775073693     
         289         291  0.843798823349721     
         292         293  0.874273506027952     
         292         294  0.832352283575160     
         295         296  0.813042426960721     
         295         297  0.870905048420789     
         298         299  0.793051182676742     
         298         300  0.857202667032848     
         301         302  0.848294610538674     
         301         303  0.809910194020655     
         304         305  0.881081197924945     
         304         306  0.823515842984027     
         307         308  0.829151887103080     
         307         309  0.812602020784857     
         310         311  0.836436023720246     
         310         312  0.800150483803602     
         313         314  0.834261151855997     
         313         315  0.815481355553557     
         316         317  0.830758846608342     
         316         318  0.894911670850600     
         319         320  0.877223076803146     
         319         321  0.821591829700885     
         322         323  0.785159766171565     
         322         324  0.837939059081398     
         325         326  0.902982100161719     
         325         327  0.797010096604021     
         328         329  0.814441002083158     
         328         330  0.801121025848727     
         331         332  0.840682162742337     
         331         333  0.818784723618757     
         334         335  0.843007459913812     
         334         336  0.797333197415484     
         337         338  0.789577440971962     
         337         339  0.833404665555710     
         340         341  0.838284999266953     
         340         342  0.831077055059262     
         343         344  0.822013446105103     
         343         345  0.818050007107317     
         346         347  0.866986046614163     
         346         348  0.862019482262022     
         349         350  0.811996645344502     
         349         351  0.805703671177444     
         352         353  0.858086364760756     
         352         354  0.899020441105986     
         355         356  0.835769362671926     
         355         357  0.842159088381274     
         358         359  0.787823439237068     
         358         360  0.914080836563072     
         361         362  0.912249423296589     
         361         363  0.820669749805763     
         364         365  0.808722773595274     
         364         366  0.806345540662607     
         367         368  0.816510818113666     
         367         369  0.797376978275686     
         370         371  0.866203601768020     
         370         372  0.831912992173877     
         373         374  0.822725803959496     
         373         375  0.859577175424041     
         376         377  0.807579915364696     
         376         378  0.821239010865383     
         379         380  0.820651296270366     
         379         381  0.820462112905867     
         382         383  0.845472171060561     
         382         384  0.808967483220359     
         385         386  0.881905926391564     
         385         387  0.800080928775581     
         388         389  0.827714597777428     
         388         390  0.833639068472971     
         391         392  0.879299544506373     
         391         393  0.808943922769810     
         394         395  0.812682506346402     
         394         396  0.915874158400353     
         397         398  0.867147850104437     
         397         399  0.834275740745412     
         400         401  0.910716517212884     
         400         402  0.817571029618182     
         403         404  0.812965694208889     
         403         405  0.810959087729919     
         406         407  0.915329661854880     
         406         408  0.807362925076543     
         409         410  0.826654565208248     
         409         411  0.807506987864134     
         412         413  0.811515872861342     
         412         414  0.768652162211533     
         415         416  0.863184263874170     
         415         417  0.818369411330468     
         418         419  0.805470991070924     
         418         420  0.916795887697695     
         421         422  0.804827960241821     
         421         423  0.804906562751088     
         424         425  0.860082772812363     
         424         426  0.868974395066921     
         427         428  0.838335118475014     
         427         429  0.879793943376036     
         430         431  0.795042360944742     
         430         432  0.827556283542646     
         433         434  0.782146263478254     
         433         435  0.841633631538145     
         436         437  0.842614622210119     
         436         438  0.853550916296453     
         439         440  0.824112284523072     
         439         441  0.903110563987176     
         442         443  0.806962441671275     
         442         444  0.799433577754934     
         445         446  0.813108506651982     
         445         447  0.834665881847034     
         448         449  0.842054112904978     
         448         450  0.815309943107558     
         451         452  0.846857038816533     
         451         453  0.801453407864720     
         454         455  0.830542506549440     
         454         456  0.804994633717195     
         457         458  0.792969586684729     
         457         459  0.823905092829734     
         460         461  0.854448925202348     
         460         462  0.829657279441599     
         463         464  0.840099915375952     
         463         465  0.866876268398401     
         466         467  0.855736945762697     
         466         468  0.812640043557796     
         469         470  0.913764289267726     
         469         471  0.792243848324769     
         472         473  0.825570888745982     
         472         474  0.900548397446816     
         475         476  0.819993191288305     
         475         477  0.799383677976614     
         478         479  0.837107644253446     
         478         480  0.834314162690206     
         481         482  0.828317739222558     
         481         483  0.785931773341859     
         484         485  0.866710735805024     
         484         486  0.775962381924310     
         487         488  0.897819632574221     
         487         489  0.843450065551601     
         490         491  0.828879208391193     
         490         492  0.869304304688421     
         493         494  0.847408195676624     
         493         495  0.827872584733426     
         496         497  0.779590447114359     
         496         498  0.911790154999071     
         499         500  0.830745231299601     
         499         501  0.834976429892620     
         502         503  0.911365089194717     
         502         504  0.797138132406992     
         505         506  0.845546690068246     
         505         507  0.871402316325257     
         508         509  0.819488904627283     
         508         510  0.778323398284310     
         511         512  0.825097363588136     
         511         513  0.865634000327299     
         514         515  0.837225581682695     
         514         516  0.874428589429940     
         517         518  0.824824391306126     
         517         519  0.827780622871040     
         520         521  0.814940816480164     
         520         522  0.867032730330840     
         523         524  0.872640060310697     
         523         525  0.831475535225426     
         526         527  0.859748648918776     
         526         528  0.831080330899338     
         529         530  0.804819959021918     
         529         531  0.901306614131379     
         532         533  0.855112104711157     
         532         534  0.805733791849649     
         535         536  0.821846672231937     
         535         537  0.842650989126818     
         538         539  0.840634388831866     
         538         540  0.860949044516263     
         541         542  0.876323973376987     
         541         543  0.804667891942984     
         544         545  0.850068751841343     
         544         546  0.819736675274069     
         547         548  0.885516362508144     
         547         549  0.829922581108370     
         550         551  0.801996930155702     
         550         552  0.885814567291248     
         553         554  0.809413860556560     
         553         555  0.914385580426228     
         556         557  0.826180341720081     
         556         558  0.817130585873680     
         559         560  0.873810699750793     
         559         561  0.849248321433721     
         562         563  0.788796840004218     
         562         564  0.824609616720453     
         565         566  0.824101594906202     
         565         567  0.825264633710285     
         568         569  0.865392788285537     
         568         570  0.847710618407751     
         571         572  0.845674791930598     
         571         573  0.861719829750064     
         574         575  0.870037452348186     
         574         576  0.799081758985421     
         577         578  0.870711062358156     
         577         579  0.808630933505034     
         580         581  0.920452213371103     
         580         582  0.810118952689696     
         583         584  0.822030161543670     
         583         585  0.813893090136046     
         586         587  0.821857696394659     
         586         588  0.780117952293105     
         589         590  0.777782139825053     
         589         591  0.843760387786307     
         592         593  0.891116816619480     
         592         594  0.791108699274118     
         595         596  0.826582845455330     
         595         597  0.878701708716988     
         598         599  0.785707151046020     
         598         600  0.867307901514031     
         601         602  0.810895663358974     
         601         603  0.864038981073229     
         604         605  0.839313490268064     
         604         606  0.871295526718837     
         607         608  0.783839676386420     
         607         609  0.904714966846004     
         610         611  0.821728950973624     
         610         612  0.861027310466293     
         613         614  0.852521637049887     
         613         615  0.819941869491402     
         616         617  0.816035136563885     
         616         618  0.856314091404258     
         619         620  0.843568348422562     
         619         621  0.783239864483734     
         622         623  0.852946610481468     
         622         624  0.895575029898652     
         625         626  0.893189367693600     
         625         627  0.815515990055633     
         628         629  0.805391329140065     
         628         630  0.832551737241506     
         631         632  0.801378586756047     
         631         633  0.797666983032520     
         634         635  0.861346584129347     
         634         636  0.835317448365688     
         637         638  0.848577366174819     
         637         639  0.834987207704071     
         640         641  0.800882514003778     
         640         642  0.819774139016243     
         643         644  0.856607499231263     
         643         645  0.836982863432378     
         646         647  0.845201752130823     
         646         648  0.859926319496994     
         649         650  0.878386988707343     
         649         651  0.848737770279301     
         652         653  0.899779424825576     
         652         654  0.831623394560917     
         655         656  0.832983985354656     
         655         657  0.803489775690201     
         658         659  0.848980966433785     
         658         660  0.827988485165008     
         661         662  0.813614846073659     
         661         663  0.845843632862882     
         664         665  0.917577414868065     
         664         666  0.814245221514843     
         667         668  0.819943759042885     
         667         669  0.893138319315205     
         670         671  0.846666504574994     
         670         672  0.834534835378016     
         673         674  0.845587805503485     
         673         675  0.808290818697452     
         676         677  0.823680551030839     
         676         678  0.909954812401891     
         679         680  0.866961831356705     
         679         681  0.841072480583662     
         682         683  0.811873422937291     
         682         684  0.828935388758536     
         685         686  0.883571501886598     
         685         687  0.807402903677890     
         688         689  0.888471536826744     
         688         690  0.814102858708621     
         691         692  0.859094721097093     
         691         693  0.838606606992398     
         694         695  0.915208733365032     
         343         696  0.107424325145259     
         694         696  0.758252974985501     
         697         698  0.838280959068290     
         697         699  0.805686802517161     
         700         701  0.835960882549663     
         700         702  0.792676686908149     
         703         704  0.812503349908798     
         703         705  0.829896041741983     
         706         707  0.806600594813429     
         706         708  0.831662260811328     
         709         710  0.864435155843775     
         709         711  0.854008470955705     
         712         713  0.845687326004420     
         712         714  0.879489794476994     
         715         716  0.811629373002083     
         715         717  0.830122780594916     
         718         719  0.867106245613154     
         718         720  0.822537927870172     
         721         722  0.848136807638711     
         721         723  0.814800378769425     
         724         725  0.785193550438573     
         724         726  0.915494726796618     
         727         728  0.845773032014067     
         727         729  0.825330366877817     
         730         731  0.817303412544109     
         730         732  0.842716398117361     
         733         734  0.877815692752050     
         733         735  0.811372786872519     
         736         737  0.825891591201078     
         736         738  0.849792076366517     
         739         740  0.819716466228454     
         739         741  0.833368933522373     
         742         743  0.857585933595390     
         742         744  0.837065548458464     
         745         746  0.808023346133184     
         745         747  0.831672221042696     
         748         749  0.826381661293590     
         748         750  0.836501644648651     
         751         752  0.879790420215719     
         751         753  0.814607609982770     
         754         755  0.871877733221341     
         754         756  0.865558956296826     
