$coord
         -1.025186669476         -2.191703759100          1.734933705151     h 
         -1.155097016815         -1.022900597365          0.019038836547     c 
         -1.018809652899         -2.261840546079         -1.646411939434     h 
          0.964451727501          0.952021049896         -0.017928179786     c 
          0.739090508232          2.176761219597          1.625347102863     h 
          0.745383440587          2.107549221111         -1.711413800281     h 
         -3.381065013886          0.396891266779         -0.014608913552     o 
         -4.846501654418         -0.684222155021          0.005052107614     h 
          3.521962243848         -0.221623484357          0.011239185849     n 
          3.755126286672         -1.367601956544         -1.542603540681     h 
          3.749176640386         -1.302165551562          1.612133251603     h 
          4.900216578855          1.147517375484         -0.014560600796     h 
$end
