   -0.70085611
    0.33855300
    0.32353049
   -0.66713096
    0.33059718
    0.34207611
   -0.68732353
    0.35556264
    0.31539973
   -0.68868524
    0.34630513
    0.34281035
   -0.67146284
    0.34526343
    0.34056572
   -0.66391568
    0.31848066
    0.35572527
   -0.65959070
    0.33612547
    0.34305063
   -0.67779302
    0.33425617
    0.34178631
   -0.68665809
    0.35590839
    0.33777618
   -0.68991408
    0.35613663
    0.34112651
   -0.67377803
    0.33510657
    0.34328335
   -0.67069885
    0.33326652
    0.33202342
   -0.66466584
    0.34414910
    0.33335351
   -0.67304357
    0.34001768
    0.33772729
   -0.69299766
    0.35325835
    0.32924536
   -0.64097803
    0.35334984
    0.28084058
   -0.69022142
    0.36226831
    0.32726364
   -0.68117906
    0.35224399
    0.33343246
   -0.66799332
    0.35291664
    0.32604147
   -0.69318704
    0.33042966
    0.34637884
   -0.67289079
    0.35162788
    0.32073395
   -0.67664467
    0.32441706
    0.35311306
   -0.64539922
    0.31920457
    0.32576540
   -0.68554051
    0.32692161
    0.32828807
   -0.66877138
    0.35822778
    0.33590869
   -0.65135796
    0.33705603
    0.33250691
   -0.67380845
    0.34798845
    0.32853142
   -0.68771126
    0.33403858
    0.35627541
   -0.68695562
    0.32017617
    0.35156442
   -0.65538420
    0.32730474
    0.31604145
   -0.66467232
    0.31771726
    0.35037349
   -0.63097430
    0.27358601
    0.33576220
   -0.66454727
    0.34085327
    0.33809657
   -0.68183580
    0.34849524
    0.33052045
   -0.66541897
    0.34834600
    0.33889441
   -0.68615476
    0.32729937
    0.34316192
   -0.67414175
    0.33415091
    0.33364634
   -0.67262998
    0.31928538
    0.34273090
   -0.68465382
    0.33097908
    0.35946803
   -0.64380231
    0.30723796
    0.34280116
   -0.67911530
    0.35337033
    0.35046626
   -0.64727693
    0.28482899
    0.35646891
   -0.66530544
    0.32302080
    0.32090769
   -0.69956782
    0.34106666
    0.36025796
   -0.66101676
    0.34028511
    0.35413498
   -0.64635429
    0.33373415
    0.32169869
   -0.65222304
    0.33072603
    0.33159568
   -0.67238714
    0.33273506
    0.33772063
   -0.66966682
    0.32262448
    0.33551070
   -0.64599347
    0.33643577
    0.31644652
   -0.68640680
    0.34709872
    0.33595529
   -0.67101116
    0.30808990
    0.34867873
   -0.64592383
    0.34299921
    0.31953617
   -0.67400991
    0.33917154
    0.34508158
   -0.68585510
    0.33446874
    0.33170352
   -0.67001912
    0.33967487
    0.31683150
   -0.64588481
    0.31740861
    0.31525703
   -0.64758261
    0.33085874
    0.31534660
   -0.65918418
    0.35045915
    0.31300950
   -0.69623894
    0.33143784
    0.34373240
   -0.68538493
    0.34247408
    0.36050053
   -0.67810804
    0.33540931
    0.34458241
   -0.62939160
    0.31667000
    0.32161364
   -0.67938844
    0.34749357
    0.33348414
   -0.69000240
    0.36103047
    0.33106962
   -0.69181484
    0.34991071
    0.34819602
   -0.65628165
    0.32837782
    0.34437177
   -0.66037348
    0.32683694
    0.32589853
   -0.64236223
    0.35544746
    0.29278056
   -0.69894646
    0.34931704
    0.35506669
   -0.67313216
    0.36264443
    0.29836512
   -0.68271119
    0.32544831
    0.35963412
   -0.68670309
    0.34578954
    0.31410193
   -0.67560939
    0.32544964
    0.35632787
   -0.65534990
    0.35767431
    0.31206619
   -0.63616584
    0.33272077
    0.31604448
   -0.68394888
    0.32829025
    0.34238473
   -0.66819810
    0.34395649
    0.32675618
   -0.64371746
    0.34551130
    0.31381163
   -0.69451509
    0.36820276
    0.33415004
   -0.65973369
    0.32000348
    0.33026528
   -0.66214353
    0.34662538
    0.31394175
   -0.68399310
    0.34175489
    0.33726100
   -0.62429643
    0.31055156
    0.32831225
   -0.65921228
    0.34205278
    0.30808641
   -0.68772700
    0.32555389
    0.35600318
   -0.68141904
    0.32440106
    0.34771651
   -0.64907156
    0.33831752
    0.31565070
   -0.65282249
    0.35317144
    0.30823548
   -0.64393328
    0.35550252
    0.31754151
   -0.64615663
    0.33599862
    0.32021325
   -0.64858251
    0.35759155
    0.31911709
   -0.67615363
    0.34678694
    0.31780110
   -0.66181662
    0.31569827
    0.33455436
   -0.63293994
    0.33703249
    0.29462792
   -0.64123241
    0.28916274
    0.34912672
   -0.65094731
    0.33330502
    0.32182825
   -0.68962608
    0.32216351
    0.34547106
   -0.69558990
    0.34710527
    0.35458288
   -0.66979718
    0.32458541
    0.35159965
   -0.65873433
    0.34579536
    0.31852771
   -0.69397634
    0.35822451
    0.32585553
   -0.64899948
    0.32833837
    0.33259011
   -0.68074499
    0.34792520
    0.34089504
   -0.71341432
    0.35069357
    0.32149550
   -0.66092485
    0.32697537
    0.32810237
   -0.65212882
    0.33219349
    0.31822365
   -0.62872097
    0.35437271
    0.28548197
   -0.71278756
    0.33896781
    0.36870760
   -0.64070046
    0.31444144
    0.31207578
   -0.67487328
    0.33603240
    0.34624954
   -0.64456766
    0.33214758
    0.30738228
   -0.67666830
    0.34500606
    0.31847316
   -0.69404855
    0.34440920
    0.32710379
   -0.67403338
    0.35401928
    0.32301976
   -0.68056985
    0.34798540
    0.31810783
   -0.68430199
    0.33405182
    0.33450913
   -0.67659912
    0.34108949
    0.34361081
   -0.63129885
    0.35407910
    0.28522962
   -0.64423593
    0.31735436
    0.32167153
   -0.63101395
    0.33206445
    0.31945126
   -0.61142604
    0.30502813
    0.32754509
   -0.66596760
    0.33388679
    0.34746746
   -0.63681631
    0.35028225
    0.28656224
   -0.65798237
    0.35326570
    0.30776059
   -0.69929008
    0.33218856
    0.34496208
   -0.67967718
    0.34509469
    0.32657251
   -0.62674930
    0.34101163
    0.27690978
   -0.64920844
    0.31944413
    0.33288892
   -0.66581573
    0.34936940
    0.34231961
   -0.61538932
    0.29441582
    0.34074247
   -0.66484015
    0.33776529
    0.32875573
   -0.64941209
    0.32578143
    0.33375530
   -0.66965239
    0.34095041
    0.31736622
   -0.65430696
    0.33754268
    0.31401862
   -0.65355584
    0.33582460
    0.31465077
   -0.65912759
    0.34197798
    0.31496959
   -0.62087030
    0.35083682
    0.28825469
   -0.67292430
    0.34918524
    0.33644567
   -0.67250374
    0.33952496
    0.33286225
   -0.64258097
    0.28122694
    0.35067390
   -0.61167800
    0.34585197
    0.28430242
   -0.68940363
    0.32963992
    0.33231534
   -0.66435804
    0.30682932
    0.33516276
   -0.64315827
    0.31916915
    0.31400142
   -0.63619579
    0.32814644
    0.30563766
   -0.64820141
    0.34192687
    0.30666899
   -0.67949749
    0.33225646
    0.33418606
   -0.65255486
    0.32007248
    0.33521999
   -0.69590151
    0.35140824
    0.32833313
   -0.67110866
    0.35311673
    0.32448738
   -0.66868915
    0.33187509
    0.32689722
   -0.61737299
    0.33988720
    0.29946464
   -0.68125333
    0.32280815
    0.33484713
   -0.68064827
    0.32614611
    0.34421864
   -0.64693552
    0.34601623
    0.30625745
   -0.66328343
    0.34262202
    0.32011518
   -0.63504109
    0.32815554
    0.32476591
   -0.65215276
    0.29931334
    0.34075997
   -0.64046637
    0.33719702
    0.31106908
   -0.68983253
    0.33272074
    0.34841345
   -0.66108225
    0.34168125
    0.31418714
   -0.65180607
    0.31856477
    0.33889020
   -0.66694278
    0.35400193
    0.32839696
   -0.68916887
    0.33567967
    0.33445179
   -0.69235722
    0.34528917
    0.33114750
   -0.65529115
    0.34833295
    0.32517870
   -0.61597836
    0.29000440
    0.34547911
   -0.70652309
    0.35262128
    0.34765499
   -0.67262042
    0.32097440
    0.33812940
   -0.66405597
    0.31863503
    0.33969256
   -0.63155341
    0.27570329
    0.34742611
   -0.63359413
    0.33352099
    0.32838172
   -0.68350448
    0.35057717
    0.31905630
   -0.65462078
    0.32607437
    0.33696890
   -0.63276628
    0.32552109
    0.33644179
   -0.70222706
    0.34616594
    0.33209789
