   -0.64787961
    0.33021279
    0.34467848
   -0.67217939
    0.34528381
    0.33341211
   -0.71588737
    0.34111254
    0.35855508
   -0.69528269
    0.33712429
    0.34132589
   -0.65112632
    0.34193513
    0.31606546
   -0.67672437
    0.32226889
    0.32853345
   -0.66392466
    0.33349791
    0.35187343
   -0.65182795
    0.34340265
    0.32150219
   -0.68870127
    0.34946618
    0.33574612
   -0.69075452
    0.34650571
    0.33876092
   -0.67554977
    0.32946798
    0.33837801
   -0.67095002
    0.35262205
    0.32433758
   -0.68821964
    0.33956489
    0.32321348
   -0.67855245
    0.33084223
    0.34299448
   -0.66017846
    0.34374307
    0.32651103
   -0.66877589
    0.34104785
    0.32207806
   -0.66566227
    0.33153283
    0.34852673
   -0.66730906
    0.32187902
    0.33880447
   -0.68582944
    0.33230558
    0.36115872
   -0.67362129
    0.35454698
    0.32560063
   -0.63896803
    0.31920142
    0.33627567
   -0.70500481
    0.34741068
    0.36549964
   -0.68941543
    0.32779477
    0.35778055
   -0.66764760
    0.33581295
    0.34113983
   -0.69906011
    0.32840206
    0.35131122
   -0.66455916
    0.33588033
    0.31652877
   -0.68181322
    0.35183467
    0.34391045
   -0.67559687
    0.34371548
    0.30898380
   -0.65457105
    0.33242565
    0.32647591
   -0.64632588
    0.35523669
    0.28143456
   -0.62722951
    0.35734691
    0.29098903
   -0.67144791
    0.35110464
    0.32464063
   -0.64591024
    0.32112826
    0.30473374
   -0.64541889
    0.32823555
    0.33310341
   -0.67127359
    0.35162575
    0.32722003
   -0.64872038
    0.32420175
    0.33631499
   -0.68078372
    0.35368981
    0.33394664
   -0.69918777
    0.35291915
    0.35659490
   -0.65367376
    0.32624418
    0.32836154
   -0.66702752
    0.33963403
    0.33623125
   -0.68543040
    0.32650082
    0.34212584
   -0.66679330
    0.33630258
    0.33117871
   -0.66825371
    0.31062100
    0.34167078
   -0.68484542
    0.34188975
    0.35945301
   -0.68812599
    0.34204549
    0.35063442
   -0.65653248
    0.32754599
    0.31902841
   -0.68681282
    0.34122039
    0.32486863
   -0.67401079
    0.33787307
    0.33237551
   -0.64721559
    0.33359655
    0.31706816
   -0.66917692
    0.33939515
    0.32096358
   -0.65872657
    0.32760690
    0.34669272
   -0.67759977
    0.34235855
    0.31703835
   -0.69198853
    0.33620302
    0.34170745
   -0.68882357
    0.33270476
    0.35725735
   -0.65388914
    0.32467519
    0.31792182
   -0.68584971
    0.35297278
    0.32608438
   -0.63482048
    0.29999921
    0.34303816
   -0.66452593
    0.32448846
    0.35635771
   -0.63868608
    0.31272246
    0.33668616
   -0.65530017
    0.30282798
    0.34504790
   -0.68112227
    0.33442862
    0.35239082
   -0.64175442
    0.35822232
    0.28239041
   -0.66622572
    0.33082481
    0.32053419
   -0.67089342
    0.34668275
    0.35262284
   -0.67266516
    0.34751343
    0.33763838
   -0.65497349
    0.33678736
    0.31395609
   -0.69914058
    0.35296503
    0.35413718
   -0.65760748
    0.32374990
    0.34182096
   -0.65245639
    0.28070540
    0.35271026
   -0.69245838
    0.34544670
    0.33099936
   -0.64969748
    0.30745776
    0.36601803
   -0.68159820
    0.33601706
    0.35662028
   -0.68214733
    0.34752231
    0.34028928
   -0.65383181
    0.29935500
    0.35257034
   -0.66526269
    0.35071968
    0.32571645
   -0.67458823
    0.32697158
    0.33304491
   -0.69566719
    0.35130015
    0.34848057
   -0.64156543
    0.31444258
    0.32677049
   -0.70437499
    0.34338860
    0.34977562
   -0.69208607
    0.33657171
    0.35119854
   -0.66031076
    0.32470432
    0.31949796
   -0.68430888
    0.32535117
    0.35688656
   -0.67092126
    0.34671613
    0.35504344
   -0.67164885
    0.35134717
    0.33715833
   -0.63553916
    0.29548486
    0.33937088
   -0.69005827
    0.31554299
    0.34829508
   -0.67894585
    0.33033830
    0.32936744
   -0.65014870
    0.31278213
    0.33384818
   -0.65988720
    0.35010347
    0.32299293
   -0.68270449
    0.32330207
    0.34373538
   -0.65413109
    0.32815800
    0.32276447
   -0.66446005
    0.33092036
    0.35105618
   -0.68352587
    0.34431269
    0.33270454
   -0.66826876
    0.34376987
    0.32672348
   -0.64488362
    0.32878293
    0.31893596
   -0.66450690
    0.31520959
    0.34443910
   -0.63137640
    0.32664717
    0.31671205
   -0.68708900
    0.35225905
    0.32357017
   -0.67229146
    0.32490015
    0.35036807
   -0.64020089
    0.32532890
    0.31913208
   -0.67200138
    0.33070666
    0.32482441
   -0.63689602
    0.32207577
    0.32390382
   -0.63595089
    0.29733445
    0.33522863
   -0.67587281
    0.36874583
    0.33304131
   -0.66386296
    0.30659962
    0.34020019
   -0.65000344
    0.31504871
    0.33452044
   -0.66839334
    0.33747510
    0.33499471
   -0.66273803
    0.32823562
    0.33126557
   -0.67655692
    0.34114101
    0.35613474
   -0.63589925
    0.34445488
    0.28440666
   -0.61336015
    0.34339496
    0.29046577
   -0.63326394
    0.32091023
    0.32390397
   -0.67049977
    0.35062490
    0.32129333
   -0.66928072
    0.31660278
    0.33083016
   -0.66776631
    0.33229414
    0.33955930
   -0.63136317
    0.28428491
    0.34843479
   -0.67117728
    0.33768595
    0.34021602
   -0.66133747
    0.33525331
    0.31995957
   -0.68463839
    0.33197954
    0.33988839
   -0.68363946
    0.33835573
    0.32324461
   -0.68010743
    0.32752219
    0.33382153
   -0.68605416
    0.32416210
    0.34243383
   -0.66303057
    0.33037911
    0.30927227
   -0.65226312
    0.32618962
    0.32462467
   -0.64895508
    0.31346342
    0.33258210
   -0.67145366
    0.32247455
    0.34195258
   -0.65287905
    0.33780101
    0.30476368
   -0.64191574
    0.32187932
    0.32992300
   -0.68796240
    0.36325676
    0.33544852
   -0.65221901
    0.34951469
    0.30389322
   -0.62229128
    0.31800115
    0.32344363
   -0.67609583
    0.32801315
    0.33448271
   -0.67329898
    0.32820945
    0.33471871
   -0.67224300
    0.35797599
    0.32649790
   -0.67386241
    0.32786938
    0.34075994
   -0.69080737
    0.31946004
    0.33800135
   -0.65247886
    0.33490637
    0.32987358
   -0.66754302
    0.32946600
    0.34981041
   -0.68143660
    0.32688451
    0.32982044
   -0.68231315
    0.33140478
    0.33893022
   -0.65127310
    0.32194214
    0.33524249
   -0.62135047
    0.28791707
    0.34600315
   -0.68238397
    0.32308361
    0.33477198
   -0.63631195
    0.30723724
    0.32445735
   -0.64555042
    0.35131946
    0.30650488
   -0.63413658
    0.32753288
    0.31294122
   -0.64872330
    0.27991889
    0.35813168
   -0.63793656
    0.31990765
    0.32576570
   -0.65836540
    0.34761117
    0.32363270
   -0.65832589
    0.34781865
    0.31558889
   -0.69641416
    0.34915399
    0.34438247
   -0.66504953
    0.33115027
    0.32140105
   -0.65851915
    0.34852770
    0.30645728
   -0.63930180
    0.33065390
    0.31504850
   -0.66242007
    0.35037802
    0.30651465
   -0.65517555
    0.34069304
    0.31815279
   -0.65563707
    0.32949145
    0.31901203
   -0.68501384
    0.33352932
    0.35166679
   -0.66883292
    0.35824778
    0.30126260
   -0.64140871
    0.31098042
    0.32489891
   -0.64870217
    0.31762501
    0.32572936
   -0.65040748
    0.32767273
    0.34596904
   -0.67544980
    0.32190946
    0.33074884
   -0.69776588
    0.34769784
    0.34978405
   -0.66274052
    0.34135932
    0.32770291
   -0.64411540
    0.33694745
    0.32065537
   -0.68544387
    0.35337981
    0.34726238
   -0.64352277
    0.32842293
    0.33986373
   -0.65336899
    0.34201309
    0.29174591
   -0.63467041
    0.33057631
    0.32718067
   -0.65663778
    0.33263402
    0.33388372
   -0.62973839
    0.34881854
    0.29285571
   -0.62943325
    0.32333636
    0.31920234
   -0.68926784
    0.35970385
    0.33901315
   -0.66858833
    0.34607714
    0.31569634
   -0.67678114
    0.37790405
    0.31182029
   -0.60603912
    0.31086045
    0.28961657
