$hessian                                                                        
        0.4228727698   0.0201820625   0.0074744934  -0.0267760798  -0.0171121867
       -0.0014628675   0.0034229298   0.0006355850  -0.0003919407  -0.1013715399
        0.0438953230  -0.0291154159  -0.0396271294  -0.0006983078  -0.0105363202
        0.0021615997   0.0013584939   0.0014695209  -0.0002801323   0.0001136794
       -0.0004299207   0.0014602792  -0.0001443910  -0.0015001656  -0.0464712137
       -0.0433883213  -0.0148154682  -0.0032034729  -0.0038048391  -0.0011926552
        0.0002788978   0.0007826517   0.0001291867  -0.0240714147   0.0129152833
       -0.0105912389  -0.1887624527  -0.0183626420   0.0588042336  -0.0008948292
        0.0052891404   0.0024053871   0.0005190124   0.0000423655  -0.0000854696
        0.0007427759  -0.0017038968  -0.0001613591
        0.0201820625   0.5036949088   0.0453441297  -0.0306896667  -0.0078948623
        0.0109491988  -0.0009352638   0.0008948881  -0.0001889451   0.0412511861
       -0.1013742060   0.0276727179  -0.0015738784  -0.0466614550  -0.0164015985
       -0.0000987742   0.0007692252   0.0009408379   0.0000748763  -0.0001896957
        0.0003055709   0.0039559190  -0.0027196379   0.0045510210  -0.0415562762
       -0.2376344224  -0.0621197612  -0.0033589908  -0.0031808492  -0.0014319594
       -0.0000300109   0.0001907029   0.0001423722  -0.0051775986   0.0043753012
       -0.0022836476  -0.0031397256  -0.0724690174  -0.0142367145   0.0200398587
       -0.0321969791   0.0084383706  -0.0000293518   0.0004359200   0.0011833268
        0.0010856345  -0.0060398210  -0.0028649195
        0.0074744934   0.0453441297   0.4796148066  -0.0090773027   0.0055368397
        0.0016530651   0.0001191646  -0.0001024453   0.0011480460  -0.0322033011
        0.0303030044  -0.0872775134  -0.0079717097  -0.0166906720  -0.2363728609
       -0.0048391001  -0.0020338684   0.0022545652  -0.0000422659   0.0002107192
       -0.0003582099  -0.0213206238   0.0194363741  -0.0165165044  -0.0129279722
       -0.0605602830  -0.0636463931  -0.0026885794  -0.0025318890   0.0000629566
       -0.0002790329  -0.0001884718  -0.0002501966   0.0043842549  -0.0022364619
        0.0023134607   0.0705566968  -0.0060532846  -0.0885427346   0.0068199562
       -0.0060059016   0.0049897536   0.0020224115  -0.0016259503   0.0009936064
       -0.0000270895  -0.0028018389  -0.0000658473
       -0.0267760798  -0.0306896667  -0.0090773027   0.4188609230  -0.0302531864
       -0.0268975601  -0.0599068820   0.0579534593  -0.0275287632   0.0008657197
       -0.0001094360   0.0004816738   0.0015174412   0.0001688644  -0.0012871993
       -0.0439708660  -0.0017563112   0.0161604824  -0.0024965789   0.0033308481
       -0.0015094494  -0.0002146448   0.0000410409  -0.0003369029  -0.0048640454
       -0.0016348120   0.0014208265  -0.2042616744   0.0363455692   0.0537239696
        0.0036638202  -0.0022426184  -0.0004689896  -0.0001275985  -0.0003246893
       -0.0004174235  -0.0761590986  -0.0321000319  -0.0050014890  -0.0042701320
        0.0019436657   0.0004817000  -0.0007637360   0.0000034345  -0.0002310844
       -0.0010965677  -0.0006761301   0.0004875120
       -0.0171121867  -0.0078948623   0.0055368397  -0.0302531864   0.4087624663
       -0.0173901494   0.0560378403  -0.1725497650   0.0477700744   0.0009609190
        0.0021160604   0.0005478681   0.0017748801   0.0013016421  -0.0011226266
       -0.0006179757  -0.0412315990   0.0094831333   0.0002478390  -0.0024536146
        0.0027302385   0.0001368588   0.0000236852   0.0001948793  -0.0025231848
       -0.0001329947   0.0002832927   0.0231908170  -0.0332806153  -0.0044752718
        0.0108452951  -0.0173068124   0.0053887671   0.0000568012  -0.0007770972
       -0.0001123852  -0.0418252628  -0.1357213983  -0.0491054946  -0.0008151054
       -0.0009956741   0.0001652269  -0.0001003869   0.0002861643  -0.0000684973
       -0.0000039618  -0.0001455854   0.0001741048
       -0.0014628675   0.0109491988   0.0016530651  -0.0268975601  -0.0173901494
        0.4802859076  -0.0289175736   0.0571292072  -0.0917898314  -0.0005093457
        0.0000024765   0.0010437112   0.0035489078   0.0037569541   0.0026740951
        0.0158038908   0.0071899237  -0.2389209435  -0.0130808778   0.0241766239
       -0.0126770095  -0.0002912476   0.0000510943  -0.0004774886   0.0035375307
        0.0015070483   0.0000246242   0.0581862704  -0.0128655611  -0.0594035461
        0.0059969909  -0.0127827810   0.0033959248   0.0001141332  -0.0000449569
       -0.0001738168  -0.0166965835  -0.0610383088  -0.0854088688  -0.0002606495
       -0.0006438436   0.0000516955   0.0006989665  -0.0000551170  -0.0001169717
        0.0002300150   0.0000581912  -0.0001605471
        0.0034229298  -0.0009352638   0.0001191646  -0.0599068820   0.0560378403
       -0.0289175736   0.0901460615  -0.0717554521   0.1023043516  -0.0000542130
       -0.0022503588  -0.0018696592  -0.0001646018   0.0000931958  -0.0000281588
       -0.0001330027   0.0012873246  -0.0018017795  -0.0144386898   0.0102536376
       -0.0490223731   0.0002857904  -0.0000658155   0.0004572003  -0.0003891931
       -0.0000063004  -0.0000401676  -0.0128516485   0.0251801130  -0.0086295156
       -0.0065699902  -0.0085093162  -0.0179509223   0.0009022585   0.0017974375
        0.0006530569   0.0044455962  -0.0093739169   0.0044511646  -0.0095785448
       -0.0044338301   0.0003745514   0.0031347011   0.0005313874   0.0014527415
        0.0017494282   0.0021493176  -0.0015520811
        0.0006355850   0.0008948881  -0.0001024453   0.0579534593  -0.1725497650
        0.0571292072  -0.0717554521   0.5207390866   0.0466159248  -0.0022609898
       -0.0005261817  -0.0000897672  -0.0001127144  -0.0001103884   0.0000396885
        0.0041597239  -0.0041977898   0.0064765887   0.0094645258  -0.0441308339
        0.0226905054  -0.0000169959  -0.0000945301   0.0001873220   0.0001473570
        0.0003180400  -0.0000127415   0.0190102915  -0.0179352960   0.0022106069
       -0.0143690175  -0.2315005132  -0.1333713171  -0.0001169757  -0.0001813260
        0.0000419363  -0.0007031959  -0.0485677489  -0.0021159881  -0.0023592047
       -0.0023746785   0.0004549889  -0.0001255005   0.0000375908   0.0000177483
        0.0004491039   0.0001794460  -0.0001722578
       -0.0003919407  -0.0001889451   0.0011480460  -0.0275287632   0.0477700744
       -0.0917898314   0.1023043516   0.0466159248   0.5472726546  -0.0004721992
        0.0002217144   0.0005563451  -0.0003632609  -0.0001156423  -0.0004362356
       -0.0128872043   0.0269484326  -0.0180922454  -0.0422264783   0.0229462513
       -0.3149408094  -0.0004171094  -0.0003237340  -0.0003190436  -0.0002089664
       -0.0000875249   0.0000436377  -0.0024089402   0.0006143241   0.0056938327
       -0.0206034746  -0.1338112774  -0.1328452103  -0.0001300061  -0.0006015391
       -0.0001155388   0.0035090219  -0.0107514756   0.0069290562   0.0021989401
        0.0010603958  -0.0031644504   0.0004272224   0.0001812310  -0.0004788308
       -0.0008011927  -0.0004782099   0.0005386233
       -0.1013715399   0.0412511861  -0.0322033011   0.0008657197   0.0009609190
       -0.0005093457  -0.0000542130  -0.0022609898  -0.0004721992   0.4585107834
        0.0158501724  -0.0236406173  -0.0013711431   0.0035481418  -0.0051914906
       -0.0003349908  -0.0000574503  -0.0003283930  -0.0004551276  -0.0002250596
        0.0002490403  -0.0500096707  -0.0040277434   0.0358280662   0.0019920522
       -0.0012671931   0.0009916521   0.0000380328  -0.0003605619  -0.0001262948
       -0.0008281849  -0.0004507700   0.0000450180  -0.2038003185  -0.0661265812
        0.0345654917  -0.0449773711   0.0180916283  -0.0018531921  -0.0555783986
       -0.0309857422  -0.0193692813  -0.0021246210   0.0056420685   0.0043006707
       -0.0005010088   0.0204179754   0.0077141761
        0.0438953230  -0.1013742060   0.0303030044  -0.0001094360   0.0021160604
        0.0000024765  -0.0022503588  -0.0005261817   0.0002217144   0.0158501724
        0.4512206677  -0.0064664451   0.0019225867  -0.0007808323   0.0020220218
       -0.0000926071  -0.0000708150  -0.0002316597   0.0000948816   0.0000763353
        0.0002785165  -0.0038735232  -0.0426809683   0.0211296305   0.0167121551
       -0.0233481105   0.0104821388  -0.0002052789  -0.0005193293  -0.0001645728
       -0.0001370329  -0.0002276796  -0.0003173515  -0.0610042416  -0.0625451981
        0.0147690515   0.0007396623   0.0050583375  -0.0029105648  -0.0033187545
       -0.2000942464  -0.0575443658  -0.0029005208  -0.0014881545  -0.0037925492
       -0.0053230274  -0.0248156792  -0.0077810455
       -0.0291154159   0.0276727179  -0.0872775134   0.0004816738   0.0005478681
        0.0010437112  -0.0018696592  -0.0000897672   0.0005563451  -0.0236406173
       -0.0064664451   0.5311673026  -0.0213377304   0.0202132148  -0.0197778052
        0.0001779566   0.0003264178  -0.0004566718   0.0005235078   0.0003715089
       -0.0000929266   0.0370408116   0.0254772345  -0.2663880460   0.0039663006
       -0.0061321188   0.0032173706   0.0001738547  -0.0001060165  -0.0000017452
        0.0001635702  -0.0001826801  -0.0002752237   0.0364478883   0.0171328716
       -0.0538358711   0.0075099754  -0.0070362143   0.0065456396  -0.0068238364
       -0.0512314978  -0.1015925366  -0.0055854232  -0.0324642407  -0.0179936547
        0.0018871435   0.0119671469   0.0051616252
       -0.0396271294  -0.0015738784  -0.0079717097   0.0015174412   0.0017748801
        0.0035489078  -0.0001646018  -0.0001127144  -0.0003632609  -0.0013711431
        0.0019225867  -0.0213377304   0.0584639429  -0.0012318300  -0.0026842151
        0.0003338989  -0.0000143357  -0.0016515815  -0.0001862339   0.0001133244
       -0.0001302217  -0.0026591817   0.0030167839  -0.0016963118   0.0010289124
       -0.0009464468  -0.0065312020   0.0005215277   0.0002072135  -0.0000122657
       -0.0000050039  -0.0000520608  -0.0000727689   0.0002647137  -0.0000830133
       -0.0001227964  -0.0188123298  -0.0015786550   0.0386718724   0.0004983934
       -0.0014124258  -0.0001501210  -0.0000031530   0.0003338471   0.0004351671
        0.0001999462  -0.0003632755   0.0000682378
       -0.0006983078  -0.0466614550  -0.0166906720   0.0001688644   0.0013016421
        0.0037569541   0.0000931958  -0.0001103884  -0.0001156423   0.0035481418
       -0.0007808323   0.0202132148  -0.0012318300   0.0498634742   0.0165944122
        0.0003323209   0.0003268548  -0.0004074301  -0.0000331151   0.0000315758
       -0.0001154801   0.0028994751  -0.0022863203   0.0021064929  -0.0018301065
       -0.0048666710  -0.0299769667   0.0000415446  -0.0000661692  -0.0000623932
        0.0000090969  -0.0000407949  -0.0000181807  -0.0002657508  -0.0001484482
       -0.0000257863  -0.0028457903   0.0020695617   0.0039649700  -0.0004644131
        0.0013808081   0.0012849542   0.0005218378  -0.0003006359  -0.0003760718
       -0.0002451638   0.0002877986  -0.0001323750
       -0.0105363202  -0.0164015985  -0.2363728609  -0.0012871993  -0.0011226266
        0.0026740951  -0.0000281588   0.0000396885  -0.0004362356  -0.0051914906
        0.0020220218  -0.0197778052  -0.0026842151   0.0165944122   0.2876966888
        0.0010675479   0.0012810726   0.0007382630  -0.0000230327  -0.0001649032
        0.0000824317  -0.0026433555   0.0018550641  -0.0006923544  -0.0013384801
       -0.0039210230  -0.0125821840  -0.0006512149  -0.0001888076   0.0001772498
        0.0000806603   0.0001044849   0.0001672451  -0.0000780345  -0.0001550011
       -0.0000744041   0.0224183884   0.0010625762  -0.0236758061   0.0009043545
       -0.0012182367   0.0014579802  -0.0005528837   0.0007959365   0.0004381595
        0.0005434343  -0.0005830602   0.0001795370
        0.0021615997  -0.0000987742  -0.0048391001  -0.0439708660  -0.0006179757
        0.0158038908  -0.0001330027   0.0041597239  -0.0128872043  -0.0003349908
       -0.0000926071   0.0001779566   0.0003338989   0.0003323209   0.0010675479
        0.0497577189   0.0019909462  -0.0112897055   0.0007992878   0.0024009872
       -0.0016622836   0.0000258003  -0.0000836715   0.0001867474   0.0001278994
        0.0002176257   0.0000884885  -0.0057526389   0.0002764691   0.0301644431
       -0.0000429451  -0.0006590190   0.0000642803   0.0000145013   0.0000427604
        0.0000130664  -0.0028785606  -0.0080069875  -0.0169627919   0.0001418093
        0.0001101051  -0.0000681191  -0.0003301900   0.0000901653   0.0000606611
        0.0000806784  -0.0000620686   0.0000821222
        0.0013584939   0.0007692252  -0.0020338684  -0.0017563112  -0.0412315990
        0.0071899237   0.0012873246  -0.0041977898   0.0269484326  -0.0000574503
       -0.0000708150   0.0003264178  -0.0000143357   0.0003268548   0.0012810726
        0.0019909462   0.0577160237  -0.0002846137   0.0021632008  -0.0042546454
        0.0024499134   0.0000272407  -0.0002511724   0.0000701775   0.0004005232
        0.0002839869   0.0000081740   0.0015655718   0.0018198074  -0.0047252271
       -0.0001192826   0.0005593975   0.0009635547   0.0000180597   0.0000091815
       -0.0000047035  -0.0069239877  -0.0117207266  -0.0320353583  -0.0000318445
        0.0001435525  -0.0000586334   0.0002544817   0.0000682056  -0.0000844565
       -0.0001626306   0.0000305131  -0.0000108054
        0.0014695209   0.0009408379   0.0022545652   0.0161604824   0.0094831333
       -0.2389209435  -0.0018017795   0.0064765887  -0.0180922454  -0.0003283930
       -0.0002316597  -0.0004566718  -0.0016515815  -0.0004074301   0.0007382630
       -0.0112897055  -0.0002846137   0.2888422714  -0.0000501000   0.0029152431
       -0.0002865964   0.0002447225   0.0000188892   0.0001750558   0.0004300705
        0.0004968815   0.0002250535   0.0051268715  -0.0003151687  -0.0142328383
       -0.0001253904  -0.0007820572   0.0012204205   0.0000342475   0.0000192407
        0.0000815893  -0.0082809537  -0.0183177795  -0.0221370468   0.0004490244
        0.0000585591   0.0002128953  -0.0005486449  -0.0000121260   0.0003451738
        0.0001616089  -0.0000585385   0.0000310545
       -0.0002801323   0.0000748763  -0.0000422659  -0.0024965789   0.0002478390
       -0.0130808778  -0.0144386898   0.0094645258  -0.0422264783  -0.0004551276
        0.0000948816   0.0005235078  -0.0001862339  -0.0000331151  -0.0000230327
        0.0007992878   0.0021632008  -0.0000501000   0.0183853675  -0.0113951395
        0.0533379312  -0.0002189787  -0.0003082719  -0.0000527600  -0.0000478754
        0.0000023865   0.0000413090   0.0005488302  -0.0002525013   0.0004933869
        0.0006639774   0.0000031661  -0.0024435525   0.0000323509  -0.0001081383
       -0.0001754093   0.0009454402   0.0006650604   0.0011834859  -0.0019089149
       -0.0002623649   0.0023609458  -0.0007613939  -0.0001355629  -0.0001881426
       -0.0005813287  -0.0002208426   0.0003420526
        0.0001136794  -0.0001896957   0.0002107192   0.0033308481  -0.0024536146
        0.0241766239   0.0102536376  -0.0441308339   0.0229462513  -0.0002250596
        0.0000763353   0.0003715089   0.0001133244   0.0000315758  -0.0001649032
        0.0024009872  -0.0042546454   0.0029152431  -0.0113951395   0.0470506508
       -0.0275620529  -0.0004603690  -0.0001073798  -0.0001458946   0.0000233783
       -0.0000159850   0.0000118765  -0.0001117747   0.0000913874   0.0004490764
       -0.0032344627   0.0014128556  -0.0226872823   0.0000808965  -0.0000422107
       -0.0001355462  -0.0003721791   0.0026208860  -0.0007081481  -0.0003035182
        0.0000424235   0.0003789537  -0.0001597798  -0.0001191278  -0.0000470762
       -0.0000544689  -0.0000126215  -0.0000093494
       -0.0004299207   0.0003055709  -0.0003582099  -0.0015094494   0.0027302385
       -0.0126770095  -0.0490223731   0.0226905054  -0.3149408094   0.0002490403
        0.0002785165  -0.0000929266  -0.0001302217  -0.0001154801   0.0000824317
       -0.0016622836   0.0024499134  -0.0002865964   0.0533379312  -0.0275620529
        0.3432503707   0.0001403396   0.0000706104   0.0004925836   0.0000025049
       -0.0000445965   0.0000376548   0.0000909904  -0.0004374843  -0.0001753192
       -0.0021325262   0.0011865500  -0.0166504777  -0.0001520973  -0.0000640035
        0.0001109886   0.0010200686  -0.0010526406   0.0013313635  -0.0002107735
       -0.0002671274  -0.0002434812  -0.0001146796  -0.0000746756   0.0001854168
        0.0005234502  -0.0000938441  -0.0000659797
        0.0014602792   0.0039559190  -0.0213206238  -0.0002146448   0.0001368588
       -0.0002912476   0.0002857904  -0.0000169959  -0.0004171094  -0.0500096707
       -0.0038735232   0.0370408116  -0.0026591817   0.0028994751  -0.0026433555
        0.0000258003   0.0000272407   0.0002447225  -0.0002189787  -0.0004603690
        0.0001403396   0.0545928514   0.0035540971  -0.0396517453   0.0000758069
       -0.0003040001  -0.0000579898  -0.0000093405  -0.0000002624   0.0000054937
       -0.0000445075   0.0000834587   0.0001996819  -0.0078026234  -0.0055822910
        0.0295714261   0.0022684704  -0.0010921792   0.0003004025   0.0009255465
        0.0007519833  -0.0028458691   0.0011417695  -0.0004402324  -0.0007471690
        0.0001826326   0.0003608205   0.0004722317
       -0.0001443910  -0.0027196379   0.0194363741   0.0000410409   0.0000236852
        0.0000510943  -0.0000658155  -0.0000945301  -0.0003237340  -0.0040277434
       -0.0426809683   0.0254772345   0.0030167839  -0.0022863203   0.0018550641
       -0.0000836715  -0.0002511724   0.0000188892  -0.0003082719  -0.0001073798
        0.0000706104   0.0035540971   0.0564349899  -0.0198572637  -0.0001155743
        0.0000067505   0.0003775224  -0.0000214998  -0.0000869954  -0.0000045243
        0.0000880324   0.0000393581   0.0001023692  -0.0033155936  -0.0004203260
        0.0114866826  -0.0015012845   0.0010706958  -0.0010404772   0.0028939761
       -0.0041132241  -0.0323530829  -0.0003533617  -0.0057557033  -0.0038190436
        0.0003432768   0.0009407778  -0.0014777150
       -0.0015001656   0.0045510210  -0.0165165044  -0.0003369029   0.0001948793
       -0.0004774886   0.0004572003   0.0001873220  -0.0003190436   0.0358280662
        0.0211296305  -0.2663880460  -0.0016963118   0.0021064929  -0.0006923544
        0.0001867474   0.0000701775   0.0001750558  -0.0000527600  -0.0001458946
        0.0004925836  -0.0396517453  -0.0198572637   0.3126450562   0.0002334162
       -0.0000898389  -0.0000230611   0.0000512324   0.0000136947   0.0000364703
       -0.0000190062   0.0001063149   0.0001333610   0.0046183852   0.0031259123
       -0.0098919499   0.0010956247  -0.0013634455   0.0015814958   0.0011361122
       -0.0065490414  -0.0204270715  -0.0000649071  -0.0038585256  -0.0006062274
       -0.0002849857   0.0003785647   0.0002777242
       -0.0464712137  -0.0415562762  -0.0129279722  -0.0048640454  -0.0025231848
        0.0035375307  -0.0003891931   0.0001473570  -0.0002089664   0.0019920522
        0.0167121551   0.0039663006   0.0010289124  -0.0018301065  -0.0013384801
        0.0001278994   0.0004005232   0.0004300705  -0.0000478754   0.0000233783
        0.0000025049   0.0000758069  -0.0001155743   0.0002334162   0.0715702958
        0.0562246093   0.0156385463  -0.0009039203  -0.0010078161  -0.0003654954
       -0.0000205457  -0.0000835602  -0.0000035239   0.0000640594   0.0013893289
        0.0003193066  -0.0201647702  -0.0323328984  -0.0074912033  -0.0017393795
        0.0034471515  -0.0019411223  -0.0001562341  -0.0000395781  -0.0002689309
       -0.0001018489   0.0011444912   0.0004180187
       -0.0433883213  -0.2376344224  -0.0605602830  -0.0016348120  -0.0001329947
        0.0015070483  -0.0000063004   0.0003180400  -0.0000875249  -0.0012671931
       -0.0233481105  -0.0061321188  -0.0009464468  -0.0048666710  -0.0039210230
        0.0002176257   0.0002839869   0.0004968815   0.0000023865  -0.0000159850
       -0.0000445965  -0.0003040001   0.0000067505  -0.0000898389   0.0562246093
        0.2783589143   0.0679425202  -0.0002551032  -0.0002886798  -0.0000724098
        0.0000538009   0.0001328492   0.0000303004  -0.0002506405   0.0006942781
       -0.0005034049  -0.0123967563  -0.0092175103  -0.0012526960   0.0037753559
       -0.0030905643   0.0027458584   0.0000214599   0.0001578676   0.0004508801
        0.0001543355  -0.0013577486  -0.0005095931
       -0.0148154682  -0.0621197612  -0.0636463931   0.0014208265   0.0002832927
        0.0000246242  -0.0000401676  -0.0000127415   0.0000436377   0.0009916521
        0.0104821388   0.0032173706  -0.0065312020  -0.0299769667  -0.0125821840
        0.0000884885   0.0000081740   0.0002250535   0.0000413090   0.0000118765
        0.0000376548  -0.0000579898   0.0003775224  -0.0000230611   0.0156385463
        0.0679425202   0.0677658733   0.0002115516   0.0002759821   0.0003521733
       -0.0000197419   0.0000345817  -0.0000130683   0.0005226028  -0.0001036617
        0.0003803352   0.0040714309   0.0103548310   0.0040931416  -0.0012381588
        0.0017846060  -0.0004232489  -0.0002912964   0.0001252078   0.0000830573
        0.0000076167   0.0005323980   0.0004650338
       -0.0032034729  -0.0033589908  -0.0026885794  -0.2042616744   0.0231908170
        0.0581862704  -0.0128516485   0.0190102915  -0.0024089402   0.0000380328
       -0.0002052789   0.0001738547   0.0005215277   0.0000415446  -0.0006512149
       -0.0057526389   0.0015655718   0.0051268715   0.0005488302  -0.0001117747
        0.0000909904  -0.0000093405  -0.0000214998   0.0000512324  -0.0009039203
       -0.0002551032   0.0002115516   0.2558094092  -0.0292536409  -0.0619363850
       -0.0019178344   0.0002102075  -0.0001669463  -0.0000649509   0.0000536792
       -0.0000117496  -0.0279756671  -0.0109423406   0.0040642104   0.0001380790
        0.0002300145   0.0000076534  -0.0000108631  -0.0000718893  -0.0000772751
       -0.0001038681  -0.0000816078   0.0000284559
       -0.0038048391  -0.0031808492  -0.0025318890   0.0363455692  -0.0332806153
       -0.0128655611   0.0251801130  -0.0179352960   0.0006143241  -0.0003605619
       -0.0005193293  -0.0001060165   0.0002072135  -0.0000661692  -0.0001888076
        0.0002764691   0.0018198074  -0.0003151687  -0.0002525013   0.0000913874
       -0.0004374843  -0.0000002624  -0.0000869954   0.0000136947  -0.0010078161
       -0.0002886798   0.0002759821  -0.0292536409   0.0580051233   0.0098071591
        0.0002286841  -0.0009343852   0.0005553465  -0.0000183373   0.0003662854
        0.0000149806  -0.0290206715  -0.0040779744   0.0052973266   0.0010467479
       -0.0001207056  -0.0001007105   0.0002305775   0.0000023703   0.0001222220
        0.0002032564   0.0002060256  -0.0001553978
       -0.0011926552  -0.0014319594   0.0000629566   0.0537239696  -0.0044752718
       -0.0594035461  -0.0086295156   0.0022106069   0.0056938327  -0.0001262948
       -0.0001645728  -0.0000017452  -0.0000122657  -0.0000623932   0.0001772498
        0.0301644431  -0.0047252271  -0.0142328383   0.0004933869   0.0004490764
       -0.0001753192   0.0000054937  -0.0000045243   0.0000364703  -0.0003654954
       -0.0000724098   0.0003521733  -0.0619363850   0.0098071591   0.0639289721
       -0.0008348973   0.0003438009  -0.0000422536  -0.0000286302   0.0000459266
       -0.0000281217  -0.0109723676  -0.0021389814   0.0034239401  -0.0000126519
        0.0002653928   0.0000802016  -0.0002187906  -0.0000065320   0.0000328088
       -0.0000573440  -0.0000400910   0.0000952190
        0.0002788978  -0.0000300109  -0.0002790329   0.0036638202   0.0108452951
        0.0059969909  -0.0065699902  -0.0143690175  -0.0206034746  -0.0008281849
       -0.0001370329   0.0001635702  -0.0000050039   0.0000090969   0.0000806603
       -0.0000429451  -0.0001192826  -0.0001253904   0.0006639774  -0.0032344627
       -0.0021325262  -0.0000445075   0.0000880324  -0.0000190062  -0.0000205457
        0.0000538009  -0.0000197419  -0.0019178344   0.0002286841  -0.0008348973
        0.0091302215   0.0099275151   0.0194246697   0.0000758904  -0.0001461289
        0.0000222743  -0.0019158582  -0.0013088923  -0.0010734802  -0.0016286580
       -0.0013110236  -0.0006485715  -0.0004865200  -0.0002671476   0.0000581865
       -0.0003527595  -0.0002294255  -0.0000102307
        0.0007826517   0.0001907029  -0.0001884718  -0.0022426184  -0.0173068124
       -0.0127827810  -0.0085093162  -0.2315005132  -0.1338112774  -0.0004507700
       -0.0002276796  -0.0001826801  -0.0000520608  -0.0000407949   0.0001044849
       -0.0006590190   0.0005593975  -0.0007820572   0.0000031661   0.0014128556
        0.0011865500   0.0000834587   0.0000393581   0.0001063149  -0.0000835602
        0.0001328492   0.0000345817   0.0002102075  -0.0009343852   0.0003438009
        0.0099275151   0.2549641630   0.1450661464   0.0001122695   0.0001421501
        0.0000470992   0.0010740241  -0.0076875930   0.0007579357   0.0004468917
        0.0004250871  -0.0000885336  -0.0003977525  -0.0001868363   0.0002080227
       -0.0002450873   0.0000180510  -0.0000191352
        0.0001291867   0.0001423722  -0.0002501966  -0.0004689896   0.0053887671
        0.0033959248  -0.0179509223  -0.1333713171  -0.1328452103   0.0000450180
       -0.0003173515  -0.0002752237  -0.0000727689  -0.0000181807   0.0001672451
        0.0000642803   0.0009635547   0.0012204205  -0.0024435525  -0.0226872823
       -0.0166504777   0.0001996819   0.0001023692   0.0001333610  -0.0000035239
        0.0000303004  -0.0000130683  -0.0001669463   0.0005553465  -0.0000422536
        0.0194246697   0.1450661464   0.1434929560  -0.0000241943   0.0001434257
        0.0001237616   0.0004785684   0.0032944797   0.0012355385   0.0009526771
        0.0006930559   0.0002248880   0.0000119108   0.0000390564   0.0001932420
       -0.0001750949  -0.0000247427  -0.0001109074
       -0.0240714147  -0.0051775986   0.0043842549  -0.0001275985   0.0000568012
        0.0001141332   0.0009022585  -0.0001169757  -0.0001300061  -0.2038003185
       -0.0610042416   0.0364478883   0.0002647137  -0.0002657508  -0.0000780345
        0.0000145013   0.0000180597   0.0000342475   0.0000323509   0.0000808965
       -0.0001520973  -0.0078026234  -0.0033155936   0.0046183852   0.0000640594
       -0.0002506405   0.0005226028  -0.0000649509  -0.0000183373  -0.0000286302
        0.0000758904   0.0001122695  -0.0000241943   0.2424263309   0.0822773742
       -0.0379330589  -0.0061043342   0.0042722603  -0.0022218655  -0.0038604277
       -0.0171813130  -0.0052842293   0.0011992534   0.0002646766  -0.0000121983
        0.0008523094   0.0002481130  -0.0002571976
        0.0129152833   0.0043753012  -0.0022364619  -0.0003246893  -0.0007770972
       -0.0000449569   0.0017974375  -0.0001813260  -0.0006015391  -0.0661265812
       -0.0625451981   0.0171328716  -0.0000830133  -0.0001484482  -0.0001550011
        0.0000427604   0.0000091815   0.0000192407  -0.0001081383  -0.0000422107
       -0.0000640035  -0.0055822910  -0.0004203260   0.0031259123   0.0013893289
        0.0006942781  -0.0001036617   0.0000536792   0.0003662854   0.0000459266
       -0.0001461289   0.0001421501   0.0001434257   0.0822773742   0.0924259942
       -0.0133107151   0.0052380398  -0.0008810867   0.0009067920  -0.0307678270
       -0.0346000384  -0.0057230283   0.0002992793   0.0009011185   0.0011762910
       -0.0008745135   0.0006814222  -0.0003110922
       -0.0105912389  -0.0022836476   0.0023134607  -0.0004174235  -0.0001123852
       -0.0001738168   0.0006530569   0.0000419363  -0.0001155388   0.0345654917
        0.0147690515  -0.0538358711  -0.0001227964  -0.0000257863  -0.0000744041
        0.0000130664  -0.0000047035   0.0000815893  -0.0001754093  -0.0001355462
        0.0001109886   0.0295714261   0.0114866826  -0.0098919499   0.0003193066
       -0.0005034049   0.0003803352  -0.0000117496   0.0000149806  -0.0000281217
        0.0000222743   0.0000470992   0.0001237616  -0.0379330589  -0.0133107151
        0.0565650926  -0.0022483256   0.0012975818   0.0002756972  -0.0120076834
       -0.0115016837   0.0031787618  -0.0014469229  -0.0002953059   0.0011660950
       -0.0001900134   0.0005158463  -0.0000760798
       -0.1887624527  -0.0031397256   0.0705566968  -0.0761590986  -0.0418252628
       -0.0166965835   0.0044455962  -0.0007031959   0.0035090219  -0.0449773711
        0.0007396623   0.0075099754  -0.0188123298  -0.0028457903   0.0224183884
       -0.0028785606  -0.0069239877  -0.0082809537   0.0009454402  -0.0003721791
        0.0010200686   0.0022684704  -0.0015012845   0.0010956247  -0.0201647702
       -0.0123967563   0.0040714309  -0.0279756671  -0.0290206715  -0.0109723676
       -0.0019158582   0.0010740241   0.0004785684  -0.0061043342   0.0052380398
       -0.0022483256   0.3755232287   0.0917316730  -0.0718918301   0.0041376856
        0.0000963887  -0.0005044248   0.0000856593  -0.0005343311   0.0000960419
        0.0003443622   0.0003833968  -0.0001613319
       -0.0183626420  -0.0724690174  -0.0060532846  -0.0321000319  -0.1357213983
       -0.0610383088  -0.0093739169  -0.0485677489  -0.0107514756   0.0180916283
        0.0050583375  -0.0070362143  -0.0015786550   0.0020695617   0.0010625762
       -0.0080069875  -0.0117207266  -0.0183177795   0.0006650604   0.0026208860
       -0.0010526406  -0.0010921792   0.0010706958  -0.0013634455  -0.0323328984
       -0.0092175103   0.0103548310  -0.0109423406  -0.0040779744  -0.0021389814
       -0.0013088923  -0.0076875930   0.0032944797   0.0042722603  -0.0008810867
        0.0012975818   0.0917316730   0.2770993444   0.0921613278   0.0005158882
        0.0023396145  -0.0004132264   0.0002418366  -0.0003511492  -0.0000746133
       -0.0004198028   0.0004357648   0.0000691734
        0.0588042336  -0.0142367145  -0.0885427346  -0.0050014890  -0.0491054946
       -0.0854088688   0.0044511646  -0.0021159881   0.0069290562  -0.0018531921
       -0.0029105648   0.0065456396   0.0386718724   0.0039649700  -0.0236758061
       -0.0169627919  -0.0320353583  -0.0221370468   0.0011834859  -0.0007081481
        0.0013313635   0.0003004025  -0.0010404772   0.0015814958  -0.0074912033
       -0.0012526960   0.0040931416   0.0040642104   0.0052973266   0.0034239401
       -0.0010734802   0.0007579357   0.0012355385  -0.0022218655   0.0009067920
        0.0002756972  -0.0718918301   0.0921613278   0.1938212587  -0.0005374300
        0.0000418030   0.0007573755  -0.0004473469   0.0004920688  -0.0001596026
        0.0000052595  -0.0002167823  -0.0000704477
       -0.0008948292   0.0200398587   0.0068199562  -0.0042701320  -0.0008151054
       -0.0002606495  -0.0095785448  -0.0023592047   0.0021989401  -0.0555783986
       -0.0033187545  -0.0068238364   0.0004983934  -0.0004644131   0.0009043545
        0.0001418093  -0.0000318445   0.0004490244  -0.0019089149  -0.0003035182
       -0.0002107735   0.0009255465   0.0028939761   0.0011361122  -0.0017393795
        0.0037753559  -0.0012381588   0.0001380790   0.0010467479  -0.0000126519
       -0.0016286580   0.0004468917   0.0009526771  -0.0038604277  -0.0307678270
       -0.0120076834   0.0041376856   0.0005158882  -0.0005374300   0.2569046316
       -0.1295794887   0.0551690455  -0.0320958858   0.0072768379   0.0427402255
       -0.1511909749   0.1316445998  -0.0892791521
        0.0052891404  -0.0321969791  -0.0060059016   0.0019436657  -0.0009956741
       -0.0006438436  -0.0044338301  -0.0023746785   0.0010603958  -0.0309857422
       -0.2000942464  -0.0512314978  -0.0014124258   0.0013808081  -0.0012182367
        0.0001101051   0.0001435525   0.0000585591  -0.0002623649   0.0000424235
       -0.0002671274   0.0007519833  -0.0041132241  -0.0065490414   0.0034471515
       -0.0030905643   0.0017846060   0.0002300145  -0.0001207056   0.0002653928
       -0.0013110236   0.0004250871   0.0006930559  -0.0171813130  -0.0346000384
       -0.0115016837   0.0000963887   0.0023396145   0.0000418030  -0.1295794887
        0.5059038650  -0.0297940342   0.0081961612  -0.0476154991   0.0063502539
        0.1651015780  -0.1850337411   0.0969572999
        0.0024053871   0.0084383706   0.0049897536   0.0004817000   0.0001652269
        0.0000516955   0.0003745514   0.0004549889  -0.0031644504  -0.0193692813
       -0.0575443658  -0.1015925366  -0.0001501210   0.0012849542   0.0014579802
       -0.0000681191  -0.0000586334   0.0002128953   0.0023609458   0.0003789537
       -0.0002434812  -0.0028458691  -0.0323530829  -0.0204270715  -0.0019411223
        0.0027458584  -0.0004232489   0.0000076534  -0.0001007105   0.0000802016
       -0.0006485715  -0.0000885336   0.0002248880  -0.0052842293  -0.0057230283
        0.0031787618  -0.0005044248  -0.0004132264   0.0007573755   0.0551690455
       -0.0297940342   0.6043827838   0.0822454762   0.0159025751  -0.3728352037
       -0.1122330211   0.0967046872  -0.1166503428
        0.0005190124  -0.0000293518   0.0020224115  -0.0007637360  -0.0001003869
        0.0006989665   0.0031347011  -0.0001255005   0.0004272224  -0.0021246210
       -0.0029005208  -0.0055854232  -0.0000031530   0.0005218378  -0.0005528837
       -0.0003301900   0.0002544817  -0.0005486449  -0.0007613939  -0.0001597798
       -0.0001146796   0.0011417695  -0.0003533617  -0.0000649071  -0.0001562341
        0.0000214599  -0.0002912964  -0.0000108631   0.0002305775  -0.0002187906
       -0.0004865200  -0.0003977525   0.0000119108   0.0011992534   0.0002992793
       -0.0014469229   0.0000856593   0.0002418366  -0.0004473469  -0.0320958858
        0.0081961612   0.0822454762   0.0290271101  -0.0085318776  -0.0527599735
        0.0016250911   0.0028328977  -0.0233751184
        0.0000423655   0.0004359200  -0.0016259503   0.0000034345   0.0002861643
       -0.0000551170   0.0005313874   0.0000375908   0.0001812310   0.0056420685
       -0.0014881545  -0.0324642407   0.0003338471  -0.0003006359   0.0007959365
        0.0000901653   0.0000682056  -0.0000121260  -0.0001355629  -0.0001191278
       -0.0000746756  -0.0004402324  -0.0057557033  -0.0038585256  -0.0000395781
        0.0001578676   0.0001252078  -0.0000718893   0.0000023703  -0.0000065320
       -0.0002671476  -0.0001868363   0.0000390564   0.0002646766   0.0009011185
       -0.0002953059  -0.0005343311  -0.0003511492   0.0004920688   0.0072768379
       -0.0476154991   0.0159025751  -0.0085318776   0.0548854012  -0.0033130451
       -0.0041641637  -0.0009575324   0.0241694426
       -0.0000854696   0.0011833268   0.0009936064  -0.0002310844  -0.0000684973
       -0.0001169717   0.0014527415   0.0000177483  -0.0004788308   0.0043006707
       -0.0037925492  -0.0179936547   0.0004351671  -0.0003760718   0.0004381595
        0.0000606611  -0.0000844565   0.0003451738  -0.0001881426  -0.0000470762
        0.0001854168  -0.0007471690  -0.0038190436  -0.0006062274  -0.0002689309
        0.0004508801   0.0000830573  -0.0000772751   0.0001222220   0.0000328088
        0.0000581865   0.0002080227   0.0001932420  -0.0000121983   0.0011762910
        0.0011660950   0.0000960419  -0.0000746133  -0.0001596026   0.0427402255
        0.0063502539  -0.3728352037  -0.0527599735  -0.0033130451   0.4081558910
        0.0052265490   0.0020666082  -0.0194029598
        0.0007427759   0.0010856345  -0.0000270895  -0.0010965677  -0.0000039618
        0.0002300150   0.0017494282   0.0004491039  -0.0008011927  -0.0005010088
       -0.0053230274   0.0018871435   0.0001999462  -0.0002451638   0.0005434343
        0.0000806784  -0.0001626306   0.0001616089  -0.0005813287  -0.0000544689
        0.0005234502   0.0001826326   0.0003432768  -0.0002849857  -0.0001018489
        0.0001543355   0.0000076167  -0.0001038681   0.0002032564  -0.0000573440
       -0.0003527595  -0.0002450873  -0.0001750949   0.0008523094  -0.0008745135
       -0.0001900134   0.0003443622  -0.0004198028   0.0000052595  -0.1511909749
        0.1651015780  -0.1122330211   0.0016250911  -0.0041641637   0.0052265490
        0.1481511327  -0.1558443653   0.1051836639
       -0.0017038968  -0.0060398210  -0.0028018389  -0.0006761301  -0.0001455854
        0.0000581912   0.0021493176   0.0001794460  -0.0004782099   0.0204179754
       -0.0248156792   0.0119671469  -0.0003632755   0.0002877986  -0.0005830602
       -0.0000620686   0.0000305131  -0.0000585385  -0.0002208426  -0.0000126215
       -0.0000938441   0.0003608205   0.0009407778   0.0003785647   0.0011444912
       -0.0013577486   0.0005323980  -0.0000816078   0.0002060256  -0.0000400910
       -0.0002294255   0.0000180510  -0.0000247427   0.0002481130   0.0006814222
        0.0005158463   0.0003833968   0.0004357648  -0.0002167823   0.1316445998
       -0.1850337411   0.0967046872   0.0028328977  -0.0009575324   0.0020666082
       -0.1558443653   0.2155829302  -0.1079263348
       -0.0001613591  -0.0028649195  -0.0000658473   0.0004875120   0.0001741048
       -0.0001605471  -0.0015520811  -0.0001722578   0.0005386233   0.0077141761
       -0.0077810455   0.0051616252   0.0000682378  -0.0001323750   0.0001795370
        0.0000821222  -0.0000108054   0.0000310545   0.0003420526  -0.0000093494
       -0.0000659797   0.0004722317  -0.0014777150   0.0002777242   0.0004180187
       -0.0005095931   0.0004650338   0.0000284559  -0.0001553978   0.0000952190
       -0.0000102307  -0.0000191352  -0.0001109074  -0.0002571976  -0.0003110922
       -0.0000760798  -0.0001613319   0.0000691734  -0.0000704477  -0.0892791521
        0.0969572999  -0.1166503428  -0.0233751184   0.0241694426  -0.0194029598
        0.1051836639  -0.1079263348   0.1298542945
