           2           3   1.06841761763749     
           1           4  0.987552240995971     
           1           5  0.963107245357268     
           2           6  0.961755375787416     
           3           7  0.983583230643267     
           4           8  0.973283779933170     
           1           9  0.968396391459163     
           2          10  0.931190762390622     
           3          11  0.985083335852975     
           4          12  0.967172522291889     
           1          13   1.00428842731744     
           2          13  0.957586989853128     
           4          14   1.02529488858733     
          14          15  0.962902487334496     
          14          16  0.962689890472883     
