0        -14.88687055         -5.07054445
   1      -19.9588049426      963.3
   2      -25.0529562667     1124.9
   3      -30.1432889322     1287.6
   4      -35.2328576469     1492.9
   5      -40.3209231103     1670.2
   6      -45.4086541298     1846.4
   7      -50.5057817579     2062.9
   8      -55.5954825236     2195.8
   9      -60.6851605038     2353.2
  10      -65.7739845207     2520.7
  11      -70.8703844893     2623.0
  12      -75.9588382682     2779.9
  13      -81.0499432305     2931.3
  14      -86.1367002545     3076.8
  15      -91.2270260979     3240.4
  16      -96.3120801832     3435.9
  17     -101.4002445204     3606.4
  18     -106.4948538386     3711.2
  19     -111.5905572377     3896.6
  20     -116.6833321858     4026.8
  21     -121.7747793665     4184.0
  22     -126.8693663810     4339.8
  23     -131.9647867240     4495.0
  24     -137.0502742032     4651.2
  25     -142.1411005245     4803.3
  26     -147.2271583425     4956.4
  27     -152.3235270206     5142.2
  28     -157.4147206428     5302.9
  29     -162.5017032580     5473.4
  30     -167.5910264367     5636.2
  31     -172.6806835638     5798.7
  32     -177.7713999641     5956.1
  33     -182.8602331771     6113.9
  34     -187.9588698033     6271.3
  35     -193.0498519257     6427.6
  36     -198.1378693054     6581.7
  37     -203.2242169409     6745.5
  38     -208.3175687841     6854.4
  39     -213.4081722262     7011.2
  40     -218.5068043037     7220.8
  41     -223.5969757809     7367.4
  42     -228.6954375340     7531.8
  43     -233.7868272480     7639.7
  44     -238.8769894631     7761.6
  45     -243.9711501329     7878.8
  46     -249.0612279159     8037.0
  47     -254.1499501193     8208.2
  48     -259.2397347591     8367.7
  49     -264.3279830911     8499.1
  50     -269.4190368055     8669.9
  51     -274.5094549519     8819.6
  52     -279.5948220339     8971.7
  53     -284.6840337145     9133.5
  54     -289.7862780119     9260.4
  55     -294.8764478779     9414.4
  56     -299.9690321108     9572.0
  57     -305.0604777650     9698.7
  58     -310.1597480682     9842.7
  59     -315.2556645633    10041.4
  60     -320.3403808370    10178.8
