$coord
          1.572904682552          0.867012018899          2.259653861697     h 
         -0.047449526720          1.041372918604          0.966636201572     c 
         -1.788897197025          0.868128640982          2.079901285431     h 
          0.038805881100         -1.088621325245         -0.977026692278     c 
          1.753313317522         -0.846220155089         -2.132821791077     h 
         -1.596616121511         -0.906820002224         -2.223448281770     h 
         -0.117788409821         -3.516600701525          0.298748262304     n 
         -0.142018149220         -4.934529790415         -0.988751671822     h 
          1.418838893929         -3.776351146563          1.416992477956     h 
          0.039659514220          3.366461783473         -0.334388307395     o 
         -0.107179840803          4.722532790516          0.868695553859     h 
$end
