0        -14.80819766         -5.07054445
   1      -19.8872182397      942.6
   2      -24.9721185782     1126.8
   3      -30.0518695976     1317.6
   4      -35.1344928995     1500.6
   5      -40.2234067159     1659.4
   6      -45.3091579961     1813.5
   7      -50.3930042012     2002.4
   8      -55.4779181444     2185.1
   9      -60.5657179849     2341.3
  10      -65.6555235475     2489.8
  11      -70.7502631673     2621.9
  12      -75.8349680766     2763.4
  13      -80.9267929701     2909.0
  14      -86.0094101368     3091.9
  15      -91.0985852197     3241.9
  16      -96.1834560397     3411.0
  17     -101.2745084738     3568.8
  18     -106.3595624667     3725.9
  19     -111.4479011923     3884.1
  20     -116.5352877059     4009.8
  21     -121.6229398380     4198.9
  22     -126.7131391312     4370.1
  23     -131.8002082893     4534.2
  24     -136.8899018339     4654.0
  25     -141.9824891377     4810.1
  26     -147.0725533950     4962.3
  27     -152.1638901646     5099.9
  28     -157.2504775501     5260.9
  29     -162.3382363613     5434.4
  30     -167.4291538071     5593.9
  31     -172.5165367968     5759.6
  32     -177.6125547222     5898.3
  33     -182.7066265077     6019.3
  34     -187.7906162086     6178.1
  35     -192.8853810856     6320.0
  36     -197.9745457674     6508.6
  37     -203.0655550719     6683.6
  38     -208.1556312225     6838.8
  39     -213.2444318565     6978.1
  40     -218.3311412149     7136.2
  41     -223.4185661106     7296.6
  42     -228.5105992752     7431.4
  43     -233.5961939696     7601.3
  44     -238.6886286085     7736.4
  45     -243.7811896868     7902.6
  46     -248.8752300114     8019.0
  47     -253.9659906099     8165.1
  48     -259.0509508153     8320.9
  49     -264.1427686405     8511.5
  50     -269.2404869847     8637.4
  51     -274.3349365015     8812.9
  52     -279.4245823124     8961.5
  53     -284.5163253695     9109.6
  54     -289.6149122796     9254.0
  55     -294.7053362663     9392.2
  56     -299.7943242562     9564.2
  57     -304.8883524394     9713.5
  58     -309.9854554866     9848.5
  59     -315.0763963847     9982.1
  60     -320.1642050674    10137.4
  61     -325.2551405207    10265.9
  62     -330.3404416344    10441.5
  63     -335.4404354272    10528.9
  64     -340.5300143649    10675.7
  65     -345.6196882302    10826.4
  66     -350.7181090482    10971.1
  67     -355.8109028122    11114.8
  68     -360.8990909862    11276.1
  69     -365.9938847804    11467.1
  70     -371.0841336017    11624.1
  71     -376.1746148983    11770.6
  72     -381.2611694737    11893.7
  73     -386.3504436116    12056.3
  74     -391.4424099730    12204.7
  75     -396.5354073152    12384.1
  76     -401.6270746720    12508.4
  77     -406.7187039711    12621.1
  78     -411.8117525162    12767.1
  79     -416.9073029449    12910.5
  80     -422.0013109828    13057.7
  81     -427.0942773822    13192.0
  82     -432.1826229204    13349.3
  83     -437.2738035791    13487.7
  84     -442.3669468064    13619.3
  85     -447.4602861317    13743.4
  86     -452.5503042988    13902.4
  87     -457.6419103122    14055.7
  88     -462.7309076702    14199.7
  89     -467.8239378383    14337.2
  90     -472.9144949758    14482.2
  91     -478.0122551736    14611.7
  92     -483.1022429431    14763.6
  93     -488.1976621391    14919.7
  94     -493.2903611171    15040.7
  95     -498.3751105750    15223.8
  96     -503.4647804720    15364.3
  97     -508.5614631273    15489.1
  98     -513.6516586013    15647.0
  99     -518.7576929315    15749.6
 100     -523.8554012571    15882.9
 101     -528.9474443255    16024.8
 102     -534.0493071935    16222.8
 103     -539.1414709115    16369.4
 104     -544.2352436688    16503.6
 105     -549.3283543269    16639.4
 106     -554.4229681780    16792.4
 107     -559.5108879167    16934.8
 108     -564.6034410049    17040.7
 109     -569.6977826454    17123.0
 110     -574.7899304777    17244.0
 111     -579.8815365379    17404.2
 112     -584.9706155158    17540.1
 113     -590.0624452020    17690.4
 114     -595.1535499297    17847.0
 115     -600.2391255982    18012.8
 116     -605.3257563430    18163.9
 117     -610.4211897980    18303.0
 118     -615.5205403935    18449.0
 119     -620.6135766309    18610.4
 120     -625.7066994740    18755.0
 121     -630.7958004055    18884.4
 122     -635.8840586405    19033.2
 123     -640.9731327293    19185.2
 124     -646.0777377632    19371.8
 125     -651.1688137480    19500.4
 126     -656.2606583592    19653.8
 127     -661.3516199597    19799.8
 128     -666.4444249950    19944.7
 129     -671.5380908605    20080.5
 130     -676.6300377513    20262.6
 131     -681.7271483594    20415.8
 132     -686.8174901803    20542.5
 133     -691.9066362416    20684.8
 134     -697.0024844934    20799.8
 135     -702.0933615251    20914.7
 136     -707.1898897604    21029.7
 137     -712.2892186758    21162.6
 138     -717.3855168393    21297.2
 139     -722.4765805479    21421.0
 140     -727.5690215737    21552.7
 141     -732.6628432513    21688.1
 142     -737.7582502233    21841.9
 143     -742.8496720544    21971.5
 144     -747.9430999410    22075.7
 145     -753.0369090962    22202.1
 146     -758.1286250161    22360.0
 147     -763.2250675633    22529.6
 148     -768.3165465893    22667.0
 149     -773.4081004940    22810.9
 150     -778.4994123113    22956.6
 151     -783.5937232377    23077.1
 152     -788.6887355953    23192.1
 153     -793.7877691839    23319.4
 154     -798.8836904972    23447.3
 155     -803.9878339285    23595.4
 156     -809.0747469337    23768.8
 157     -814.1734417969    23918.9
 158     -819.2669088956    24049.7
 159     -824.3571527742    24201.8
 160     -829.4418592426    24352.2
 161     -834.5366730053    24508.0
 162     -839.6300081960    24650.2
 163     -844.7232754032    24783.4
 164     -849.8168556659    24919.1
 165     -854.9235415001    24987.9
 166     -860.0162272365    25081.8
 167     -865.1025652429    25243.2
 168     -870.1912357564    25386.3
 169     -875.2856153865    25517.5
 170     -880.3939979102    25621.9
 171     -885.5214715795    25660.8
 172     -890.6144872243    25806.2
 173     -895.7132200870    25939.8
 174     -900.8071383820    26053.3
 175     -905.9093378679    26181.5
 176     -910.9983471359    26332.6
 177     -916.0899656516    26462.1
 178     -921.1849271075    26596.4
 179     -926.2773180322    26717.2
 180     -931.3763564187    26800.6
 181     -936.4618269138    26943.5
 182     -941.5509891800    27072.9
 183     -946.6448785657    27228.4
 184     -951.7365801487    27368.7
 185     -956.8254351322    27512.6
 186     -961.9216047075    27634.1
 187     -967.0172990446    27737.0
 188     -972.1085140265    27860.8
 189     -977.1997263724    27996.1
 190     -982.2896027630    28149.3
 191     -987.3878614838    28301.9
 192     -992.4803846467    28448.4
 193     -997.5869868484    28558.9
 194    -1002.6832697072    28707.0
 195    -1007.7754933223    28833.7
 196    -1012.8632082921    28966.1
 197    -1017.9541970008    29160.9
 198    -1023.0488793632    29291.1
 199    -1028.1468194199    29392.7
 200    -1033.2407340034    29545.4
 201    -1038.3361177373    29658.8
 202    -1043.4404091629    29742.0
 203    -1048.5327416007    29878.2
 204    -1053.6269710609    29995.7
 205    -1058.7206798730    30105.8
 206    -1063.8123304805    30236.3
 207    -1068.9051280050    30369.2
 208    -1074.0055901019    30503.2
 209    -1079.0961609305    30651.5
 210    -1084.1872601687    30755.8
 211    -1089.2769836059    30897.1
 212    -1094.3655633385    31054.2
 213    -1099.4626292045    31179.3
 214    -1104.5545450746    31320.2
 215    -1109.6475598528    31436.9
 216    -1114.7447629516    31594.8
 217    -1119.8464910669    31710.9
 218    -1124.9413279111    31853.0
 219    -1130.0354352465    31958.1
 220    -1135.1305468362    32106.0
 221    -1140.2219807232    32268.8
 222    -1145.3170492920    32393.0
 223    -1150.4111318660    32509.5
 224    -1155.5037534746    32668.8
 225    -1160.5965982294    32830.1
 226    -1165.6895937752    32992.2
 227    -1170.7878644858    33115.0
 228    -1175.8814699274    33236.5
 229    -1180.9720646207    33376.2
 230    -1186.0694880705    33520.6
 231    -1191.1593056753    33650.0
 232    -1196.2585062968    33725.9
 233    -1201.3514713753    33846.7
 234    -1206.4437024067    33998.4
 235    -1211.5360343320    34119.8
 236    -1216.6299763853    34257.8
 237    -1221.7247798398    34407.2
 238    -1226.8223606887    34525.4
 239    -1231.9151133328    34675.4
 240    -1237.0137542680    34776.4
 241    -1242.1049317396    34920.5
 242    -1247.1999572256    35052.6
 243    -1252.2933710189    35199.0
 244    -1257.3892805442    35339.3
 245    -1262.4824963007    35518.0
 246    -1267.5813165384    35616.8
 247    -1272.6812347819    35736.5
 248    -1277.7681944583    35864.7
 249    -1282.8644724155    36001.3
 250    -1287.9573452914    36122.2
