           1           2  0.851123804195549     
           1           3  0.869992259410237     
           4           5  0.815565328442167     
           4           6  0.812250398811004     
           7           8  0.840197507852236     
           7           9  0.797995014665070     
          10          11  0.803960735390554     
          10          12  0.819140523654273     
          13          14  0.840326044157652     
          13          15  0.789267451451003     
          16          17  0.781900152293748     
          16          18  0.805665898926097     
          19          20  0.841906883391206     
          19          21  0.791184882279217     
          22          23  0.811165803863307     
          22          24  0.812446436656381     
          25          26  0.831771435583835     
          25          27  0.882064702263320     
          28          29  0.798310970027366     
          28          30  0.845339465914910     
          31          32  0.809581047417136     
          31          33  0.817218348250529     
          34          35  0.841195845669106     
          34          36  0.795906508934344     
          37          38  0.821335654165586     
          37          39  0.838624461302037     
          40          41  0.810718184099096     
          40          42  0.820798481582331     
          43          44  0.807807768645210     
          43          45  0.843390281144730     
          46          47  0.818953496142683     
          46          48  0.839569749023867     
          49          50  0.792759445068794     
          49          51  0.789280029917209     
          52          53  0.815580136614742     
          52          54  0.821936086430308     
          55          56  0.824960213279304     
          55          57  0.830837782614820     
          58          59  0.814321649932396     
          58          60  0.811880606629985     
          61          62  0.854409605905993     
          61          63  0.821428314777271     
          64          65  0.833519022551102     
          64          66  0.819633659907817     
          67          68  0.832917325321448     
          67          69  0.853131716733703     
          70          71  0.815740396757422     
          70          72  0.826329760634252     
          73          74  0.832977256842207     
          73          75  0.811194081563704     
          76          77  0.800006032826133     
          76          78  0.809357378994851     
          79          80  0.848812052788264     
          79          81  0.862408792074299     
          82          83  0.837535028273082     
          82          84  0.801699587124040     
          85          86  0.818207811713529     
          85          87  0.826839518160697     
          88          89  0.849011778442724     
          88          90  0.853488438479580     
          91          92  0.843091171233954     
          91          93  0.877127062564197     
          94          95  0.837103455149285     
          94          96  0.835901644291586     
          97          98  0.805976998199066     
          97          99  0.831607994748664     
         100         101  0.797724508794561     
         100         102  0.848891179442237     
         103         104  0.827119159922146     
         103         105  0.816283780035398     
         106         107  0.799287587170684     
         106         108  0.886462053566297     
         109         110  0.840111489414041     
         109         111  0.832797975662331     
         112         113  0.852127607790784     
         112         114  0.856974372456301     
         115         116  0.802269052043385     
         115         117  0.842644848630278     
         118         119  0.793696655305709     
         118         120  0.802346787275495     
         121         122  0.873647842127487     
         121         123  0.852382232250816     
         124         125  0.808884810417400     
         124         126  0.802651061683257     
         127         128  0.802835043619203     
         127         129  0.808088969197854     
         130         131  0.803933709943008     
         130         132  0.907597406481585     
         133         134  0.852433783622089     
         133         135  0.821900779855093     
         136         137  0.817554445310110     
         136         138  0.791535515695118     
         139         140  0.821493575320927     
         139         141  0.773470708209982     
         142         143  0.824704673946054     
         142         144  0.838012837290684     
         145         146  0.858274223538152     
         145         147  0.879227096642204     
         148         149  0.782594017162430     
         148         150  0.815479023201845     
         151         152  0.816456364870819     
         151         153  0.812860926576901     
         154         155  0.808090115114397     
         154         156  0.817564631990128     
         157         158  0.905320614080488     
         157         159  0.790602266012638     
         160         161  0.787386734066317     
         160         162  0.807178252047060     
         163         164  0.842818684123593     
         163         165  0.876702935175970     
         166         167  0.813616013275523     
         166         168  0.842825902905107     
         169         170  0.860227947022354     
         169         171  0.793159013857888     
         172         173  0.811455598067458     
         172         174  0.818574039798341     
         175         176  0.809544281109366     
         175         177  0.865191527497048     
         178         179  0.821193563516633     
         178         180  0.824724515759095     
         181         182  0.913099312247644     
         181         183  0.785809898624746     
         184         185  0.801553216020552     
         184         186  0.852074536005230     
         187         188  0.862399757937557     
         187         189  0.855622035337953     
         190         191  0.837901341235646     
         190         192  0.783709984429425     
         193         194  0.816348725260657     
         193         195  0.824211622973002     
         196         197  0.788087943162316     
         196         198  0.842375698005820     
         199         200  0.830828173682172     
         199         201  0.843468292438114     
         202         203  0.800793780570231     
         202         204  0.831096835086495     
         205         206  0.815056764731024     
         205         207  0.801404712217961     
         208         209  0.823512936201592     
         208         210  0.808182834356409     
         211         212  0.872780026146731     
         211         213  0.828408668970418     
         214         215  0.806574948811730     
         214         216  0.810957783816964     
         217         218  0.803130843236824     
         217         219  0.793698106123481     
         220         221  0.800289394026184     
         220         222  0.817211906487356     
         223         224  0.810487093480844     
         223         225  0.826226019655844     
         226         227  0.821738341651565     
         226         228  0.804325947379523     
         229         230  0.812215267331781     
         229         231  0.807623658144634     
         232         233  0.801566019989955     
         232         234  0.828051690425507     
         235         236  0.841317617886728     
         235         237  0.836707519338570     
         238         239  0.888051963081638     
         238         240  0.852266381348590     
         241         242  0.827741874631496     
         241         243  0.835777798757224     
         244         245  0.786185061104768     
         244         246  0.915159491619458     
         247         248  0.848900997585317     
         247         249  0.839152773485820     
         250         251  0.834408007799238     
         250         252  0.844331427293170     
         253         254  0.824866029824158     
         253         255  0.823936803764844     
         256         257  0.819497292590003     
         256         258  0.828063462707289     
         259         260  0.839395757141505     
         259         261  0.854265836897273     
         262         263  0.880897291490624     
         262         264  0.850894743921959     
         265         266  0.818366915027193     
         265         267  0.814697477967898     
         268         269  0.844209591046703     
         268         270  0.901994885765117     
         271         272  0.836351980625870     
         271         273  0.807892140382103     
         274         275  0.826127660868906     
         274         276  0.802908637960016     
         277         278  0.834955534800247     
         277         279  0.817423330530471     
         280         281  0.832112549544200     
         280         282  0.801424480099538     
         283         284  0.815501759263116     
         283         285  0.819960303107682     
         286         287  0.795019409616390     
         286         288  0.806838119632354     
         289         290  0.841761386818057     
         289         291  0.858936733950962     
         292         293  0.872487714210076     
         292         294  0.839873068385147     
         295         296  0.795049183516661     
         295         297  0.814328402373358     
         298         299  0.825318142617156     
         298         300  0.821365540725766     
         301         302  0.836564236260162     
         301         303  0.812644578897002     
         304         305  0.839420154672511     
         304         306  0.820165498934807     
         307         308  0.811539578580141     
         307         309  0.802562492654513     
         310         311  0.810462731890745     
         310         312  0.824583084318591     
         313         314  0.827877535410153     
         313         315  0.869793913091390     
         316         317  0.860680677801379     
         316         318  0.839528465481739     
         319         320  0.836275765586823     
         319         321  0.811244439171110     
         322         323  0.853110033272513     
         322         324  0.834199789780063     
         325         326  0.811699833149076     
         325         327  0.809256232134264     
         328         329  0.869881272241396     
         328         330  0.862036300025267     
         331         332  0.867981292158902     
         331         333  0.815362660125448     
         334         335  0.807041213602509     
         334         336  0.874203216490317     
         337         338  0.794812414445505     
         337         339  0.824188725847043     
         340         341  0.794960792111849     
         340         342  0.798118697269435     
         343         344  0.806885736516971     
         343         345  0.833012838974323     
         346         347  0.822806909330536     
         346         348  0.845207240989513     
         349         350  0.821356071553058     
         349         351  0.841539594529590     
         352         353  0.855039652204405     
         352         354  0.816985241757830     
         355         356  0.816845869529442     
         355         357  0.889552989864556     
         358         359  0.775650460334234     
         358         360  0.823412935476861     
         361         362  0.863871655587270     
         361         363  0.855476231696076     
         253         365  0.106314868643072     
         364         365  0.761041978380846     
         364         366  0.818308015147052     
         367         368  0.862764976990076     
         367         369  0.844583379552034     
         370         371  0.793192765901391     
         370         372  0.858860635906469     
         373         374  0.858527802240184     
         373         375  0.810091309421207     
         376         377  0.828023037764091     
         376         378  0.828918471009198     
         379         380  0.807273100181256     
         379         381  0.829628049167130     
         382         383  0.849555811609358     
         382         384  0.864093424779502     
         385         386  0.800353438210500     
         385         387  0.825406681924240     
         388         389  0.832005045152336     
         388         390  0.846703462531936     
         391         392  0.859118607926481     
         391         393  0.864911113538743     
         394         395  0.802659027340570     
         394         396  0.816025461842229     
         397         398  0.875209670674418     
         397         399  0.822278434702728     
         400         401  0.816614991459678     
         400         402  0.862186177842945     
         403         404  0.817976318039091     
         403         405  0.803385414184508     
         406         407  0.828645779394008     
         406         408  0.808396851121149     
         409         410  0.887095732342371     
         409         411  0.825995220410991     
         412         413  0.812269801846935     
         412         414  0.812492969294054     
         415         416  0.840926764022264     
         415         417  0.781421420150069     
         418         419  0.876166727038644     
         418         420  0.849982848678064     
         421         422  0.841694888950425     
         421         423  0.834147130334521     
         424         425  0.911170619266730     
         424         426  0.813723286919303     
         427         428  0.863670312393845     
         427         429  0.869116054806312     
         430         431  0.839482492599684     
         430         432  0.827788899874091     
         433         434  0.827477907679604     
         433         435  0.818792057569903     
         436         437  0.828695308632426     
         436         438  0.816806939676984     
         439         440  0.813271229606600     
         439         441  0.827813075691410     
         442         443  0.847253146008033     
         442         444  0.856754371799846     
         445         446  0.816030730780523     
         445         447  0.904343417665227     
         448         449  0.816843216951591     
         448         450  0.853276812376223     
         451         452  0.898361080567972     
         451         453  0.797497779312327     
         454         455  0.872193500679071     
         454         456  0.833102659351127     
         457         458  0.818046980995259     
         457         459  0.871317169668964     
         460         461  0.879342552564440     
         460         462  0.862777649228413     
         463         464  0.851721835412463     
         463         465  0.807597326095403     
         466         467  0.885416530789396     
         466         468  0.832061123268448     
         469         470  0.839106161996902     
         469         471  0.856165609890791     
         472         473  0.840441988356642     
         472         474  0.877906532611217     
         475         476  0.800085257482684     
         475         477  0.868836730755056     
         478         479  0.830680418731950     
         478         480  0.799774933331942     
         481         482  0.823984290838462     
         481         483  0.836236509187938     
         484         485  0.860591616053432     
         484         486  0.819004235574860     
         487         488  0.835430410212404     
         487         489  0.876207747386137     
         490         491  0.821757174891761     
         490         492  0.832260176870710     
         493         494  0.826535833128079     
         493         495  0.812299588608808     
         496         497  0.801522087823537     
         496         498  0.804861882737646     
         499         500  0.819457437872474     
         499         501  0.871719708871934     
         502         503  0.876238588866716     
         502         504  0.818670451422836     
         505         506  0.813544650692602     
         505         507  0.785688886312178     
         508         509  0.800130862155550     
         508         510  0.900652141418896     
         511         512  0.840651746590670     
         511         513  0.818824136763074     
         514         515  0.812700046867349     
         514         516  0.896133661875194     
         517         518  0.831200497316710     
         517         519  0.793222730642395     
         520         521  0.826202813912362     
         520         522  0.833297430862882     
         523         524  0.895048161053920     
         523         525  0.813922502081263     
         526         527  0.831883684413327     
         526         528  0.844890670408187     
         529         530  0.832011950803567     
         529         531  0.823085897710986     
         532         533  0.814075851531483     
         532         534  0.837665297820975     
         535         536  0.821836341263327     
         535         537  0.820137200984030     
         538         539  0.853810430908971     
         538         540  0.802168454007174     
         304         542  0.109928272397405     
         541         542  0.754242528975632     
         541         543  0.915842028543820     
         544         545  0.834497381174545     
         544         546  0.808421070965259     
         547         548  0.841365805697680     
         547         549  0.805886300649735     
         550         551  0.862228269450847     
         550         552  0.843350286836220     
         553         554  0.839588701418990     
         553         555  0.905361809662866     
         556         557  0.882978555736635     
         556         558  0.815396617281368     
         559         560  0.857310294018675     
         559         561  0.854379627674236     
         562         563  0.810112233660997     
         562         564  0.814416676384379     
         565         566  0.836638092623944     
         565         567  0.796573247278979     
         568         569  0.821939951145754     
         568         570  0.838800234212838     
         571         572  0.785133531512279     
         571         573  0.861298926029250     
         574         575  0.802750584629506     
         574         576  0.818656890283027     
         577         578  0.802637421868325     
         577         579  0.858145630395811     
         580         581  0.816947336367407     
         580         582  0.903737382663066     
         583         584  0.843349459021507     
         583         585  0.802030022317957     
         586         587  0.864153105240643     
         586         588  0.863226328566747     
         589         590  0.872193571448630     
         589         591  0.819811974273422     
         592         593  0.831673889359086     
         592         594  0.836477378957249     
         595         596  0.846243834648525     
         595         597  0.814026876165678     
         598         599  0.858081046267877     
         598         600  0.838138401849097     
         601         602  0.820067498601556     
         601         603  0.835348334003647     
         604         605  0.848269419755714     
         604         606  0.801229948427858     
         607         608  0.854757099337370     
         607         609  0.887531865328295     
         610         611  0.773690863759037     
         610         612  0.878048368441644     
         613         614  0.881479017615394     
         613         615  0.841223706255216     
         616         617  0.842795542365194     
         616         618  0.873163353038318     
         619         620  0.820818419377576     
         619         621  0.801590008327712     
         622         623  0.806653830348021     
         622         624  0.891580986576499     
         625         626  0.797281329820927     
         625         627  0.793858017509819     
         628         629  0.833799512021680     
         628         630  0.846061144518575     
         631         632  0.802485834410516     
         631         633  0.805306785549958     
         634         635  0.850845726011233     
         634         636  0.875574337657460     
         637         638  0.868573639753815     
         637         639  0.846874069958350     
         640         641  0.833263985214303     
         640         642  0.874695056278818     
         643         644  0.798850441952260     
         643         645  0.834765940749676     
         646         647  0.875051870317006     
         646         648  0.872436865159080     
         649         650  0.791296287847202     
         649         651  0.833302764764294     
         652         653  0.854314817084173     
         652         654  0.797675991610818     
         655         656  0.827670656055754     
         655         657  0.807704542384256     
         658         659  0.818371258982985     
         658         660  0.794058567107680     
         661         662  0.891328885490354     
         661         663  0.831905604632301     
         664         665  0.808839274329707     
         664         666  0.828336589553894     
         667         668  0.841573706224296     
         667         669  0.899569885486411     
         670         671  0.825265559721449     
         670         672  0.831585332450992     
         673         674  0.847882686245633     
         673         675  0.855391255811589     
         676         677  0.858120314805023     
         676         678  0.815898365634957     
         679         680  0.818804999971695     
         679         681  0.802247925509335     
         682         683  0.815963510078373     
         682         684  0.813230492680355     
         685         686  0.809975113511430     
         685         687  0.788962718619918     
         688         689  0.838346314839945     
         688         690  0.822890121896546     
         691         692  0.861384326091263     
         691         693  0.848506887928258     
         694         695  0.818626409542259     
         694         696  0.790655903219400     
         697         698  0.805923718685973     
         697         699  0.865252328798152     
         700         701  0.810541461503733     
         700         702  0.832949989479615     
         703         704  0.810457833143386     
         703         705  0.836027833478959     
         706         707  0.788370682738483     
         706         708  0.908622088901930     
         709         710  0.851331085828482     
         709         711  0.844650183697282     
         712         713  0.876272437316786     
         712         714  0.817422566566503     
         715         716  0.823355884557462     
         715         717  0.839763801695168     
         718         719  0.776915477615721     
         718         720  0.831555826889622     
         721         722  0.863761827367434     
         721         723  0.835475401555000     
         724         725  0.844162553224916     
         724         726  0.822279079803524     
         727         728  0.858679328636983     
         727         729  0.802382157188636     
         730         731  0.813402019816706     
         730         732  0.886039902883764     
         733         734  0.861521949675511     
         733         735  0.844940119526220     
         736         737  0.848491428197784     
         736         738  0.853539393883268     
         739         740  0.858514368491999     
         739         741  0.821224658212336     
         742         743  0.787085677290568     
         742         744  0.880583619540541     
         745         746  0.835350929453579     
         745         747  0.888966590744418     
         748         749  0.857472658502891     
         748         750  0.878136746768003     
         751         752  0.850086883755383     
         751         753  0.883743624821248     
         754         755  0.878466029015700     
         754         756  0.856404126471410     
