    0.05250452
   -0.15075321
    0.05589952
    0.05216602
   -0.03341091
    0.05877654
   -0.01828916
    0.05094729
    0.03851531
   -0.14133776
    0.04641282
    0.04408765
    0.04677607
   -0.38045021
    0.18588083
    0.17474017
   -0.65228396
    0.33116508
    0.31960392
   -0.62326094
    0.28501136
    0.34268759
   -0.63428524
    0.31766118
    0.31332078
   -0.62553287
    0.31754309
    0.31471520
   -0.61887380
    0.33982305
    0.28219638
   -0.61796338
    0.28180010
    0.33907424
   -0.61257491
    0.32793668
    0.30507541
   -0.62989527
    0.33491127
    0.27776363
   -0.65826169
    0.32994754
    0.31667522
   -0.63322801
    0.28344039
    0.34839277
   -0.65919678
    0.32105018
    0.32669812
   -0.64077810
    0.31541779
    0.33135350
   -0.64192153
    0.34791282
    0.27861426
   -0.64005883
    0.32013307
    0.30774918
   -0.67053622
    0.31580398
    0.33705647
   -0.63410487
    0.30850376
    0.31317709
   -0.66784755
    0.32393491
    0.31315951
   -0.61952324
    0.33818491
    0.28809898
   -0.63430600
    0.27927558
    0.34365665
   -0.61067876
    0.34228560
    0.28564276
   -0.62435466
    0.31215075
    0.31399397
   -0.61530503
    0.33320875
    0.28102967
   -0.63596311
    0.31511111
    0.31803642
   -0.62172945
    0.31293139
    0.31169328
   -0.63575308
    0.31009230
    0.32105012
