    0.05466369
   -0.16175511
    0.06225317
    0.06304028
   -0.02719171
    0.04789619
   -0.00243995
    0.03552025
    0.02905005
   -0.16074324
    0.05997334
    0.05912236
    0.05697666
   -0.36085829
    0.17644069
    0.13550017
   -0.63146548
    0.34633443
    0.28061465
   -0.63699080
    0.31508076
    0.32359567
   -0.64010289
    0.32205320
    0.32286115
   -0.61155678
    0.27659062
    0.32742471
   -0.64419043
    0.34382783
    0.28116960
   -0.64138953
    0.34566154
    0.28640719
   -0.64212641
    0.33063417
    0.30809503
   -0.62047159
    0.32387371
    0.31045704
   -0.62946746
    0.32311298
    0.30753677
   -0.61574148
    0.29868985
    0.31677149
   -0.65908908
    0.32388896
    0.30717437
   -0.63254172
    0.32455934
    0.31286502
   -0.62211197
    0.28221373
    0.34082584
   -0.66627699
    0.33675014
    0.32324829
   -0.62584114
    0.31042499
    0.31622578
   -0.64389408
    0.30874000
    0.32476316
   -0.60838362
    0.27901236
    0.33101600
   -0.64015409
    0.28942360
    0.34978765
   -0.63040835
    0.30770774
    0.31358538
   -0.66815209
    0.33118376
    0.33463653
   -0.62484491
    0.28428513
    0.34661577
   -0.67088093
    0.33092638
    0.32651314
   -0.62019561
    0.31205258
    0.30871091
   -0.63331878
    0.32649049
    0.32301785
   -0.63623719
    0.31816821
    0.31277934
