$coord
         -6.020562054181         -1.014552397412         -0.066268995114     c 
         -3.698916599945          0.664050157011          0.221272443685     c 
         -1.251237545241         -0.820123304197         -0.144666903998     c 
          1.080440698665          0.850842034699          0.146732875503     c 
          3.527031791754         -0.639044360029         -0.231582005621     c 
          5.706446217358          0.840445188551          0.145887624717     o 
         -7.740679515696          0.077317631422          0.202094314307     h 
         -5.990263175734         -2.529667743066          1.322611455185     h 
         -6.073195907628         -1.858190814007         -1.940269997769     h 
         -3.700188531391          1.520466082128          2.099224435418     h 
         -3.783623148374          2.193389493729         -1.163028391965     h 
         -1.246805510208         -1.676757281868         -2.023772614567     h 
         -1.168378943222         -2.350630189650          1.237618935165     h 
          1.104051844727          1.697471381262          2.028901694455     h 
          1.002890155131          2.388230493397         -1.234904779366     h 
          3.545628052115         -1.484416723045         -2.132064200088     h 
          3.654623253216         -2.163569180182          1.154735777437     h 
          5.641704477159          2.271348214121         -0.979010303100     h 
$end
