$coord
           -4.8725757668          -11.7824790967          -11.0559770618     O 
           -5.5341832478          -10.6830786574          -12.3506598078     H 
           -6.2681677756          -12.3458359764          -10.0153547845     H 
            3.5334916013           -3.7328158464           -4.6693347579     O 
            2.1918328807           -3.7165386498           -5.9254978107     H 
            4.7984843525           -2.5649739724           -5.2360534487     H 
            5.9922308804            2.7282498547           -2.5930299029     O 
            7.2089979842            3.9313479772           -3.3069088589     H 
            6.9761717312            1.6386237103           -1.4691168825     H 
            8.9700114092            0.8722558579            1.0476605368     O 
           10.7022359228            0.6108540017            0.4692263381     H 
            8.9910199775            2.6516007332            1.5681292571     H 
            2.8215159580            1.3840275612           -6.3864828336     O 
            1.2228791997            0.9461110721           -5.5754543616     H 
            3.9684315804            1.8376709523           -5.0298678940     H 
           -7.3129522383          -13.5643736655            0.0676425793     O 
           -9.0579044364          -14.0676958776            0.2943093448     H 
           -7.3740625499          -11.7017494200            0.1345719905     H 
            7.7658817526           -2.7749487408            4.5572353908     O 
            6.1455912387           -2.3571010266            5.2555725894     H 
            8.2449811388           -1.4389521239            3.3849961529     H 
           -3.1266952146           -6.6572668024            0.4125676901     O 
           -2.0432772843           -8.1397764469            0.3315590592     H 
           -4.8364587031           -7.3228759080            0.4762306209     H 
            6.9757775190           -7.4120950416            2.8744683192     O 
            5.3288874907           -7.3306508416            2.0478781403     H 
            7.4015870729           -5.6598663368            3.3329482841     H 
            5.0936100971            2.2253867732            4.4062094418     O 
            6.7334710169            2.3456011946            5.2615570221     H 
            4.9743863049            3.6636817912            3.2834810077     H 
            3.9121086439            5.2939279314            8.6438294951     O 
            2.5973373657            5.1769256224            7.3670938797     H 
            4.4761615905            3.5576232758            8.9884787648     H 
           -2.0894645182            2.3115838392            7.6965570739     O 
           -1.1481609548            2.9684177119            6.2637432213     H 
           -2.2745957455            0.4804443118            7.4808369307     H 
           -0.1329775342           -8.3924721446          -12.6854991981     O 
           -1.8862789614           -7.9372015496          -12.7713989902     H 
            0.0777365828           -9.3756210036          -11.1386043363     H 
            0.4487477990            5.2911044150            4.6438478116     O 
            1.7220011699            5.5113919508            3.3535618452     H 
           -0.6463676818            6.7672755677            4.5351440570     H 
            9.4983647822            6.0986990354           -3.5285708526     O 
            9.8177821925            6.2195177298           -1.7267972076     H 
            9.0915836914            7.7901219495           -4.1328605564     H 
           -5.5610875494           -2.8533072332          -11.7507712622     O 
           -4.0656401192           -2.3726866349          -12.7431360172     H 
           -5.1585267215           -2.7567252166           -9.9585157941     H 
           -1.5287347009            0.4402239873           -4.1215737511     O 
           -2.7638997420            1.3204372544           -5.1315065804     H 
           -1.8574375679            0.9641748799           -2.3363359093     H 
          -13.9837528589            0.2348465219           -7.7466493624     O 
          -14.0486402320            1.0880062900           -9.3657210599     H 
          -12.8537287742           -1.1922116273           -7.9073351311     H 
          -11.4131227861           -0.7244177165           -2.8548432355     O 
          -13.1672590729           -1.1928425358           -3.1526583958     H 
          -11.4848502507            0.7985364658           -1.8481961776     H 
           -5.8986492855            5.7513676765            2.6999940646     O 
           -4.9623341266            6.8660949775            3.7965634704     H 
           -5.9387425580            4.0776559189            3.4358217649     H 
           -4.2569847380            3.3305768672           -7.4597596788     O 
           -5.9847149859            2.7504512936           -7.1547877477     H 
           -4.3870360771            5.0247149294           -8.1600147964     H 
            5.0908930321           -1.7097735997           -9.5090992797     O 
            3.8911636764           -2.4826103087          -10.6717900304     H 
            4.1454785623           -0.5257910124           -8.4336231782     H 
           -7.3271896113           -3.4991885694           -0.9729550289     O 
           -8.9875443476           -2.8832257556           -1.4630745516     H 
           -6.2494882870           -2.0502283452           -1.2921945421     H 
           -6.4003552065            1.1593375142           -2.5422478521     O 
           -7.9197556993            1.6083182471           -1.6477107489     H 
           -5.4531002162            2.7589358069           -2.5866224218     H 
           -6.2238817596           -4.4855512665            4.2185834301     O 
           -6.5810722307           -4.1446421131            2.4469866764     H 
           -5.4297748696           -6.1454760626            4.2847684865     H 
          -10.2233545391            3.6626415175            0.1012015439     O 
           -8.9507651884            4.9901249152            0.1695567892     H 
          -11.7917168071            4.6186608449           -0.0752701970     H 
           -1.7899506804           -1.9590069930          -14.9857703793     O 
           -0.1646961642           -2.6298183584          -14.4270073079     H 
           -1.5196599725           -0.2060815019          -15.3467375947     H 
            8.1167989724           -3.3686335140           -1.5159237491     O 
            7.5763082520           -5.0606878963           -2.0493563968     H 
            6.6820131867           -2.6146973644           -0.6431982206     H 
          -13.0499207266           -6.1961830389           -4.1519956549     O 
          -14.7312741952           -6.1867256097           -4.8366807808     H 
          -11.9896208802           -5.2014016356           -5.3388434460     H 
            9.7172622750            5.7012422556            1.7870764713     O 
            8.6479897475            6.4764650512            3.0706211801     H 
           11.3809615753            5.5143010864            2.5512253316     H 
          -14.3637537949           -2.9901450952          -12.4496499664     O 
          -12.7569677112           -2.1745097354          -12.0884814442     H 
          -14.4172295312           -4.5457962285          -11.4910479929     H 
           -9.8831165219           -2.8866502276            7.3234387885     O 
           -8.5655315519           -3.7089525574            6.3154639302     H 
          -10.4774627997           -1.5164510384            6.2576409963     H 
            6.2946994706            6.8603113577          -13.7640077763     O 
            7.9938197354            6.2498571144          -14.0691866803     H 
            5.2987911126            5.3729518349          -13.3895098268     H 
            7.9755478552           -8.4897815467            7.6068924326     O 
            7.4764341886           -8.5768051036            5.8247446143     H 
            6.9412695787           -7.0837531074            8.2650716633     H 
           11.7822228451           -4.3475996684            1.6985419130     O 
           12.4199571467           -2.7857672323            2.3867620258     H 
           10.4443702564           -3.9167839049            0.4844848008     H 
          -11.9369857123           -5.9409469111            0.6815702893     O 
          -13.1891554516           -7.1638830450            1.2609324522     H 
          -12.3608607739           -5.6631721539           -1.0900596214     H 
            4.1792108782            5.8606405665            0.8350438324     O 
            2.7345471294            6.8141985839            0.2093940416     H 
            4.7325917289            4.7504083533           -0.5584947923     H 
           -3.2059845461           -2.5250379483            7.7952389101     O 
           -4.0702788215           -3.3763979388            6.4144628076     H 
           -1.7160445878           -3.5909033725            8.2497521273     H 
           -4.3949006643            5.6291655261           -2.2201753445     O 
           -4.9029227290            5.8924302486           -0.4711851762     H 
           -5.2193281333            6.9235819978           -3.2241307933     H 
            9.3873727898           -0.8254175075           -5.6227545358     O 
           10.7918751191            0.3219723860           -5.2869286607     H 
            9.0444519430           -1.7609072674           -4.0569573330     H 
           10.7119600772          -13.3063197746           -2.8738677291     O 
           10.5646426987          -11.8570285545           -1.7003266505     H 
           12.1882523935          -12.9472313697           -3.8782587077     H 
            7.3480228005            2.9650784843           -8.4143461977     O 
            8.7169878182            4.1786116250           -8.5728416476     H 
            7.9660615849            1.5382735919           -7.4391137223     H 
          -10.4463364182           -3.8668693001           -7.5898299345     O 
          -10.1583564662           -5.3738320422           -8.5918680400     H 
           -8.7454930618           -3.2669472895           -7.1182990127     H 
           -9.0190537948            4.6357955363          -13.1835931389     O 
           -9.1273405280            6.2796207698          -13.9528296528     H 
           -7.2333813199            4.1155690139          -13.3550180414     H 
           14.3406910592           -2.6358526910           -3.2835100683     O 
           14.2794288687           -1.1808781332           -2.1664884143     H 
           15.2516346337           -2.1745006488           -4.8208271228     H 
           12.8272285767            2.8673299556           -5.7655140045     O 
           14.4545842193            3.0002791473           -4.8951064422     H 
           11.7856335682            4.2390860531           -5.1116354512     H 
            3.4573725987           -7.9380783245           -8.5328605683     O 
            5.1379776151           -7.2005155499           -8.2660394598     H 
            2.8035952210           -8.4336508343           -6.8873437823     H 
          -16.4755323568           -1.5209479243           -3.4619875758     O 
          -16.8313150798           -3.0677392719           -4.3725981772     H 
          -16.7753586815           -0.1894292589           -4.7086201932     H 
            1.5996221414           10.0537186143            8.8792020504     O 
            3.2379099674           10.0971121728            9.7149868520     H 
            1.9658780566           10.1871339073            7.0677820281     H 
           -9.6117731522            6.4567667484           -8.2883067846     O 
           -9.6742139989            4.8501214242           -7.3553994416     H 
           -9.2600402973            5.9634739480          -10.0210079384     H 
            6.1355197213           -7.7289233103           -2.8280196333     O 
            6.7199000288           -8.8562116651           -4.1745652051     H 
            4.7866447464           -6.7058374725           -3.5549823847     H 
           -1.0642686088            0.4703532436          -10.3617559194     O 
           -0.6142789581           -1.2094041573           -9.7340146793     H 
           -2.0604435754            1.2743016227           -9.0487595376     H 
            8.1285552588           15.4343795021           -2.1750518548     O 
            6.9191460723           15.2891890902           -0.7964833360     H 
            8.1593405941           13.8031797277           -3.0250830130     H 
            9.7168373548            6.5808587833            9.6587235820     O 
            9.9749399789            5.7846581068           11.2722942235     H 
            9.4305980166            5.1707637741            8.4676592484     H 
            5.3984037921            5.5721957554           13.7519475102     O 
            3.9067756268            4.8987322730           14.5891659277     H 
            4.9246496664            5.6395474182           11.9776574301     H 
           13.8588564492            1.1312111182            0.2209791874     O 
           14.2215913668            2.9340056646            0.1744803839     H 
           14.3134486312            0.6017465792            1.9263571649     H 
          -15.6599116952            5.3181632246            5.0487450054     O 
          -13.9706460941            4.6955672642            5.4007503285     H 
          -16.5555513933            5.3879731463            6.6565995062     H 
           -6.3944908668            0.7720106735            3.9158547110     O 
           -5.9036713023           -0.2548715621            5.3231449496     H 
           -7.9113062082           -0.0069759014            3.2021933565     H 
           -8.4396349344          -12.7854660038           -7.3808348282     O 
           -7.3204073686          -13.9929708850           -6.5777999671     H 
           -9.4688620598          -12.1481603346           -5.9877023034     H 
          -20.7404275751           -3.9067644286            5.0459758868     O 
          -20.3482024169           -2.5441895355            6.2420904897     H 
          -22.2127497259           -3.3138590999            4.0777249725     H 
           12.0996137731           -5.7327573322            6.5204007859     O 
           10.7051280531           -6.8333668344            7.0205413965     H 
           11.6860511064           -5.1801161766            4.8078121707     H 
          -13.3610689645            4.3459195777           -4.6788865867     O 
          -14.9343578813            4.4196720647           -3.7682909428     H 
          -13.5103221399            2.9139065571           -5.8283789982     H 
           -7.8878749467            9.8652953931          -12.5437884326     O 
           -7.0156915505           11.4249309708          -12.8736223522     H 
           -6.6229700057            8.8162317649          -11.7253612634     H 
            3.8806617743           -6.9429166968           13.5970273655     O 
            2.2059992980           -6.3992195137           14.1008452311     H 
            3.5956136144           -8.3409169368           12.4135118620     H 
          -18.1878274871            4.7040836524            9.4233573824     O 
          -18.9157378220            3.0338908975            9.1667529483     H 
          -16.6586183728            4.3806185203           10.3753842053     H 
          -14.8642801420            1.0941796887            1.2947752608     O 
          -15.7918082463            2.1222694343            0.0949198463     H 
          -15.6603595704           -0.5738685258            1.3269621191     H 
           12.2376212101            9.9593849044           -1.0046751412     O 
           10.4380795868            9.8014476688           -0.6095347474     H 
           12.6581849447           11.6613669284           -0.4384089384     H 
           -3.8059454038           -8.7891297319            5.3608151888     O 
           -1.9733697021           -8.4349144958            5.3934924772     H 
           -3.9876057240          -10.5019035158            4.7406348963     H 
          -17.7717690509            4.1589161157           -1.7260430068     O 
          -19.1831727352            5.1536271390           -1.0793386583     H 
          -18.4633981010            3.1729989588           -3.1010650340     H 
            2.5717881776           -4.0998541317          -13.2758167014     O 
            4.2986698117           -4.5668932671          -13.7390739831     H 
            1.6822675530           -5.7012455199          -13.0234754470     H 
           -4.2171704778           -7.0261335737           -8.6780519902     O 
           -5.2275808212           -7.0112969992           -7.1499554353     H 
           -4.1220627168           -8.7655056901           -9.2210623977     H 
           -2.2736340456           -4.5004952057           -3.9197523796     O 
           -1.7406052758           -2.7367023623           -3.8221185058     H 
           -2.7297970353           -5.0949303232           -2.2146507159     H 
            4.6368775629            6.6840991225           -6.4776461723     O 
            5.5258111097            5.1402721855           -6.9706182490     H 
            4.8574977394            7.8416238472           -7.8922279839     H 
            5.6600246205           -4.4913969833            9.4029446732     O 
            4.3272497875           -3.6273501926            8.4566599249     H 
            4.8617821612           -5.1186796878           10.9362925907     H 
           -8.7723447742            8.5654091414           -0.2766084359     O 
           -9.5298434893            9.0771255668            1.2892554871     H 
          -10.0081233283            8.8961245873           -1.6126957001     H 
           -3.0843330806          -10.7805191391           -4.5828585631     O 
           -4.3462079261           -9.4633171824           -4.3115433651     H 
           -3.9570524087          -12.3989127900           -4.4838042973     H 
           -5.5145432621            8.7909603427            8.5042260767     O 
           -6.4229472168            9.6739751969            9.7963539561     H 
           -3.8893621529            8.3240827888            9.2210091305     H 
            0.6040980608           -0.3549064319           11.6467661923     O 
           -1.1175333830           -0.1902934021           11.0910607555     H 
            0.6646857407           -1.8511010556           12.7142861961     H 
           -7.8074830852           -8.7215708141            1.1158157219     O 
           -8.1646436034           -8.9307683318            2.9067332634     H 
           -9.1980051594           -7.6172006152            0.5792165068     H 
          -18.6588033802            2.0134971571           -6.4015100507     O 
          -18.4921913107            3.8204066645           -6.7300011782     H 
          -18.4411126893            1.1992773348           -8.0367563185     H 
          -10.4781050131           11.8717565290           -8.4298119027     O 
           -9.6211217013           11.0588946660           -9.8466160883     H 
           -9.4492869302           13.2837370820           -7.9465952813     H 
          -14.9156816030           -7.7078894318          -10.0989406315     O 
          -15.6051559443           -8.8721542110          -11.2965043320     H 
          -13.1049292609           -8.0817978509           -9.9611309590     H 
          -19.2509879081           -0.3268657417            8.3467330208     O 
          -18.9219783743           -1.5979136197            9.6276510776     H 
          -17.5946689210           -0.1730644212            7.4651047434     H 
            5.8840836556           10.2025021504           -9.9148485451     O 
            4.3152774193           11.1791020206           -9.9798543928     H 
            5.9967840982            9.2192862403          -11.4793920404     H 
            7.2172820642            9.9613927711            0.0216104965     O 
            6.4304965926            8.4281555519            0.6644018526     H 
            6.1935450395           10.3712122129           -1.4698724887     H 
           -0.0308853778            5.7528015820           -5.1127976843     O 
           -1.1710327976            4.6651570684           -6.0111647961     H 
            1.6471077313            5.6881190613           -5.8905744482     H 
            1.1090336236            7.4057087164          -10.6414917279     O 
            1.5651720960            8.5011848100          -12.0040180574     H 
            1.8982403599            5.7454810239          -10.9873913295     H 
           16.5088708664           -2.1629958825           -7.7095589639     O 
           15.0019379262           -1.8953311274           -8.7435373064     H 
           17.7680708638           -0.9340896801           -8.2342292675     H 
           13.0040216059           -6.9020650649          -11.0993993077     O 
           12.5178419184           -5.1731272141          -10.6677134237     H 
           14.6712964627           -7.1467282024          -10.4209197158     H 
          -10.3216060101            7.7369457333           10.9555997637     O 
          -11.5464674928            6.4319846282           11.2509278575     H 
           -8.8767592982            7.3491134300           12.0254230305     H 
           17.9804618250           -3.3806147808            2.8953450044     O 
           19.7400128379           -3.8347568713            3.1678571814     H 
           17.2235094626           -4.7715881327            1.9397619937     H 
           13.9486888354           -0.8897880172            4.9108745780     O 
           14.0125375661            0.0207590481            6.4918006577     H 
           15.4952129014           -1.8628258414            4.7880478235     H 
            9.4918045012            2.5347173743            6.7070607824     O 
            9.7499037959            0.8658034417            7.4740031654     H 
           11.0721062902            2.9816715743            5.8567069637     H 
           -9.8953912653           -0.3478967811          -11.5189349709     O 
           -9.6890396794            1.1502823320          -12.5256836962     H 
           -8.3401166311           -1.3379299815          -11.7186770883     H 
          -16.6718648725           -3.5807776130            2.1051265334     O 
          -18.1891019259           -3.5466308739            3.1632028895     H 
          -17.1453860657           -4.6113554804            0.6601840170     H 
          -10.7125941731           -1.3679197443            2.6329940421     O 
          -11.9984217712           -0.2581879214            1.9537242084     H 
          -11.0967012959           -3.0527104275            2.0054762134     H 
            3.5588102085           10.4813037728           -3.3078825441     O 
            3.9701289428            9.0966563104           -4.4494901565     H 
            2.1012973477            9.8977238999           -2.3242501333     H 
           -8.6962948695            2.2790305451           12.2983286249     O 
           -7.3241143454            2.3170631911           13.5083828494     H 
           -7.9550057879            2.8694293302           10.6889159816     H 
           18.0493679783            2.2063967191            4.2960401360     O 
           19.6314402089            2.9437498435            3.8241636052     H 
           18.3748911516            0.9186158236            5.5562608643     H 
            2.4985026550           -1.3937396832            6.9056571713     O 
            3.3497292042            0.1165361977            6.3194323067     H 
            1.8682653266           -0.9904622532            8.5824112671     H 
           21.4343505537           -2.1306501175           -4.6054443942     O 
           20.2963546612           -1.4077726635           -3.3119492950     H 
           21.1612726841           -1.1946837372           -6.1415453650     H 
           11.1279711675            4.3519347916          -13.3041939504     O 
           10.2117218538            2.7725495508          -13.1661954943     H 
           10.8464884814            5.2909570024          -11.7448307522     H 
            7.9321410005           -5.7092300495           -8.2700989638     O 
            7.2518404857           -4.0024451043           -8.3012783733     H 
            9.0758142865           -5.8712408507           -6.8327514398     H 
          -23.8216843794            0.5599835724           -4.8046669078     O 
          -25.6259131836            0.4421967422           -4.7735694977     H 
          -23.4396232325            2.3732235076           -5.1254129707     H 
          -23.1714749188            5.4665865797           -5.1452010682     O 
          -21.7175605233            6.1175530232           -6.0485040121     H 
          -22.9900376972            6.0647890799           -3.4251645779     H 
           -7.2987408839           12.9806928584            5.4833179315     O 
           -8.0724089743           11.3180333100            5.5292506530     H 
           -5.8174783179           12.9050568004            6.5540703200     H 
           -4.2864084396           10.7552082737           -0.2595772870     O 
           -5.9665565561            9.9659816731           -0.3553773257     H 
           -4.4586889833           12.5177460942           -0.6399467953     H 
            7.3965551819           -5.6926423794          -13.5275948362     O 
            6.8844925899           -7.4441666057          -13.7122480692     H 
            7.9731484253           -5.5962403657          -11.7855524259     H 
          -12.8068873912           12.1667588900            0.4511803113     O 
          -13.2438690332           10.3774839057            0.4037532136     H 
          -13.2776814680           12.7267799697            2.1154052627     H 
           -1.1368696110           14.7265984451           -3.3909824812     O 
           -1.2144354595           13.0011953981           -4.0864883843     H 
            0.4372815642           15.4079093675           -4.0380265416     H 
            9.9931682563          -10.8291078107          -10.2932415416     O 
           10.9142761401           -9.2730107068          -10.7250762421     H 
            8.6180023053          -10.9588424571          -11.4820307741     H 
           -9.0656195119            1.7861660739           -6.9044985036     O 
           -9.4579304319            0.8652108617           -8.4528324838     H 
           -9.8647029835            0.8874056423           -5.5091565649     H 
           -4.2875065333            1.8527944649           15.0211502220     O 
           -4.2170508219            0.1237201920           14.3936537774     H 
           -2.5547996855            2.4507927665           15.1733539215     H 
           -9.9239827783           -8.4062321671           -9.9823610049     O 
           -9.3182392598           -9.8411597755           -9.0212450813     H 
           -8.7183858265           -8.0989733852          -11.3443428093     H 
           -6.8823096922           -7.4194260145           -4.2527077169     O 
           -8.2587315611           -8.5587837151           -3.8583596000     H 
           -6.9525591674           -6.0281658575           -3.0384679464     H 
          -13.9745114970            7.0688734081            0.6340535907     O 
          -14.6881190216            6.6978879863            2.2880307417     H 
          -15.3350596787            6.8152005407           -0.5492772057     H 
          -10.8517435332          -10.6550332620           -3.4470988179     O 
          -11.9745430920           -9.2006404088           -3.6532474476     H 
          -11.4490838008          -11.6520744081           -2.0400661066     H 
           15.1767381078           -2.5935935284           12.0046887217     O 
           13.8294223516           -2.5547477410           13.2473359974     H 
           15.0301636792           -4.2486125311           11.2219545313     H 
           -3.7559450843            7.7201343531          -10.0559074254     O 
           -3.9193917745            9.5445482693           -9.7611258299     H 
           -1.9009370102            7.5196393564          -10.1598998944     H 
           10.3395211841            7.0106182450           -9.0232796899     O 
           11.6542131094            7.5581510169           -7.8444614096     H 
            9.2514008622            8.4360649953           -9.3124697734     H 
          -23.7447108377           -5.1685577062           -1.5067250692     O 
          -24.3023350229           -4.1883154737           -0.0683885757     H 
          -23.7728942580           -4.0543267464           -2.9393597040     H 
            6.6905082512            7.9032153594            5.2527022465     O 
            5.2299633781            8.7832901552            4.5601378113     H 
            6.0048564010            6.9336435995            6.6704885954     H 
            0.6059768035            3.7625995204           14.5582864504     O 
           -0.0275930680            4.9765550921           13.3245727819     H 
            0.9859413315            2.2360930617           13.5812527298     H 
           -4.6187384025           -2.8356339498           12.7106340441     O 
           -4.3057775015           -2.8258063873           10.8896899884     H 
           -6.4233385344           -3.1811179881           12.8866594451     H 
            3.4306731844          -10.4957281173           10.0489320983     O 
            1.9289851399          -11.5075276557            9.8953327223     H 
            4.8330373881          -11.5045184803            9.4454394650     H 
           -0.0146377758            8.0911662841           -0.7157491514     O 
           -0.5094025709            6.8618404861           -2.0013245031     H 
           -1.4991730886            9.1599317767           -0.5261336581     H 
            5.3046004987           -1.6167128438           14.6226249140     O 
            7.1094768165           -1.9816606069           14.6456941379     H 
            4.4777545141           -3.2297559527           14.7144303247     H 
           -5.1916795603          -15.3770030349           -4.1767856750     O 
           -6.0647794626          -14.9687010269           -2.6002374832     H 
           -3.5251321260          -15.9800791393           -3.6730017548     H 
           -5.9754189898           15.4578702906            1.4504393428     O 
           -6.2934239402           17.1957581289            1.8255291452     H 
           -6.5677615333           14.4749102531            2.9410811581     H 
            6.2714239527           14.1636191383            7.3159901246     O 
            5.9915815256           13.1847061089            8.8265286655     H 
            7.8919929348           13.5671914186            6.6792335615     H 
           15.5219655000            3.9508127133          -10.0839073255     O 
           14.4237685610            3.5308333142           -8.6538233045     H 
           14.4251465295            4.0450316939          -11.5445817063     H 
           15.6987377647           -6.5103468140           -0.4401810543     O 
           14.1046976622           -6.2035513402            0.4560824186     H 
           15.6553430308           -5.2453859215           -1.7806808594     H 
          -19.4740785679            2.1161687305            3.5763956316     O 
          -17.7432790716            2.7321867487            3.5919178659     H 
          -19.8034777479            1.4505593610            1.9009081379     H 
            3.2161771838          -14.2202740511           -5.8273350159     O 
            4.6605783372          -13.0764050938           -5.9661222497     H 
            2.0122520002          -13.5533995327           -7.0464204528     H 
          -10.3315800269            8.6724470468            5.8720027448     O 
          -10.2204167978            8.5173359114            7.7048717182     H 
          -10.4900607441            6.9210695352            5.2865504975     H 
           -0.6667220538          -11.1340890618            0.3479178244     O 
            1.1926430289          -11.1096549079            0.3475583036     H 
           -1.2368197445          -11.8938637766            1.8996213460     H 
          -17.1585427244            9.9138714024           -2.6782863408     O 
          -17.3950692681           10.3461990222           -0.9173445403     H 
          -15.3728671395           10.1642459786           -3.0452315944     H 
          -14.6070612239           -0.0764834205            6.6236321583     O 
          -13.9664125526            1.0380539666            7.9445848261     H 
          -14.3470101262            0.7350376069            5.0093929548     H 
           16.9557361369           12.1097062332            1.9779493843     O 
           17.3594022727           11.5760864632            0.2711159601     H 
           15.5538891537           13.2632931697            1.8450905946     H 
          -21.4598182679           -2.7951928668           -8.0915533591     O 
          -20.6227098451           -1.8833764334           -9.4401375201     H 
          -22.1593901403           -1.5080482430           -6.9834111916     H 
            8.3948254609           11.0517267909           -5.2170626576     O 
            7.3231199219           10.9944018634           -6.6911288176     H 
            9.9246400703           11.9402375452           -5.7672054941     H 
           12.6188328582           13.4194124938           -6.6371803875     O 
           13.4430437814           11.7597308964           -6.5632757564     H 
           13.3351714469           14.4358757908           -5.3230773108     H 
           10.5063558736           -9.1793035050           -0.1232115146     O 
           10.6577771363           -8.0118419391           -1.5491166319     H 
            9.0881474909           -8.5683953664            0.9151794246     H 
            2.4600184210           -6.4519350204            0.8642540876     O 
            2.8206245574           -4.6622670420            0.8338258764     H 
            1.9840727462           -6.9892211109           -0.8388950755     H 
           -6.7747935117          -13.8559103666            8.1310334824     O 
           -5.8775349477          -13.9399095366            6.5191710659     H 
           -8.5291311649          -14.1401785390            7.7119203514     H 
          -14.0645780202           -5.4531408621            6.1664008599     O 
          -12.7635251834           -4.2560902679            6.7321020576     H 
          -14.8158800835           -4.7010523466            4.6480359734     H 
           16.1727989122           -8.2152647943            4.7103950232     O 
           14.8019864748           -7.1897414915            5.4228252994     H 
           15.3686945155           -9.7763366427            4.1777804466     H 
           22.9745729270           -4.6409070543            2.6597740132     O 
           23.8057608194           -3.9100162533            1.1955554519     H 
           22.5378331113           -6.3658432569            2.2370606464     H 
           18.9414566731           -6.2860554936            8.5084647027     O 
           18.2710331789           -7.0807063956            6.9909242304     H 
           17.8273528332           -6.8377081409            9.8398897810     H 
          -20.7523202324           -8.1032563438            7.7502480844     O 
          -20.8259105688           -6.6151220693            6.6210342712     H 
          -22.4363554468           -8.7429547842            7.8806517595     H 
          -10.8796499797            3.6784724837            5.1344216533     O 
          -10.4891644951            3.4043139299            3.3460125796     H 
           -9.3256797254            3.4262174762            6.0902795591     H 
           -6.5640762158           -8.8777576799            9.4836458636     O 
           -5.3851593542           -8.6110406623            8.0654716881     H 
           -6.7961452344          -10.7041335004            9.4988845433     H 
           -3.9668681062          -13.7274306974            3.8152158016     O 
           -2.7110669975          -15.0785944965            3.5179522814     H 
           -5.1930535173          -13.8580472080            2.4296273517     H 
          -15.5158389909           -9.4802642351            1.4156503099     O 
          -16.9498632727           -8.7666665510            0.5212011882     H 
          -16.0169094520           -9.8045603692            3.1666598589     H 
           13.7399574747          -10.5997953527           -6.2905004200     O 
           15.1088335462           -9.4859256282           -6.8833104608     H 
           12.7513871040          -11.0113212414           -7.7673633028     H 
           13.5874862826            4.6360192798            4.7915409251     O 
           15.2288140352            3.8160412560            4.6247315881     H 
           13.8337240529            6.2250638021            5.6828931105     H 
           10.1572029743           11.7549238151            4.9385750249     O 
           11.6671270984           11.1397101614            5.7602509163     H 
            9.0058601175           10.3133063409            4.8993084901     H 
          -16.2090704958          -10.1728526086            6.3944589452     O 
          -17.9211483211           -9.8083801148            6.9386564086     H 
          -15.2870609026           -8.6077489923            6.6578315799     H 
           14.0471142539            1.7452773989            9.6631958543     O 
           14.5171913139            0.1335593364           10.4471801901     H 
           12.5603782213            2.2808100289           10.5662355531     H 
            6.3398476807          -15.7544209466           -1.6911167585     O 
            7.9971985045          -15.2631709968           -2.3029358816     H 
            5.2770744990          -15.9282550909           -3.1635130661     H 
          -20.6322292521           -0.2352146842           -0.8812033605     O 
          -21.7265369324            0.1311829174           -2.3091710534     H 
          -19.0712475882           -0.9207697406           -1.6117883208     H 
           -9.9480312913           -8.6420979203            5.7357361790     O 
          -11.3598247313           -7.4705928327            5.7507036115     H 
           -8.9702740140           -8.3845192524            7.2838262682     H 
           -1.2695252270          -12.9329736280            8.9805868795     O 
           -2.9634230638          -13.5908174087            9.0867816926     H 
           -0.6603331490          -13.3502562344            7.3187657896     H 
            2.8953098415          -12.8956444610            4.7410637192     O 
            3.8193229405          -12.3628603565            3.2264422806     H 
            4.1524618314          -13.4321688610            5.9417175336     H 
           11.2037713321           -6.5186746755           -4.4275863358     O 
           12.2291667510           -7.8801287187           -5.1270116437     H 
           12.2896654117           -5.0672039989           -4.1074357562     H 
           10.0727170608           -1.9122053593            9.1177892803     O 
            8.3553645009           -2.5960823443            9.0343787312     H 
           11.0935085894           -3.1015092476            8.1180371808     H 
           -9.7000449815           -2.6784961208           12.4024453165     O 
           -9.8259365875           -3.0088150566           10.5951712630     H 
           -9.4254235150           -0.8478005997           12.5067248211     H 
           -5.5317023413           15.2966941869           -6.1734131571     O 
           -3.9825858003           15.4211994612           -5.1859051831     H 
           -6.8202123734           14.7723016380           -4.9814615367     H 
           20.5454159143           -7.2054788628           -3.7778556278     O 
           20.2508809887           -7.4660638645           -1.9924306982     H 
           20.9622442580           -5.4375501959           -4.0204149602     H 
           -5.8233871684            6.9167340932           13.6547697573     O 
           -5.7546552769            5.6142853992           14.9181242856     H 
           -4.2180608307            6.8182701800           12.7834906351     H 
           -6.5170704847            9.3225784269           -5.2556949719     O 
           -7.4555354578           10.6363098214           -4.3939185244     H 
           -7.6691993473            8.4682622258           -6.4056123861     H 
            8.5030050004          -14.1527862367            3.2300819412     O 
            7.8541772950          -15.0389322918            1.7828123767     H 
           10.2554080515          -13.7468945415            2.8947079663     H 
          -18.3535058330            9.9600903047            2.5012161894     O 
          -19.2766944515            8.7952615018            3.5714143629     H 
          -16.9908258560           10.6106703219            3.5387101109     H 
          -11.7182515486          -13.3068381884            5.9812785769     O 
          -11.0090690061          -11.5884040771            5.8263946724     H 
          -13.4311096233          -13.0296486678            6.5282529676     H 
          -13.6239328377            2.6187164717           10.9096408455     O 
          -11.8559939021            2.6465888721           11.3941161175     H 
          -14.2902422712            1.1735859362           11.8851209502     H 
           -2.4253551232           13.0848277324            7.7856860909     O 
           -1.3485328854           14.4583531645            7.1519136916     H 
           -1.2678415871           12.1024009696            8.8095029357     H 
           -6.7839334207            3.9700237614            8.0687312524     O 
           -6.5852628539            5.8119564813            8.1704181729     H 
           -5.0748003214            3.2881145628            7.8720232842     H 
          -18.4171700863            7.0735352437           -6.7074084746     O 
          -17.0015739936            7.4849827523           -7.8091889504     H 
          -18.1240456126            8.0722677339           -5.1862265748     H 
          -21.4484801488            6.3578715193            5.0966979103     O 
          -20.8388030221            6.5645010116            6.7960901351     H 
          -20.6744054004            4.7494340722            4.5081395761     H 
            5.4046272330           14.1825067209            2.0298458021     O 
            5.8954936166           14.6783003814            3.7106016409     H 
            6.3279159189           12.6216002339            1.6245563931     H 
           18.3090123926            7.8399370634           -7.8684139114     O 
           17.4301655237            6.6705049501           -8.9809021529     H 
           19.7208453523            6.8933188110           -7.1658409445     H 
           -6.4182132688           -7.3913915660          -13.5844185565     O 
           -6.7002905726           -6.9627222802          -15.3169382358     H 
           -5.9732163716           -5.7761111150          -12.7239601596     H 
          -21.7932308658            6.9791587760           -0.2703262334     O 
          -22.2459012298            6.7519143360            1.4825669527     H 
          -20.9641557674            8.6000057204           -0.3545749105     H 
          -18.9027817645           -6.7337655475           -1.3141611459     O 
          -18.5658729383           -6.6994633847           -3.1121492409     H 
          -20.7020212713           -6.3414830675           -1.1611471322     H 
          -17.3559164867           -4.7662792334           10.1136804399     O 
          -18.5618833648           -6.1105543279            9.8706048121     H 
          -16.1579553596           -4.9025824141            8.7115417658     H 
          -24.3052165138           -1.6322265702            2.4043080691     O 
          -23.0240014707           -0.8825081114            1.3120312528     H 
          -24.5810086647           -0.4114062600            3.7681181633     H 
          -18.2640399193            0.0019301032          -11.2059187562     O 
          -16.9394455633           -1.2273291626          -11.6465193026     H 
          -17.6568856897            1.5531104388          -11.9384620804     H 
          -14.3549550304            3.5807597698          -11.8524801653     O 
          -14.6367857207            5.2232209778          -11.0874564841     H 
          -12.7367040727            3.7021360738          -12.6704111635     H 
            9.6715914055            2.8040087526           13.2188432284     O 
            9.9061534985            1.3394962758           14.2671740859     H 
            8.1351689647            3.6602418528           13.8141716532     H 
            9.1193628099           -7.6688635517           13.0778726180     O 
            7.4067863441           -7.6240908288           13.7136342722     H 
            8.9505766370           -8.1354508724           11.3228421582     H 
           -4.1267084408            3.5943667885          -13.3329495126     O 
           -3.7338975651            5.1123510287          -12.3896178487     H 
           -3.2141829878            2.2488981205          -12.4825915250     H 
            5.2053591619          -10.3267870362          -12.6745437531     O 
            4.4981567411           -9.6687595245          -11.0885026860     H 
            3.7623862616          -10.6811836257          -13.7080515535     H 
            0.0405961794           -4.1652081244           -8.5230717015     O 
            1.2712721446           -5.4538482083           -9.0072735183     H 
           -1.5570037832           -5.0756660611           -8.4109248022     H 
           13.6487626390            8.9214876913            7.6031959355     O 
           12.1948206722            8.2077370991            8.5133612680     H 
           15.1199641687            8.5538769196            8.6027640638     H 
           16.3725094249          -11.4474411404           -1.4053356792     O 
           16.1255461603          -11.6810877932           -3.1860406985     H 
           16.1114827068           -9.6284709025           -1.1236936086     H 
           -0.2887571701           -4.1381500634           15.0431402733     O 
           -0.5497724658           -3.6967945176           16.7757244952     H 
           -1.9562599627           -4.2390313766           14.2531427259     H 
           14.3691621293           -7.7474052303           11.0693961090     O 
           13.9014655805           -9.0317355096            9.8341199699     H 
           13.1011655643           -7.8810423853           12.3633902218     H 
            6.2663257998           10.1858298595           11.0071053291     O 
            7.4585489703            9.0371073183           10.1910612068     H 
            6.0008242000            9.4780498172           12.6605092755     H 
           10.3403901831           -2.7205046534           13.9788013209     O 
           10.0680697009           -4.5410817967           13.9950469750     H 
           10.2610384392           -2.2957927408           12.1495012877     H 
           -1.3843233160            6.5027505694           10.6591788268     O 
           -0.0881616553            7.6550643813            9.9688850252     H 
           -1.4186040317            5.0008117616            9.5992991776     H 
            7.0084544171          -13.9153198480            8.0674949940     O 
            7.6893021741          -14.0717930045            6.3552099990     H 
            8.4584508749          -13.8864221815            9.1551748361     H 
           18.8370071119           -1.3137767880            8.1696982162     O 
           18.9100074744           -3.1826343324            8.0700349994     H 
           18.2006960643           -1.0072096923            9.8411451622     H 
           18.3768352058            7.6466332847            3.9367684367     O 
           18.0680946865            7.1779454809            5.6765162588     H 
           17.8715147287            9.4028254678            3.6956879655     H 
           -2.2612833480           -8.7308647390           12.2803831312     O 
           -1.7045695501          -10.2918540137           11.5223240534     H 
           -3.9993541760           -8.5137308238           11.7116358808     H 
           17.4692992685            5.5397057740            8.8735723604     O 
           19.0672192492            4.8270476623            9.3281513660     H 
           16.2319167968            4.1691169517            9.0407037487     H 
           23.4105126605           -0.5874326722            5.9409731616     O 
           21.8728707006           -0.7480837682            6.9399400377     H 
           23.6506476372           -2.2422500045            5.1996964276     H 
            1.0752261123           -8.1410025076            5.3389660912     O 
            1.4824920041           -7.4050739251            3.6914634023     H 
            1.8698345021           -9.7978232271            5.4047635618     H 
           19.9226526941            1.4316382407           -8.8404828059     O 
           18.5317609893            2.4061049553           -9.5536740583     H 
           20.8687894678            2.6084738469           -7.8120267853     H 
           20.2192523518           -8.8573288796            1.3862608342     O 
           18.8510081835           -8.4792197796            2.5540459399     H 
           19.6991497420          -10.3778387783            0.5322566314     H 
            4.3132544337          -11.4594405102            0.1260740460     O 
            4.9981407158          -10.0620411608           -0.8829639276     H 
            4.9846161987          -13.0174328920           -0.5939464330     H 
            1.1295788288           -8.1522796401           -3.8559073935     O 
            0.0258415288           -6.6966135211           -4.1807032895     H 
           -0.0409690209           -9.5435885121           -3.6798240327     H 
          -14.3485240222           11.6305330237            5.4595429182     O 
          -14.4440968221           12.4693077565            7.0555228269     H 
          -12.8993990719           10.4571340688            5.5648650362     H 
           21.4813908154            6.4469743343           -0.0774554184     O 
           20.6230385166            7.0203141571            1.4368284110     H 
           22.2708770590            4.8643810435            0.3941706195     H 
           -0.3969095290          -15.4659817920           -2.3279261911     O 
           -0.7166636885          -13.7654674369           -1.6691276458     H 
            0.9367861368          -15.2431864200           -3.5725773479     H 
            3.6340235557           15.1336101525           -5.2734421523     O 
            3.7121852662           13.4190226678           -4.5572879991     H 
            5.1314202500           15.9771915798           -4.6724699621     H 
           12.1778693544           14.5699211480            0.9538770039     O 
           11.3181176001           13.8843182184            2.4263277713     H 
           10.8533797648           15.2203518821           -0.1618160036     H 
          -17.8337789267           -5.6733149125           -6.3030954794     O 
          -19.2857268442           -4.6953218328           -6.9700953299     H 
          -17.0248345097           -6.4149433468           -7.7713014212     H 
          -14.7051513533           -1.6211255327           13.3276156971     O 
          -15.7092474873           -2.8511053973           12.4218249660     H 
          -12.9832517471           -2.2777622546           13.3178623433     H 
           23.1695227461            1.7527266672            1.5312341137     O 
           23.3200696984            1.0445367110            3.2538975870     H 
           24.2927498415            0.7291393939            0.5135035323     H 
            1.4061999971           12.7241211461           -9.3241058556     O 
            2.1611113896           14.0027030816           -8.2522258524     H 
            0.4721177614           11.6341810245           -8.1555234136     H 
           18.2399443241            9.8343665342           -2.6447613769     O 
           19.4208050688            8.6426557468           -1.9164434103     H 
           18.6776655134            9.9862333612           -4.4000110056     H 
           -5.8493567619           -2.2133975789           -6.5588280787     O 
           -4.6432533477           -3.3586249596           -5.7524121210     H 
           -6.1645590523           -0.8905342699           -5.3214896404     H 
          -24.0547607579            1.5480261332            6.3988624770     O 
          -23.8439464302            3.3095891074            5.9883421916     H 
          -22.4383398733            0.9993797929            7.0591191810     H 
           -8.7341752206           13.4876794972           -2.5334336615     O 
          -10.3904792281           13.0511677248           -1.8660812685     H 
           -7.8703438303           14.2976904833           -1.1289655383     H 
           -1.5692376288           10.3916939834           -5.8267281977     O 
           -0.8824043257            8.6830174220           -5.5453106029     H 
           -3.3944503558           10.1662950250           -5.7463087225     H 
           17.2362027397            3.5259973265           -3.4796964193     O 
           17.6883473878            2.0564069818           -2.4448681810     H 
           16.6642193827            4.8063890357           -2.2575227180     H 
           -2.5102223263            9.4265360989            4.2365130021     O 
           -3.2224322852           10.1314500733            2.6809875604     H 
           -2.6624762683           10.7274824428            5.5424015529     H 
            1.2060475573           16.1431709327            6.0635395890     O 
            2.8760589423           15.6102465747            6.5641073235     H 
            0.9880477237           15.6541039702            4.3034642042     H 
            0.3347227970           -5.3983816895            9.5229168670     O 
            0.9215437241           -6.4064674831            8.1032517934     H 
           -0.5415190211           -6.5655478287           10.6573308284     H 
           15.1860895360            6.1079666012            0.1604346804     O 
           16.3642997972            6.5637784653            1.4953177534     H 
           14.1483304347            7.6036326775           -0.1726923033     H 
           -0.1325628989          -16.6629160786            2.7326508991     O 
            1.2407666752          -15.6154219244            3.3557306206     H 
           -0.0318641784          -16.6371461637            0.8944793901     H 
            5.7235940499            0.9564640474           10.2101299542     O 
            7.3855906199            1.4812021656           10.7449472160     H 
            5.0203729482            0.0653518777           11.6566221071     H 
           13.7905144720            8.6245522950           -5.7574849443     O 
           15.5565739641            8.2654094949           -6.1367154800     H 
           13.5709913939            8.8908801540           -3.9517303835     H 
           17.1977043866           -7.2437938911           -7.5907054183     O 
           18.5185178889           -7.5091796101           -6.3283148945     H 
           16.9823800688           -5.4103355104           -7.6424560776     H 
           -3.9893429497           12.7737775429          -10.3007637099     O 
           -4.6145384994           13.7176671070           -8.8349402435     H 
           -2.2009362666           13.1330769257          -10.3848113417     H 
            8.4931204574           -0.2842859725          -12.9580377963     O 
            8.3056125191           -1.7086659347          -14.0688917404     H 
            7.1771704954           -0.5023836200          -11.6574748650     H 
           12.1864585802          -11.4690381078            8.0398134846     O 
           10.5664123672          -10.6335041294            7.8346064823     H 
           12.7212526443          -11.9415388233            6.3637397181     H 
          -12.1368937972            9.2716017833           -4.0900832290     O 
          -11.6371992581           10.1520418553           -5.6159079642     H 
          -12.4201993735            7.5001964376           -4.5215657944     H 
            2.4907032250           10.4072336064            3.8563666097     O 
            3.0256898792           11.9946503701            3.0988500502     H 
            0.7151469553           10.2290500722            3.4154273621     H 
           -0.6891569333           14.2138001769            1.6904807011     O 
           -0.4797200798           14.4375047186           -0.1235975104     H 
           -2.3865179570           14.7895776362            2.0221480623     H 
           21.6379346599            4.8839932459           -5.2649424886     O 
           22.5536707176            5.6498578535           -3.8990405175     H 
           20.0123271255            4.3427453838           -4.5007398649     H 
           19.0499057614           -0.1831563093           -0.7316392893     O 
           20.4696114419            0.6703889973            0.0856406613     H 
           18.3508354223           -1.2885612314            0.6002841195     H 
           13.3604371524          -12.0523245466            2.7162150373     O 
           12.3254378850          -10.7649004538            1.8534470005     H 
           14.5597907746          -12.5377026636            1.4138957583     H 
           25.2593337250           -2.1082763796           -1.3797251267     O 
           26.8039395421           -2.6804100462           -2.1217066041     H 
           23.9743933010           -2.1197373340           -2.7305018020     H 
          -14.2053220966            8.1427880930           -9.4389563456     O 
          -12.5752991051            7.5194419972           -8.7729976116     H 
          -13.9530529260            9.9209993819           -9.6849198348     H 
          -12.4137957880          -13.4826109170            0.8814530900     O 
          -13.7048747902          -12.1702670912            0.8860145219     H 
          -12.1136442084          -13.7869239124            2.6777593565     H 
           11.9777760394           -2.0671415646           -9.8103761996     O 
           10.9902009427           -1.8528166329           -8.2636801491     H 
           10.9664679255           -1.2838088897          -11.1443059964     H 
           -0.3283066496          -11.7670570410           -8.6989447515     O 
           -1.2408516065          -11.1840053431           -7.1912180062     H 
           -1.5951649818          -12.5730084513           -9.7282535330     H 
            7.3700121273          -11.2589767652           -6.0720809307     O 
            8.5964273300          -12.1507590636           -5.0185124089     H 
            8.2270154018          -10.9535021023           -7.6901061659     H 
            3.2114007255            3.0615675271          -11.6529253287     O 
            4.5342638580            2.7669236076          -10.4078014133     H 
            1.7983909326            1.9621617577          -11.1955538386     H 
            0.4205047777           -1.9432248476            1.9768658628     O 
            0.9351933259           -1.6491084557            3.7068374962     H 
           -0.9482281067           -3.1357649925            2.0100375258     H 
            0.8595973782            2.3827027950          -16.3279769266     O 
           -0.3025623889            3.7088941694          -15.9160804888     H 
            2.1673650218            2.3846959501          -15.0572561167     H 
            8.2274650944            8.3038446679            9.6224799852     H 
$end
$set
 chrg  1
 ewin_conf 50.0 
$end
