           1           2  0.865825378895006     
           1           3  0.853559448715694     
           4           5  0.821008020482077     
           4           6  0.872321605218366     
           7           8  0.800459781110953     
           7           9  0.815100535657854     
          10          11  0.815891266567534     
          10          12  0.790985846846249     
          13          14  0.810417908286232     
          13          15  0.824881399362181     
          16          17  0.849084079153625     
          16          18  0.796899419042396     
          19          20  0.868307324841869     
          19          21  0.815297426971150     
          22          23  0.822960484952322     
          22          24  0.823437779489656     
          25          26  0.806535740348716     
          25          27  0.793426730184073     
          28          29  0.809138224524950     
          28          30  0.834195852802929     
          31          32  0.828751587704379     
          31          33  0.800753518448247     
          34          35  0.821096609554252     
          34          36  0.796515585509158     
          37          38  0.888900093277076     
          37          39  0.828320978819628     
          40          41  0.830670391286394     
          40          42  0.822464132853162     
          43          44  0.833887160081783     
          43          45  0.822139456498136     
          46          47  0.797431613605075     
          46          48  0.830884578636374     
          49          50  0.816936158595130     
          49          51  0.868374765120774     
          52          53  0.845139739972337     
          52          54  0.846007545394494     
          55          56  0.821445240023555     
          55          57  0.845767000840383     
          58          59  0.851538720466368     
          58          60  0.833226832274632     
          61          62  0.802485732938379     
          61          63  0.822179396359398     
          64          65  0.821362665015889     
          64          66  0.781118036911553     
          67          68  0.830991980411501     
          67          69  0.838131819819138     
          70          71  0.839177961090429     
          70          72  0.781626406698471     
          73          74  0.820921429248775     
          73          75  0.814393821562797     
          76          77  0.824560648664419     
          76          78  0.817580027958362     
          79          80  0.836667193492410     
          79          81  0.865173956044209     
          82          83  0.778613214687010     
          82          84  0.873810897475777     
          85          86  0.852882993370942     
          85          87  0.770301792150361     
          88          89  0.812879804769316     
          88          90  0.818951760675046     
          91          92  0.842219065378567     
          91          93  0.860853371002225     
          94          95  0.809758338621252     
          94          96  0.832064095974341     
          97          98  0.861709063399982     
          97          99  0.863269865748961     
         100         101  0.812813147651067     
         100         102  0.783670616774987     
         103         104  0.838628656611394     
         103         105  0.786842832831440     
         106         107  0.818724676279384     
         106         108  0.817204796174865     
         109         110  0.812495420024238     
         109         111  0.794839318484890     
         112         113  0.819700223733346     
         112         114  0.765173341752272     
         115         116  0.820655175113536     
         115         117  0.832273696474694     
         118         119  0.821312191082668     
         118         120  0.794785486239293     
         121         122  0.790272488689623     
         121         123  0.863495861119887     
         124         125  0.822500503701095     
         124         126  0.818164476963629     
         127         128  0.838678878205563     
         127         129  0.787865643738917     
         130         131  0.883631121509250     
         130         132  0.801958422197847     
         133         134  0.823308451579392     
         133         135  0.811672282780456     
         136         137  0.807535625528091     
         136         138  0.825273408419383     
         139         140  0.802940273298597     
         139         141  0.828987384925522     
         142         143  0.838818537500193     
         142         144  0.815067471954219     
         145         146  0.828981782701808     
         145         147  0.808071163019490     
         148         149  0.795116121821252     
         148         150  0.838884424103794     
         151         152  0.794257791874882     
         151         153  0.810258474804500     
         154         155  0.808784165250256     
         154         156  0.837901202729124     
         157         158  0.843970846601071     
         157         159  0.843083804189807     
         160         161  0.867560714446072     
         160         162  0.783843438040465     
         163         164  0.851143676613181     
         163         165  0.840514555932226     
         166         167  0.815311122313921     
         166         168  0.819588963555111     
         169         170  0.828225841130750     
         169         171  0.820441559417593     
         172         173  0.877088536820205     
         172         174  0.807903013291443     
         175         176  0.852588463332849     
         175         177  0.823976688787755     
         178         179  0.812210641225174     
         178         180  0.803946183488634     
         181         182  0.815813805865528     
         181         183  0.809931117094162     
         184         185  0.856554627961947     
         184         186  0.815756593232929     
         187         188  0.891836977894483     
         187         189  0.840141813443885     
         190         191  0.847534695650023     
         190         192  0.815629029075718     
         193         194  0.848749466216477     
         193         195  0.862959284113137     
         196         197  0.823698561492475     
         196         198  0.817406962542284     
         199         200  0.805561162386495     
         199         201  0.819053514303088     
         202         203  0.783382978234757     
         202         204  0.834518942332429     
         205         206  0.817557379417962     
         205         207  0.839094824586996     
         208         209  0.824795437968219     
         208         210  0.822164066436573     
         211         212  0.831359380336346     
         211         213  0.849053334906332     
         214         215  0.815276871801265     
         214         216  0.785109506596680     
         217         218  0.790863259640411     
         217         219  0.820471208781588     
         220         221  0.803225386088717     
         220         222  0.821358934462867     
         223         224  0.877056552405201     
         223         225  0.803792733835214     
         226         227  0.812048651133982     
         226         228  0.816569975683460     
         229         230  0.890106965008889     
         229         231  0.831070515856109     
         232         233  0.865285170964251     
         232         234  0.828204057995058     
         235         236  0.830572797854072     
         235         237  0.796788481625734     
         238         239  0.822292278159105     
         238         240  0.827213768377730     
         241         242  0.835925558035244     
         241         243  0.895954468774071     
         244         245  0.912242793241256     
         244         246  0.810593727965934     
         247         248  0.854699961583322     
         247         249  0.775685536806198     
         250         251  0.826754461407436     
         250         252  0.825470150306006     
         253         254  0.813754791157409     
         253         255  0.803337908255467     
         256         257  0.849047130229538     
         256         258  0.794702753182009     
         259         260  0.900748426091519     
         259         261  0.781728939051550     
         262         263  0.820151981697838     
         262         264  0.822731333076764     
         265         266  0.821331887592492     
         265         267  0.881920491421192     
         268         269  0.890498593141547     
         268         270  0.841260745965989     
         271         272  0.833715749860126     
         271         273  0.813561001001519     
         274         275  0.836305449107453     
         274         276  0.842592364694641     
         277         278  0.799604609833126     
         277         279  0.801744048667711     
         280         281  0.870176413728923     
         280         282  0.807600307307631     
         283         284  0.815382109693764     
         283         285  0.833806724422721     
         286         287  0.817859596499406     
         286         288  0.818075289360934     
         289         290  0.818635509358697     
         289         291  0.799382437083464     
         292         293  0.840360761915649     
         292         294  0.787793578363451     
         295         296  0.885637119688178     
         295         297  0.841513936169641     
         298         299  0.823630812277673     
         298         300  0.819707340939494     
         301         302  0.794354628197968     
         301         303  0.867569953203597     
         304         305  0.863230494644822     
         304         306  0.830262933403557     
         307         308  0.828630107011584     
         307         309  0.810872791992812     
         310         311  0.910401877062627     
         310         312  0.786019072943639     
         313         314  0.853810185705216     
         313         315  0.861506353232056     
         316         317  0.839403396851949     
         316         318  0.855477157547053     
         319         320  0.783244174980619     
         319         321  0.860449911987201     
         322         323  0.855309828820106     
         322         324  0.844746982047128     
         325         326  0.825136097222605     
         325         327  0.876043996341350     
         328         329  0.802833205161323     
         328         330  0.853740314474418     
         331         332  0.808468868353606     
         331         333  0.869508274051693     
         334         335  0.815405084230766     
         334         336  0.807397970989067     
         337         338  0.845984609476313     
         337         339  0.843510666245244     
         340         341  0.843521079609339     
         340         342  0.820530658474262     
         343         344  0.834384827027973     
         343         345  0.805145337759627     
         346         347  0.820821678195274     
         346         348  0.852213464844400     
         349         350  0.815256214672971     
         349         351  0.847601281763075     
         352         353  0.856489898649733     
         352         354  0.846390902280625     
         355         356  0.797247015421286     
         355         357  0.788628348733899     
         358         359  0.798574013764516     
         358         360  0.868359866396684     
         361         362  0.862269392251387     
         361         363  0.899580076220863     
         364         365  0.821350256761490     
         364         366  0.804567250920365     
         367         368  0.840101081144774     
         367         369  0.824734009811318     
         370         371  0.823308694567274     
         370         372  0.829726099391645     
         373         374  0.869361240077961     
         373         375  0.848216861943851     
         376         377  0.817325081374088     
         376         378  0.803166236751707     
         379         380  0.841770487540410     
         379         381  0.882594006556024     
         382         383  0.832026032562537     
         382         384  0.839091486198477     
         385         386  0.913499226962379     
         385         387  0.781642634781654     
         388         389  0.873089960694469     
         388         390  0.841507629545061     
         391         392  0.825133715563150     
         391         393  0.863145583136780     
         394         395  0.805984830640908     
         394         396  0.822316241936658     
         397         398  0.829757391688890     
         397         399  0.833041245633176     
         400         401  0.823092028696142     
         400         402  0.841406002438556     
         403         404  0.836404236560969     
         403         405  0.802211372233667     
         406         407  0.792481948218557     
         406         408  0.859187542751248     
         409         410  0.848280425923379     
         409         411  0.839955468044561     
         412         413  0.829543123408389     
         412         414  0.843992824465955     
         415         416  0.859490630489574     
         415         417  0.872973670925408     
         418         419  0.859231400648482     
         418         420  0.846910368338677     
         421         422  0.860888175688359     
         421         423  0.812819975610942     
         424         425  0.819421066514796     
         424         426  0.910181109929140     
         427         428  0.799141068969084     
         427         429  0.786933372074327     
         430         431  0.856939020656411     
         430         432  0.789331429950146     
         433         434  0.834412681340804     
         433         435  0.871253875652404     
         436         437  0.797023375392712     
         436         438  0.811849003106326     
         439         440  0.808081236269098     
         439         441  0.836140655055331     
         442         443  0.852763642978890     
         442         444  0.857125470611711     
         445         446  0.836151946302290     
         445         447  0.878034532008202     
         448         449  0.800707353309319     
         448         450  0.913435988213832     
         451         452  0.804131834874633     
         451         453  0.807660729646479     
         454         455  0.803601021819144     
         454         456  0.849659254685840     
         457         458  0.793876737559592     
         457         459  0.814377493745642     
         460         461  0.839627993753459     
         460         462  0.822444192962702     
         463         464  0.804002046330385     
         463         465  0.869625819131810     
         466         467  0.805451792357123     
         466         468  0.824793883500198     
         469         470  0.861737081201128     
         469         471  0.823364356450386     
         472         473  0.853544072772028     
         472         474  0.846274132792639     
         475         476  0.812199507225573     
         475         477  0.870095846065283     
         478         479  0.850201394398582     
         478         480  0.867697142376351     
         481         482  0.836056643463257     
         481         483  0.800979669738138     
         484         485  0.828426990856352     
         484         486  0.816476802603992     
         487         488  0.872769779139737     
         487         489  0.879586883358973     
         490         491  0.814870813953584     
         490         492  0.859519710290500     
         493         494  0.825491588963471     
         493         495  0.820946323308932     
         496         497  0.813089795890039     
         496         498  0.800274534638010     
         499         500  0.836896310043850     
         499         501  0.819981807764628     
         502         503  0.845237881900572     
         502         504  0.846996862639698     
         505         506  0.857472353005962     
         505         507  0.854988489988880     
         508         509  0.887050116702351     
         508         510  0.853047620236179     
         511         512  0.841055802644997     
         511         513  0.825670867935058     
         514         515  0.872911847167295     
         514         516  0.852149978327055     
         517         518  0.857213678751359     
         517         519  0.850831478741954     
         520         521  0.802796883215961     
         520         522  0.889091903489891     
         523         524  0.836913409968751     
         523         525  0.811256932989285     
         526         527  0.820120586808415     
         526         528  0.854345797667690     
         529         530  0.801599576783955     
         529         531  0.799354041931653     
         532         533  0.832298187805339     
         532         534  0.829815014074891     
         535         536  0.890254127704143     
         535         537  0.778509328430145     
         538         539  0.866589409284753     
         538         540  0.804312326524665     
         541         542  0.852548050520934     
         541         543  0.842110215729508     
         544         545  0.909839971143307     
         544         546  0.776557664214135     
         547         548  0.860742082255861     
         547         549  0.873054916507750     
         550         551  0.851575858329818     
         550         552  0.826026501497015     
         553         554  0.868154066636190     
         553         555  0.827915776886173     
         556         557  0.834083273861962     
         556         558  0.825586332032423     
         559         560  0.813484163750469     
         559         561  0.878872727712305     
         562         563  0.848728709467631     
         562         564  0.880264084318813     
         565         566  0.880941326142073     
         565         567  0.821341411452135     
         568         569  0.863532398286516     
         568         570  0.866696532470190     
         571         572  0.855947379310472     
         571         573  0.833168033133049     
         574         575  0.813764468225750     
         574         576  0.901412781067615     
         577         578  0.810434385812530     
         577         579  0.820936216296570     
         580         581  0.811494926840598     
         580         582  0.880239795473087     
         583         584  0.891321632181158     
         583         585  0.810990932950508     
         586         587  0.908737595978157     
         586         588  0.823532257060902     
         589         590  0.839824178887357     
         589         591  0.889820564482076     
         592         593  0.827999181239445     
         592         594  0.885698814461729     
         595         596  0.847202236361303     
         595         597  0.779861516585704     
         598         599  0.790564777946934     
         598         600  0.831027446975582     
         601         602  0.821786372575609     
         601         603  0.892310499785379     
         604         605  0.793012063904069     
         604         606  0.881966987453570     
         607         608  0.850959905086120     
         607         609  0.837117884162527     
         610         611  0.874442552609306     
         610         612  0.842366637432257     
         613         614  0.912364840415886     
         613         615  0.820794775127452     
         616         617  0.837687913140762     
         616         618  0.867623568109525     
         619         620  0.801847585914306     
         619         621  0.822051656724381     
         622         623  0.844499799091050     
         622         624  0.858206001636413     
         625         626  0.840820153475428     
         625         627  0.877439953699873     
         628         629  0.793613901483825     
         628         630  0.819291344528096     
         631         632  0.799761075684740     
         631         633  0.836727776533767     
         634         635  0.913664565585301     
         634         636  0.795979549138999     
         637         638  0.852574151093859     
         637         639  0.855293828969229     
         640         641  0.822379396938042     
         640         642  0.841501915852427     
         643         644  0.808973739490194     
         643         645  0.874865250303292     
         646         647  0.854094781086086     
         646         648  0.833020181989677     
         649         650  0.787779871575268     
         649         651  0.844284770925497     
         652         653  0.860582092726849     
         652         654  0.846303539104084     
         655         656  0.798047543830363     
         655         657  0.862470387237906     
         658         659  0.860920928687206     
         658         660  0.822821405666774     
         661         662  0.858806697324809     
         661         663  0.885985704099838     
         664         665  0.798420169168106     
         664         666  0.819009285898669     
         667         668  0.882048076543999     
         667         669  0.862898353331981     
         670         671  0.833612151258393     
         670         672  0.844743349066895     
         673         674  0.781194356848047     
         673         675  0.819755046488317     
         676         677  0.804305334016195     
         676         678  0.794863032675181     
         679         680  0.801264591307608     
         679         681  0.806114914915960     
         682         683  0.875276645477375     
         682         684  0.845119519124673     
         685         686  0.830341661556013     
         685         687  0.813643808620962     
         688         689  0.825042989383567     
         688         690  0.797503582779915     
         691         692  0.852742770455745     
         691         693  0.845452470541407     
         694         695  0.850343596467787     
         694         696  0.830063849680301     
         697         698  0.816746470386872     
         697         699  0.821070295521710     
         700         701  0.830355300078613     
         700         702  0.826004095143940     
         703         704  0.822248340108537     
         703         705  0.873190837174076     
         706         707  0.885726080551836     
         706         708  0.799667540521975     
         709         710  0.842201057151745     
         709         711  0.873221221911839     
         712         713  0.844268831755100     
         712         714  0.821060405153752     
         715         716  0.824478704647231     
         715         717  0.811753907871259     
         718         719  0.836080742506801     
         718         720  0.872011641835315     
         721         722  0.885962777675802     
         721         723  0.784518894317201     
         724         725  0.820825686679590     
         724         726  0.777848136142897     
         727         728  0.799002684398127     
         727         729  0.850576317359887     
         730         731  0.912827608497733     
         730         732  0.806143590817453     
         733         734  0.788877582703369     
         733         735  0.887930273084264     
         736         737  0.834853255191888     
         736         738  0.836961254506516     
         739         740  0.814846681566906     
         739         741  0.812994297501864     
         742         743  0.808074108075026     
         742         744  0.872794103298023     
         745         746  0.821372880980667     
         745         747  0.798114264779667     
         748         749  0.815090463041679     
         748         750  0.807195794494269     
         751         752  0.857726222709128     
         751         753  0.890535554259318     
         754         755  0.907151941878370     
         754         756  0.867541547934887     
