$coord
          4.579668891949         -2.313829388742         -0.948401689015     h 
          4.127906429086         -0.427107117970         -0.270060328321     c 
          4.658540576375         -0.297914384325          1.711486451408     h 
          5.231309337011          0.938408217229         -1.337985359873     h 
          1.283436308276          0.125342503564         -0.585194414679     c 
          0.844348328087         -0.010190182180         -2.606095331530     h 
         -0.218892797783         -1.789760932333          0.817932751376     c 
         -0.304258702629         -1.615025239791          2.845233922683     h 
         -0.242845300229         -3.694834204903          0.094448748415     h 
          0.689161825519          2.798527353948          0.327857010144     c 
          1.137340469591          2.986408657219          2.325293517169     h 
         -1.305718883083          3.210719524263          0.064572643683     h 
          1.792948474983          4.179672423759         -0.719344199065     h 
         -5.149914917954         -0.574877489642         -0.289315188196     n 
         -3.243051781966         -0.918131068636          0.188678000916     h 
         -5.441531773036         -1.350829410539         -2.017615533718     h 
         -6.229148316777         -1.550671008648          0.958053006981     h 
$end
