$coord
          3.122815157364         -2.546185145881          2.381095919737     h 
          1.717064611337         -1.149544524250          1.794623499758     c 
          1.103722427482          2.342329242319         -1.515010602933     c 
         -3.003442867431         -0.667434423530          1.424166846596     c 
         -0.866082550223         -2.452890488677          1.619190753520     c 
          2.612414297399          0.024073809117         -0.687705833568     c 
          0.947341661256          3.662683343107          0.065430181711     h 
         -3.074748025237          0.926840940413          2.673270539787     h 
         -0.877038984474         -3.747066125580          0.009429829664     h 
          2.528752612117         -1.397505571245         -2.183086137838     h 
          1.637774570158          0.312173681635          3.248767155474     h 
          2.149443870208          3.305400545421         -3.044863219318     h 
         -4.733885417093         -1.259133544312          0.554127581858     h 
         -1.069686211658         -3.634123656269          3.328992617897     h 
          4.585701372609          0.593608193244         -0.471647735082     h 
         -1.435036805319          1.644934215115         -2.267150386514     n 
         -1.414350997943          0.432793761390         -3.748402617268     h 
         -2.493638048424          3.174340028750         -2.710791022044     h 
$end
