           1           2  0.907263556691287     
           1           3  0.844791827890436     
           4           5  0.788447889134161     
           4           6  0.819888517266787     
           7           8  0.784853681467194     
           7           9  0.849918515754087     
          10          11  0.818813339577082     
          10          12  0.830692225130743     
          13          14  0.847053026423071     
          13          15  0.835386408146762     
          16          17  0.802276749790271     
          16          18  0.855606822902962     
          19          20  0.789532096602032     
          19          21  0.798331212568826     
          22          23  0.859534890255617     
          22          24  0.841710687215855     
          25          26  0.817492959862607     
          25          27  0.852450765834376     
          28          29  0.818475083373488     
          28          30  0.810432623636726     
          31          32  0.804424211781786     
          31          33  0.816632133300648     
          34          35  0.800247078704973     
          34          36  0.789790690584931     
          37          38  0.830065580634658     
          37          39  0.830792201055710     
          40          41  0.822049086096471     
          40          42  0.826066267818005     
          43          44  0.822107187195842     
          43          45  0.810728572682390     
          46          47  0.864258002665682     
          46          48  0.800426518822314     
          49          50  0.835366470950256     
          49          51  0.823234454542123     
          52          53  0.842320884138804     
          52          54  0.836647007506681     
          55          56  0.879395781463995     
          55          57  0.814352626758609     
          58          59  0.846768060710838     
          58          60  0.812078101584040     
          61          62  0.867142920599531     
          61          63  0.814355054541405     
          64          65  0.814530989509731     
          64          66  0.850469319028138     
          67          68  0.818987304531216     
          67          69  0.820319595953837     
          70          71  0.850734190431484     
          70          72  0.833262969753835     
          73          74  0.842933011583010     
          73          75  0.879082752351670     
          76          77  0.827337815246401     
          76          78  0.813096225507421     
          79          80  0.804502567476258     
          79          81  0.806117699906436     
          82          83  0.842201322974514     
          82          84  0.809626601032857     
          85          86  0.832848844971656     
          85          87  0.822906128840698     
          88          89  0.804877296235378     
          88          90  0.804364243321931     
          91          92  0.824968001248496     
          91          93  0.837546047945058     
          94          95  0.814039256904056     
          94          96  0.800120700865316     
          97          98  0.827683303461738     
          97          99  0.815288603571583     
         100         101  0.813403322761121     
         100         102  0.817594630216551     
         103         104  0.806940121752067     
          67         105  0.112472504314030     
         103         105  0.735282843141081     
         106         107  0.819977447495172     
         106         108  0.859858145918354     
         109         110  0.835748262423124     
         109         111  0.820694901007420     
         112         113  0.818827024016238     
         112         114  0.826515231981088     
         115         116  0.836382549255672     
         115         117  0.813172798670055     
         118         119  0.826627948487280     
         118         120  0.804650451391480     
         121         122  0.812563611516740     
         121         123  0.808212087860571     
         124         125  0.813306901679561     
         124         126  0.805253874014198     
         127         128  0.845084750986218     
         127         129  0.869577827408149     
         130         131  0.868837340352157     
         130         132  0.789516533007877     
         133         134  0.808291161346722     
         133         135  0.837977267588434     
         136         137  0.814263019286318     
         136         138  0.875343107746940     
         139         140  0.807141194683931     
         139         141  0.823571617959166     
         142         143  0.808088240096387     
         142         144  0.875691486085861     
         145         146  0.803508148257524     
         145         147  0.824904174110877     
         148         149  0.801950429181529     
         148         150  0.822162101547851     
         151         152  0.779768877324750     
         151         153  0.828869373205914     
         154         155  0.865640991686000     
         154         156  0.809662671680106     
         157         158  0.799961805310717     
         157         159  0.794686120732603     
         160         161  0.843397189077827     
         160         162  0.840041113772663     
         163         164  0.831144987149528     
         163         165  0.802851341328161     
         166         167  0.838590469668163     
         166         168  0.828851493881993     
         169         170  0.839636156381129     
         169         171  0.809019393552901     
         172         173  0.848935103336942     
         172         174  0.861016019173132     
         175         176  0.794018935064804     
         175         177  0.810169426556794     
         178         179  0.831448926852725     
         178         180  0.856855235055554     
         181         182  0.801392982345032     
         181         183  0.809690894732267     
         184         185  0.839471026956013     
         184         186  0.844397875440407     
         187         188  0.825018094475697     
         187         189  0.815319175337332     
         190         191  0.846778243038208     
         190         192  0.851346234465349     
         193         194  0.823079401129392     
         193         195  0.826168821025217     
         196         197  0.798580850951377     
         196         198  0.778243505589901     
         199         200  0.874012832136413     
         199         201  0.785210843374928     
         202         203  0.800219361659265     
         202         204  0.841715403515376     
         205         206  0.874905236459512     
         205         207  0.796133910786617     
         208         209  0.874407084404905     
         208         210  0.845997173150797     
         211         212  0.869427165172965     
         211         213  0.831716393438103     
         214         215  0.804157574789960     
         214         216  0.803490447805418     
         217         218  0.833331723973152     
         217         219  0.834177832613478     
         220         221  0.803301300842675     
         220         222  0.882448329036107     
         223         224  0.843180916488349     
         223         225  0.820052300887269     
         226         227  0.846436146468643     
         226         228  0.898356982440366     
         229         230  0.778019434438376     
         229         231  0.868550108503525     
         232         233  0.779576143179685     
         232         234  0.862497087383381     
         235         236  0.814468594674867     
         235         237  0.802616531943865     
         238         239  0.838701864675330     
         238         240  0.832464700442054     
         241         242  0.824733904678461     
         241         243  0.834942909370455     
         244         245  0.869576118738860     
         244         246  0.804099328538063     
         247         248  0.820069865721575     
         247         249  0.785240542144425     
         250         251  0.825519715947717     
         250         252  0.853428978192115     
         253         254  0.825015934041921     
         253         255  0.821735697051122     
         256         257  0.826251963132255     
         256         258  0.862990183512085     
         259         260  0.869549790696449     
         259         261  0.813570484380146     
         262         263  0.804984978462743     
         262         264  0.816498951034357     
         265         266  0.885139033522630     
         265         267  0.790223085192712     
         268         269  0.836727929549090     
         268         270  0.863611062006574     
         271         272  0.791376168590314     
         271         273  0.839265421455665     
         274         275  0.848858792847378     
         274         276  0.812605866790784     
         277         278  0.809528956877726     
         277         279  0.800711653844803     
         280         281  0.822936562983743     
         280         282  0.813903519934806     
         283         284  0.860553944447634     
         283         285  0.867799704453995     
         286         287  0.827895818623781     
         286         288  0.878441941300834     
         289         290  0.802637169793331     
         289         291  0.915278190813922     
         292         293  0.888003849984592     
         292         294  0.815803179640278     
         295         296  0.835904808521821     
         295         297  0.865377907123142     
         298         299  0.815353042440004     
         298         300  0.818158765499194     
         301         302  0.802096248520421     
         301         303  0.851227709267941     
         304         305  0.808810859933350     
         304         306  0.884014026131626     
         307         308  0.806292548059752     
         307         309  0.820881121728918     
         310         311  0.771250314821668     
         310         312  0.812505719298980     
         313         314  0.771917957535119     
         313         315  0.807037929041965     
         316         317  0.865473554512704     
         316         318  0.831043187390368     
         319         320  0.863542937835455     
         319         321  0.841753032470025     
         322         323  0.823604997548123     
         322         324  0.836991210928202     
         325         326  0.887896507742738     
         325         327  0.803356200844814     
         328         329  0.821675160898060     
         328         330  0.802918652237905     
         331         332  0.867210112632716     
         331         333  0.843740829090762     
         334         335  0.839815276229459     
         334         336  0.815615036103226     
         337         338  0.802346357257275     
         337         339  0.800889630104655     
         340         341  0.788005543463810     
         340         342  0.895561887366359     
         343         344  0.806836019679095     
         343         345  0.811962281922338     
         346         347  0.834459420082697     
         346         348  0.831992794199217     
         349         350  0.813728252115932     
         349         351  0.809618356765213     
         352         353  0.903439466553990     
         352         354  0.782955237061492     
         355         356  0.827402520231343     
         355         357  0.827698617562382     
         358         359  0.817121147884082     
         358         360  0.829413671753046     
         361         362  0.865032259240586     
         361         363  0.791413894686940     
         364         365  0.840584496895189     
         364         366  0.796419122011782     
         367         368  0.806802066427595     
         367         369  0.813826299795196     
         370         371  0.832603950036206     
         370         372  0.915633590973117     
         373         374  0.822475231579975     
         373         375  0.872819656046730     
         376         377  0.799707795189511     
         376         378  0.836427553537393     
         379         380  0.808673256335335     
         379         381  0.828939634231431     
         382         383  0.795368316393950     
         382         384  0.852891657021060     
         385         386  0.779925507629556     
         385         387  0.917343451566896     
         388         389  0.829033122080133     
         388         390  0.791177843202601     
         391         392  0.873190316119901     
         391         393  0.803049040748959     
         394         395  0.823721205690589     
         394         396  0.872903212111980     
         397         398  0.777822810877945     
         397         399  0.902858077912250     
         400         401  0.914275558217741     
         400         402  0.812977629767084     
         403         404  0.813170730979984     
         403         405  0.847309988637577     
         406         407  0.829500788658300     
         406         408  0.817633732643195     
         409         410  0.844052622523523     
         409         411  0.865550146406023     
         412         413  0.835039433583822     
         412         414  0.816853288911930     
         415         416  0.858960959510137     
         415         417  0.841149269224231     
         418         419  0.864512048666393     
         418         420  0.864566774564732     
         421         422  0.802934554794398     
         421         423  0.798156732547942     
         424         425  0.801611205651409     
         424         426  0.830424359192888     
         427         428  0.827363079090784     
         427         429  0.822364175123875     
         430         431  0.792186028040618     
         430         432  0.853139392215095     
         433         434  0.883127962813430     
         433         435  0.810059192217982     
         436         437  0.887584978123790     
         436         438  0.815261797828335     
         439         440  0.822155608086532     
         439         441  0.805781707144726     
         442         443  0.829552183695614     
         442         444  0.834890024873703     
         445         446  0.827197390695292     
         445         447  0.850288605432934     
         448         449  0.840970511205977     
         448         450  0.840751229330494     
         451         452  0.865758129735052     
         451         453  0.783014165187112     
         454         455  0.831746169860317     
         454         456  0.816200968251901     
         457         458  0.845615154939913     
         457         459  0.824020512876444     
         460         461  0.804650031753505     
         460         462  0.803785248411906     
         463         464  0.876559736377903     
         463         465  0.806763696250875     
         466         467  0.889356103640912     
         466         468  0.853290611381073     
         469         470  0.917342122668233     
         469         471  0.841000386053492     
         472         473  0.814586778399525     
         472         474  0.905930804030080     
         475         476  0.815329001266791     
         475         477  0.810378786996227     
         478         479  0.804285891548045     
         478         480  0.864875305453496     
         481         482  0.850192970654646     
         481         483  0.865600232667802     
         484         485  0.802305243740406     
         484         486  0.912836700047854     
         487         488  0.854284600487162     
         487         489  0.864137071714341     
         490         491  0.866311582978284     
         490         492  0.809417834113715     
         493         494  0.835950194390576     
         493         495  0.813952345374628     
         496         497  0.915444277877977     
         496         498  0.801002754582568     
         499         500  0.785403950619182     
         499         501  0.820208022463897     
         502         503  0.814172529009803     
         502         504  0.835654838940799     
         505         506  0.810568946689044     
         505         507  0.873856997292018     
         508         509  0.843680350119412     
         508         510  0.808668188447224     
         511         512  0.826089463117429     
         511         513  0.876517973417818     
         514         515  0.825583639198864     
         514         516  0.847402656294700     
         517         518  0.854934744203286     
         517         519  0.876814494301896     
         520         521  0.802696904554068     
         520         522  0.910818430539911     
         523         524  0.795079649407827     
         523         525  0.909400820177402     
         526         527  0.808498990206514     
         526         528  0.867055842170467     
         529         530  0.808224991463140     
         529         531  0.841824162001727     
         532         533  0.918065758874858     
         532         534  0.804271597809442     
         535         536  0.862345651273694     
         535         537  0.841100632365380     
         538         539  0.833710690539837     
         538         540  0.883345950775031     
         541         542  0.849120939847230     
         541         543  0.838501348760686     
         544         545  0.844223917909760     
         544         546  0.827954374343267     
         547         548  0.805568194140013     
         547         549  0.815155913452984     
         550         551  0.863969282075819     
         550         552  0.781805351723710     
         553         554  0.810035595373991     
         553         555  0.818703140925490     
         556         557  0.827478814319999     
         556         558  0.798393135095440     
         559         560  0.799847680027319     
         559         561  0.822503012605704     
         562         563  0.838968056088709     
         562         564  0.838778744079325     
         565         566  0.835778075142463     
         565         567  0.817768096516526     
         233         568  0.100103765470222     
         568         569  0.841132910851192     
         568         570  0.837489536414965     
         571         572  0.834007588431736     
         571         573  0.831090558759741     
         574         575  0.860949481164625     
         574         576  0.839446524114864     
         577         578  0.817419888638562     
         577         579  0.878655234981515     
         580         581  0.889397457812063     
         580         582  0.772429788913173     
         583         584  0.866432024656514     
         583         585  0.900142465670268     
         586         587  0.902212986329144     
         118         588  0.106584049921807     
         586         588  0.755548204143498     
         589         590  0.824641155347561     
         589         591  0.783279708960355     
         592         593  0.825587332068228     
         592         594  0.817725751353068     
         595         596  0.901885568469147     
         595         597  0.788773340067172     
         598         599  0.807145517253635     
         598         600  0.856031179986085     
         601         602  0.868469676654468     
         601         603  0.814254961678665     
         604         605  0.821045803952489     
         604         606  0.828761341308933     
         607         608  0.828488010023654     
         607         609  0.830831284645499     
         610         611  0.860826537818227     
         610         612  0.813945152503683     
         613         614  0.854979055948504     
         613         615  0.849886314183783     
         616         617  0.797501946236294     
         616         618  0.906992028243435     
         619         620  0.870143667865768     
         619         621  0.860376516188119     
         622         623  0.919328740715149     
         622         624  0.817933595133539     
         328         626  0.101162411783077     
         625         626  0.771452669431224     
         625         627  0.916104299536124     
         628         629  0.798451254198445     
         628         630  0.832512449423947     
         631         632  0.820011998922033     
         631         633  0.821151720764339     
         634         635  0.832633616494098     
         634         636  0.848251141577602     
         637         638  0.842318438258443     
         637         639  0.845677663852756     
         640         641  0.816940037119661     
         640         642  0.832299832888941     
         643         644  0.871022637454142     
         643         645  0.844357983040835     
         646         647  0.852834268515242     
         646         648  0.826361432835569     
         649         650  0.811823289451793     
         649         651  0.918322371842703     
         652         653  0.920060951842838     
         652         654  0.810144864708157     
         655         656  0.823352438434105     
         655         657  0.803686918248697     
         658         659  0.827283153628512     
         658         660  0.855598615281976     
         661         662  0.802441737744993     
         661         663  0.833934770515085     
         664         665  0.868047911349906     
         664         666  0.815541192883153     
         667         668  0.852897215226186     
         667         669  0.845793622842973     
         670         671  0.834796250657430     
         670         672  0.818018074344422     
         673         674  0.849033733314146     
         673         675  0.826956055173284     
         676         677  0.880290572911094     
         676         678  0.852709760558761     
         679         680  0.823463806272950     
         679         681  0.808111010549814     
         682         683  0.825977307187637     
         682         684  0.817489874207282     
         685         686  0.841573004235758     
         685         687  0.841417796503907     
         688         689  0.843904786640905     
         688         690  0.843946774070230     
         691         692  0.848273760519906     
         691         693  0.822654241601565     
         694         695  0.843275219376158     
         694         696  0.832308876706406     
         697         698  0.831095573761231     
         697         699  0.847007857670203     
         700         701  0.809349780232844     
         700         702  0.838323976138471     
         703         704  0.824796637372279     
         703         705  0.855299642482817     
         706         707  0.827296186244730     
         706         708  0.832658001504084     
         709         710  0.908921146231282     
         709         711  0.823931870557285     
         712         713  0.801232726212029     
         712         714  0.852249111312138     
         715         716  0.790046967998979     
         715         717  0.872908459864184     
         718         719  0.842761044303952     
         718         720  0.842333831254650     
         721         722  0.849914853347063     
         721         723  0.835123044402228     
         724         725  0.831852750492166     
         724         726  0.806036931138476     
         727         728  0.853199124014385     
         727         729  0.861338659496812     
         730         731  0.825890349617806     
         730         732  0.840203304514679     
         733         734  0.850441857280624     
         733         735  0.884683285640038     
         736         737  0.832465829716621     
         736         738  0.890535040427883     
         739         740  0.902069943269256     
         739         741  0.838504827711556     
         742         743  0.790573248848854     
         742         744  0.905419929173565     
         745         746  0.830014340679549     
         745         747  0.822714598071604     
         748         749  0.841758871073017     
         748         750  0.799185071941952     
         751         752  0.790222189814079     
         751         753  0.828076562857227     
         754         755  0.879339609434626     
         754         756  0.848502259844983     
