   -0.66129571
    0.33255432
    0.31357452
   -0.65951645
    0.34249920
    0.34967228
   -0.68526632
    0.34181655
    0.35305294
   -0.68231203
    0.35318421
    0.33343769
   -0.70260506
    0.33962751
    0.35705484
   -0.68258484
    0.32624594
    0.36490441
   -0.67834985
    0.34005708
    0.35683053
   -0.66611312
    0.34144875
    0.32668289
   -0.66874494
    0.35700338
    0.33885990
   -0.67413583
    0.34812978
    0.34494685
   -0.68450165
    0.34583870
    0.34292304
   -0.69112536
    0.34902679
    0.35021782
   -0.68000412
    0.34025300
    0.33097834
   -0.69913762
    0.34273365
    0.34717297
   -0.69084755
    0.35553018
    0.33092112
   -0.70145754
    0.35366443
    0.34602099
   -0.69124729
    0.35158263
    0.37152217
   -0.65678026
    0.30564190
    0.33547396
   -0.66174160
    0.34841863
    0.33146636
   -0.66113893
    0.32816405
    0.32552565
   -0.68040487
    0.34435044
    0.34920991
   -0.67315329
    0.32538632
    0.35071839
   -0.69496475
    0.33902897
    0.36896026
   -0.67624469
    0.32880032
    0.34366844
   -0.68160761
    0.34354913
    0.34145986
   -0.69551849
    0.35095350
    0.34947658
   -0.67774573
    0.35146946
    0.33195751
   -0.67397546
    0.33081493
    0.30939700
   -0.70120476
    0.34207886
    0.36058454
   -0.68930308
    0.35143291
    0.33616619
   -0.68869760
    0.36080982
    0.34010198
   -0.68094839
    0.35090904
    0.34230441
   -0.68291603
    0.36071828
    0.31721118
   -0.69513765
    0.34949307
    0.34969109
   -0.67917208
    0.33540419
    0.32703124
   -0.68862913
    0.35765722
    0.33845596
   -0.67395879
    0.31093200
    0.33807363
   -0.66677224
    0.33285118
    0.33713267
   -0.66512015
    0.29716152
    0.34968887
   -0.66806737
    0.31097429
    0.34978843
   -0.67609943
    0.35171332
    0.33594416
   -0.68170744
    0.33337949
    0.35514045
   -0.67192153
    0.29470890
    0.34778351
   -0.65489142
    0.33290000
    0.34560023
   -0.66846921
    0.34400734
    0.34579238
   -0.70296303
    0.34309508
    0.34495799
   -0.67801101
    0.35829355
    0.32469872
   -0.61813787
    0.34978351
    0.29727832
   -0.65332296
    0.33285935
    0.33125715
   -0.70114301
    0.32691894
    0.34868926
   -0.66462343
    0.34061059
    0.34723666
   -0.66113352
    0.33637275
    0.33051743
   -0.66058935
    0.32795477
    0.34188682
   -0.66510715
    0.35365628
    0.34685307
   -0.68615629
    0.33443164
    0.34514106
   -0.69618818
    0.35060002
    0.35853765
   -0.70407082
    0.34982492
    0.36030538
   -0.67103144
    0.31906797
    0.34208145
   -0.70308283
    0.36440898
    0.34508737
   -0.66319783
    0.33510913
    0.32865881
   -0.69169353
    0.34333682
    0.35624591
   -0.67046902
    0.32531406
    0.32972351
   -0.69309764
    0.32544262
    0.32935542
   -0.66309828
    0.30564632
    0.36198381
   -0.66246296
    0.33609433
    0.32185356
   -0.64765251
    0.34382732
    0.28876127
   -0.68634792
    0.35704825
    0.35415274
   -0.68811798
    0.35440286
    0.32827276
   -0.64427642
    0.35732735
    0.29325773
   -0.63630591
    0.32461133
    0.33276558
   -0.67989820
    0.35112121
    0.33280893
   -0.70077979
    0.35915569
    0.35746112
   -0.66998942
    0.35173106
    0.34320109
   -0.67426419
    0.32329747
    0.35361627
   -0.65921771
    0.32718009
    0.33993224
   -0.67358160
    0.34949765
    0.33069903
   -0.71581378
    0.36032781
    0.35279924
   -0.65870097
    0.32626396
    0.32382652
   -0.66749868
    0.35323118
    0.33086305
   -0.68169535
    0.34815193
    0.34268349
   -0.66492009
    0.33120350
    0.31249613
   -0.67348909
    0.31719137
    0.34393420
   -0.67728602
    0.33995692
    0.34569645
   -0.62767857
    0.31191586
    0.32598729
   -0.66971914
    0.33366684
    0.33669287
   -0.66350303
    0.35317005
    0.30757618
   -0.67945921
    0.33908287
    0.32435072
   -0.69041335
    0.35102738
    0.34413869
   -0.66167318
    0.33038093
    0.32216589
   -0.68523382
    0.33802823
    0.33458510
   -0.71210671
    0.33306068
    0.36680317
   -0.63723673
    0.34966227
    0.29079984
   -0.63697850
    0.29148423
    0.34835456
   -0.69357143
    0.32923187
    0.36513975
   -0.64109618
    0.36367893
    0.28237854
   -0.66036798
    0.32844772
    0.31868201
   -0.66434625
    0.31454282
    0.35790748
   -0.64914297
    0.35634969
    0.28404231
   -0.64687071
    0.32055423
    0.32502839
   -0.68076431
    0.35845597
    0.33236003
   -0.67572941
    0.36278715
    0.32126211
   -0.61437986
    0.34834023
    0.28667244
   -0.68221927
    0.31080380
    0.35617040
   -0.67634840
    0.35220514
    0.33315736
   -0.68165828
    0.35688500
    0.32875444
   -0.64314709
    0.33221779
    0.30388209
   -0.64875317
    0.33508621
    0.32340340
   -0.68340769
    0.33745103
    0.35042585
   -0.69415022
    0.33436193
    0.35151544
   -0.68887326
    0.36199763
    0.33628017
   -0.70991540
    0.33435373
    0.35204218
   -0.69035401
    0.35440126
    0.35769901
   -0.66300595
    0.35926508
    0.32759759
   -0.66837327
    0.33203569
    0.32993943
   -0.66661262
    0.32914508
    0.35093248
   -0.65325727
    0.33429993
    0.33815373
   -0.69361976
    0.35736608
    0.34114905
   -0.65686140
    0.35742581
    0.29807277
   -0.68108162
    0.33561739
    0.31364443
   -0.65075998
    0.32592887
    0.32430868
   -0.62725609
    0.28782067
    0.34497645
   -0.70207076
    0.34980677
    0.36170435
   -0.68208645
    0.34680730
    0.32056571
   -0.62266963
    0.34133423
    0.29349532
   -0.65694345
    0.33563931
    0.31903702
   -0.67394752
    0.35117608
    0.31743716
   -0.67610710
    0.33098058
    0.34731779
   -0.68627177
    0.35084927
    0.32961687
   -0.64567895
    0.32572990
    0.32835983
   -0.69631650
    0.35517312
    0.34857596
   -0.63850591
    0.35505084
    0.27813127
   -0.67221430
    0.34431800
    0.32827476
   -0.68515707
    0.35285578
    0.32820759
   -0.66192336
    0.31020417
    0.35093494
   -0.67865439
    0.35916175
    0.34708631
   -0.62822994
    0.34645166
    0.28586969
   -0.67768403
    0.37042336
    0.32585365
   -0.68326705
    0.32936752
    0.36560154
   -0.67933952
    0.31850149
    0.35278114
   -0.68587687
    0.35164359
    0.31104834
   -0.72154264
    0.35524019
    0.33756466
   -0.69166299
    0.35345933
    0.32004683
   -0.67906064
    0.34225509
    0.31121958
   -0.65196761
    0.31021941
    0.34116216
   -0.67700826
    0.34921591
    0.33170878
   -0.66094395
    0.32197422
    0.32042191
   -0.62640494
    0.31911941
    0.33794282
   -0.68429246
    0.35933239
    0.32921060
   -0.69944658
    0.33407598
    0.34466489
   -0.65656891
    0.32403646
    0.32870259
   -0.69315874
    0.34890070
    0.33362057
   -0.69423463
    0.35310193
    0.34573963
   -0.68419507
    0.34228028
    0.32429535
   -0.67389862
    0.32877059
    0.35430191
   -0.65325612
    0.33041714
    0.33033933
   -0.68167584
    0.34289686
    0.31922643
   -0.67191834
    0.32343601
    0.33731021
   -0.64067953
    0.32033767
    0.32254544
   -0.67573056
    0.31953174
    0.34219744
   -0.66517565
    0.32136978
    0.31970096
   -0.64157166
    0.32279797
    0.32688279
   -0.63779217
    0.31628105
    0.33032313
   -0.64352711
    0.34285598
    0.29825317
   -0.66050888
    0.33040065
    0.32399935
   -0.66795219
    0.29862041
    0.36842034
   -0.64099957
    0.35667707
    0.27937054
   -0.66621147
    0.32500049
    0.32961557
   -0.68129273
    0.34432347
    0.32397618
   -0.66012626
    0.34911588
    0.29785343
   -0.69975443
    0.35510463
    0.34113162
   -0.68035911
    0.33256499
    0.33319049
   -0.66447551
    0.31103825
    0.36169564
   -0.67345614
    0.35304452
    0.31984628
   -0.67463876
    0.34456326
    0.31913020
   -0.65988540
    0.31025809
    0.34816022
   -0.67506592
    0.30837758
    0.35037581
   -0.69692147
    0.35239150
    0.35637510
   -0.65353649
    0.31408602
    0.34604100
   -0.68065702
    0.33281873
    0.32568322
   -0.66804131
    0.34497299
    0.31948830
   -0.62782886
    0.32267379
    0.32358319
   -0.67707508
    0.32725996
    0.33459021
   -0.66961089
    0.31919669
    0.34789193
   -0.69251745
    0.32748472
    0.33946844
   -0.64882761
    0.32575737
    0.32685148
   -0.68894392
    0.32512745
    0.35457720
   -0.63466336
    0.34721663
    0.31205834
   -0.67600610
    0.34031120
    0.34060500
   -0.68362386
    0.32039513
    0.35009835
   -0.70916926
    0.33495909
    0.35071926
   -0.70780719
    0.35036853
    0.33959336
   -0.68137149
    0.33492855
    0.35676955
   -0.64738459
    0.32359528
    0.32398888
   -0.62113905
    0.28015519
    0.34931362
   -0.67672422
    0.33408411
    0.32908614
   -0.65527807
    0.33079900
    0.32079625
   -0.68183043
    0.35357491
    0.33465346
   -0.66258754
    0.33510281
    0.31916762
   -0.64585430
    0.35410559
    0.27962053
   -0.67448907
    0.35463574
    0.31724350
   -0.65980513
    0.30974731
    0.33493388
   -0.63133702
    0.34557835
    0.30249153
   -0.64985981
    0.33070503
    0.32819876
   -0.65001784
    0.33506976
    0.31978226
   -0.66195962
    0.31274976
    0.35215877
   -0.68731209
    0.32389394
    0.33203700
   -0.70596773
    0.34988629
    0.32515312
   -0.66277884
    0.33591568
    0.32080874
   -0.63921252
    0.36527279
    0.28246372
   -0.65872635
    0.33906740
    0.34927026
   -0.68192715
    0.34867163
    0.32753679
   -0.64126891
    0.33274708
    0.32094926
   -0.67057653
    0.33589943
    0.33590911
   -0.67191592
    0.31098865
    0.34389571
   -0.65858100
    0.32740309
    0.32767694
   -0.64042677
    0.31305651
    0.31985595
   -0.65636628
    0.31548731
    0.34047711
   -0.62553819
    0.34195785
    0.29660206
   -0.68035497
    0.33207381
    0.34894731
   -0.68690278
    0.32468312
    0.33655022
   -0.69141593
    0.34055444
    0.33291120
   -0.64729630
    0.33388499
    0.31571683
   -0.65855409
    0.35025207
    0.33417567
   -0.68533139
    0.35004337
    0.33600141
   -0.68752164
    0.34483732
    0.32823237
   -0.67992131
    0.33764697
    0.32542885
   -0.65722685
    0.35946680
    0.31673878
   -0.66719967
    0.33809878
    0.35322207
   -0.66770912
    0.33695023
    0.34907190
   -0.66612092
    0.31465571
    0.35758763
   -0.65440410
    0.32896972
    0.33198749
   -0.63937428
    0.28884224
    0.35601966
   -0.65967096
    0.31096224
    0.34145406
   -0.67968685
    0.32298142
    0.35071791
   -0.68433263
    0.34021629
    0.34390959
   -0.68660547
    0.35421902
    0.33517755
   -0.64734751
    0.34959389
    0.27802400
   -0.67412405
    0.32444546
    0.32752282
   -0.66165022
    0.32717311
    0.32914782
   -0.66827025
    0.35598928
    0.33728822
   -0.63395229
    0.32464721
    0.32681396
   -0.68071950
    0.33385973
    0.33524546
   -0.64580673
    0.35091100
    0.28274458
   -0.64121607
    0.32121731
    0.32358818
   -0.67786991
    0.34258532
    0.33977782
   -0.65870478
    0.30844120
    0.34842716
   -0.65883404
    0.31128365
    0.34111973
   -0.63673941
    0.32879953
    0.31966289
   -0.67333287
    0.33061724
    0.33718724
   -0.68477328
    0.31707030
    0.36277556
   -0.63917297
    0.32684643
    0.32981986
   -0.56509550
    0.28256524
    0.28253026
