           1           2  0.845504349874967     
           1           3  0.868973371208704     
           4           5  0.838061039303140     
           4           6  0.811824168587058     
           7           8  0.856528702754217     
           7           9  0.793013832709964     
          10          11  0.794563509821314     
          10          12  0.844988216427102     
          13          14  0.818152051433892     
          13          15  0.773811755894512     
          16          17  0.848869623353425     
          16          18  0.782175205221307     
          19          20  0.837353590922701     
          19          21  0.807819730793620     
          22          23  0.833291109719495     
          22          24  0.843974675205450     
          25          26  0.806504687916266     
          25          27  0.834513627850003     
          28          29  0.808712088614919     
          28          30  0.854699175716360     
          31          32  0.811473849319583     
          31          33  0.810660849741935     
          34          35  0.808309239975317     
          34          36  0.797735626973158     
          37          38  0.820830946396333     
          37          39  0.846354800962065     
          40          41  0.804261412181046     
          40          42  0.809213579594582     
          43          44  0.813425210239569     
          43          45  0.839877936164138     
          46          47  0.811649651263392     
          46          48  0.790020676980921     
          49          50  0.801904689835549     
          49          51  0.815108973908497     
          52          53  0.876057081538707     
          52          54  0.823351973278857     
          55          56  0.825857240697798     
          55          57  0.841763439186144     
          58          59  0.826597135598433     
          58          60  0.837145244536281     
          61          62  0.820235243102816     
          61          63  0.816272081084760     
          64          65  0.861611750080285     
          64          66  0.823634653528439     
          67          68  0.834462472048922     
          67          69  0.786488540518355     
          70          71  0.825437247145690     
          70          72  0.828240297339402     
          73          74  0.801645083562247     
          73          75  0.818004606940013     
          76          77  0.842256436753657     
          76          78  0.785699554725229     
          79          80  0.808984041789413     
          79          81  0.857893724577974     
          82          83  0.839373363927298     
          82          84  0.871815847094127     
          85          86  0.812849507044003     
          85          87  0.798147800650300     
          88          89  0.800154886446966     
          88          90  0.834418259730448     
          91          92  0.798514350730618     
          91          93  0.811711141084408     
          94          95  0.804574177264101     
          94          96  0.838852363084154     
          97          98  0.770593841885718     
          97          99  0.854762641706614     
         100         101  0.801797746383265     
         100         102  0.813022020956491     
         103         104  0.833099764886953     
         103         105  0.846164086846109     
         106         107  0.787806766672113     
         106         108  0.838684842579087     
         109         110  0.864647245283633     
         109         111  0.828565622774304     
         112         113  0.841945074112319     
         112         114  0.846878771182984     
         115         116  0.892027148704357     
         115         117  0.805234982944354     
         118         119  0.868744091516171     
         118         120  0.804970789426677     
         121         122  0.807802240697327     
         121         123  0.834293909573866     
         124         125  0.859589634135460     
         124         126  0.787696796975572     
         127         128  0.896501626962192     
         127         129  0.798498033347490     
         130         131  0.858558901203538     
         130         132  0.824577249935808     
         133         134  0.853845297750549     
         133         135  0.800463699622410     
         136         137  0.821948356460423     
         136         138  0.805451860730254     
         139         140  0.781708675433978     
         139         141  0.860380159137334     
         142         143  0.844799251898702     
         142         144  0.907417937940889     
         145         146  0.859883494879339     
         145         147  0.846394374906276     
         148         149  0.833043939652809     
         148         150  0.824523493518919     
         151         152  0.832674760744397     
         151         153  0.832337204753676     
         154         155  0.825149196748891     
         154         156  0.832348702587496     
         157         158  0.853360404154081     
         157         159  0.830163616898061     
         160         161  0.835928150130111     
         160         162  0.804225164700702     
         163         164  0.820288397903649     
         163         165  0.805744415199228     
         166         167  0.810919690895739     
         166         168  0.799713406065652     
         169         170  0.791923371593084     
         169         171  0.792878720046668     
         172         173  0.866390322151750     
         172         174  0.810037753726753     
         175         176  0.797917797534160     
         175         177  0.780867462286612     
         178         179  0.826048026683687     
         178         180  0.862017735630356     
         181         182  0.814842526130784     
         181         183  0.792928040352120     
         184         185  0.857187467523940     
         184         186  0.826358920472853     
         187         188  0.844550749465342     
         187         189  0.826323757764529     
         190         191  0.888038647590779     
         190         192  0.797136995026674     
         193         194  0.817614592385616     
         193         195  0.869020765335833     
         196         197  0.809575673209953     
         196         198  0.907092479878965     
         199         200  0.784127446411090     
         199         201  0.823214079050113     
         202         203  0.799366631323643     
         202         204  0.839835362267519     
         205         206  0.799127226025210     
         205         207  0.907066335678408     
         208         209  0.871215475880667     
         208         210  0.862510278162502     
         211         212  0.810485446453248     
         211         213  0.839124693551148     
         214         215  0.811238056224052     
         214         216  0.796645368435906     
         217         218  0.843554156448217     
         217         219  0.826377591314818     
         220         221  0.856086416217608     
         220         222  0.805830556124488     
         223         224  0.838204007616241     
         223         225  0.836673801992660     
         226         227  0.809467880334409     
         226         228  0.858143268703429     
         229         230  0.774615189577598     
         229         231  0.786948336193516     
         232         233  0.838732245113663     
         232         234  0.853191922845060     
         235         236  0.797242013033224     
         235         237  0.836688154483846     
         238         239  0.820223016138066     
         238         240  0.819422449222105     
         241         242  0.818899182842656     
         241         243  0.860285573732903     
         244         245  0.858304624894215     
         244         246  0.815459724644853     
         247         248  0.834679708868105     
         247         249  0.815845531304067     
         250         251  0.890317670033566     
         250         252  0.855896350371118     
         253         254  0.825096247406981     
         253         255  0.834269874766423     
         256         257  0.789366513942798     
         256         258  0.880740935208338     
         259         260  0.812444538542467     
         259         261  0.842879607195961     
         262         263  0.833905598995394     
         262         264  0.801872390537427     
         265         266  0.824338805660349     
         265         267  0.859961189673766     
         268         269  0.829130835886718     
         268         270  0.811953336567885     
         271         272  0.821953678293282     
          16         273  0.111709665511952     
         271         273  0.746792990678747     
         274         275  0.810597180446291     
         274         276  0.909468831429640     
         277         278  0.908041885807400     
         277         279  0.813428870253310     
         280         281  0.826704709597251     
         280         282  0.794815746344737     
         283         284  0.771067735833638     
         283         285  0.915571546620402     
         286         287  0.845095880732855     
         286         288  0.859034226225017     
         289         290  0.885291335713789     
         289         291  0.796900662459784     
         292         293  0.774712705334196     
         292         294  0.912056960242319     
         295         296  0.877311832429429     
         295         297  0.844666315386051     
         298         299  0.797728770354194     
         298         300  0.841256038602606     
         301         302  0.765888851789007     
         301         303  0.872687299752379     
         304         305  0.838586847718541     
         304         306  0.911455264029655     
         307         308  0.859382514687753     
         307         309  0.795915925445315     
         310         311  0.801293737148489     
         310         312  0.828518584027072     
         313         314  0.793560558062454     
         313         315  0.827476774492926     
         316         317  0.844508803251615     
         316         318  0.901367777603544     
         319         320  0.842898888232772     
         319         321  0.851387398569834     
         322         323  0.829763904816116     
         322         324  0.789526111450374     
         325         326  0.825991894219091     
         325         327  0.787790046903771     
         328         329  0.782525843779348     
         328         330  0.845098560979710     
         331         332  0.794435970545427     
         331         333  0.790147626062747     
         334         335  0.820320860449289     
         334         336  0.806692096421360     
         337         338  0.807472449311822     
         337         339  0.859728437195494     
         340         341  0.815706530176963     
         340         342  0.847479034709745     
         343         344  0.847512569209302     
         343         345  0.821032271350506     
         346         347  0.857498164114038     
         346         348  0.829098418828987     
         349         350  0.787267594160534     
         349         351  0.840308556498020     
         352         353  0.794013967942582     
         352         354  0.899270606225700     
         355         356  0.797732727565951     
         355         357  0.866424365650399     
         358         359  0.861674085356160     
         358         360  0.851503071152557     
         361         362  0.912585145778783     
         361         363  0.832717491569514     
         364         365  0.819786412930730     
         364         366  0.788761057032232     
         367         368  0.805662228419488     
         367         369  0.846370703855818     
         370         371  0.820740267865597     
         370         372  0.908499953479256     
         373         374  0.822796484830243     
         373         375  0.856946816591206     
         376         377  0.808465103441186     
         376         378  0.860383854175674     
         379         380  0.832894062424652     
         379         381  0.811333924651199     
         382         383  0.817707717007111     
         382         384  0.835598561220157     
         385         386  0.850020346439121     
         385         387  0.859028838806429     
         388         389  0.787513978687435     
         388         390  0.824927899677195     
         391         392  0.798248733538379     
         391         393  0.915269415067337     
         394         395  0.822772826628474     
         394         396  0.824785945822009     
         397         398  0.789433297635046     
         397         399  0.846968220800696     
         400         401  0.884124620373363     
         400         402  0.785874300976665     
         403         404  0.809222102712601     
         403         405  0.826091206229898     
         406         407  0.797907053379617     
         406         408  0.913407515596093     
         409         410  0.769361854072605     
         409         411  0.863326500768453     
         412         413  0.848444660246756     
         412         414  0.798583094683362     
         415         416  0.862334671632339     
         415         417  0.792780998998581     
         418         419  0.797331014701369     
         418         420  0.858374272589795     
         421         422  0.787029874346505     
         421         423  0.808661756787914     
         424         425  0.784824045070295     
         424         426  0.842291723757961     
         427         428  0.816323112630722     
         427         429  0.868468183980643     
         430         431  0.895197659086215     
         430         432  0.811740116339991     
         433         434  0.810640682379284     
         433         435  0.840530132110912     
         436         437  0.853786721414570     
         436         438  0.842612554735533     
         439         440  0.883834450302335     
         439         441  0.850675423954834     
         442         443  0.782535962980758     
         442         444  0.845238834288230     
         445         446  0.816630833086982     
         445         447  0.793663331641699     
         448         449  0.861756545151732     
         448         450  0.845970533433713     
         451         452  0.814583679531055     
         451         453  0.819580267399677     
         454         455  0.800398848435121     
         454         456  0.821149770273810     
         457         458  0.820451609507829     
         457         459  0.846250944031271     
         460         461  0.848753557501251     
         460         462  0.819400020156120     
         463         464  0.848481085178052     
         463         465  0.852448126291859     
         466         467  0.789883126796806     
         466         468  0.835120831437938     
         469         470  0.858610240673215     
         469         471  0.822086040437205     
         472         473  0.861377547716004     
         472         474  0.862421934502814     
         475         476  0.848704741297842     
         475         477  0.817704373680567     
         478         479  0.830198995030341     
         478         480  0.857560106362861     
         481         482  0.864368731157259     
         481         483  0.856950108898688     
         484         485  0.866474558674984     
         484         486  0.859593675017011     
         487         488  0.797675743791674     
         487         489  0.901317661632429     
         490         491  0.840401007861543     
         490         492  0.852401994320619     
         493         494  0.896434499063551     
         181         495  0.106856937170081     
         493         495  0.749092673021667     
         496         497  0.779272593355960     
         496         498  0.912797929907566     
         499         500  0.841087841032044     
         499         501  0.850679962057291     
         502         503  0.818257978163681     
         502         504  0.851599574866697     
         505         506  0.800400930448028     
         505         507  0.899471492966111     
         508         509  0.799624255640459     
         508         510  0.813879626221568     
         511         512  0.807613156067411     
         511         513  0.815394656922144     
         514         515  0.888844397124224     
         514         516  0.784969910104224     
         517         518  0.812209704307641     
         517         519  0.855259728795885     
         520         521  0.781637849234191     
         520         522  0.865054566356208     
         523         524  0.884975889035173     
         523         525  0.809438703016164     
         526         527  0.866443833315100     
         526         528  0.803045285668840     
         529         530  0.792391710100695     
         529         531  0.810501301162766     
         532         533  0.884326498554006     
         532         534  0.805169264287307     
         535         536  0.822439693152318     
         535         537  0.842143775614087     
         538         539  0.789554224726897     
         538         540  0.862516243914750     
         541         542  0.871503639874418     
         541         543  0.867128650812302     
         544         545  0.848895460696387     
         544         546  0.832588990641041     
         547         548  0.858950701162590     
         547         549  0.811570718077088     
         550         551  0.838008013010190     
         550         552  0.805782190205661     
         553         554  0.854125933393525     
         553         555  0.840073178090385     
         556         557  0.828489979328392     
         556         558  0.785893479776373     
         559         560  0.826930723066263     
         559         561  0.891122728789497     
         562         563  0.836697856868464     
         562         564  0.824916655799381     
         565         566  0.852014168268275     
         565         567  0.788217599502100     
         568         569  0.802869619246036     
         568         570  0.774898527829848     
         571         572  0.788352960519102     
         571         573  0.807924405125239     
         574         575  0.825672532575850     
         574         576  0.813969741549105     
         577         578  0.864574080044455     
         577         579  0.851400853087566     
         580         581  0.916138585915584     
         580         582  0.835985729004505     
         583         584  0.847153972480468     
         583         585  0.820288912440189     
         586         587  0.822623046680825     
         586         588  0.864335942501450     
         589         590  0.794643636978011     
         589         591  0.825163333331097     
         592         593  0.824803317716813     
         592         594  0.864576937239022     
         595         596  0.786747196759434     
         595         597  0.914359036046112     
         598         599  0.827827542150720     
         598         600  0.862967868900738     
         601         602  0.878077464127160     
         601         603  0.820954165161406     
         604         605  0.795897309627470     
         604         606  0.898069530247917     
         607         608  0.858336228944458     
         607         609  0.853977310274251     
         610         611  0.833195589198322     
         610         612  0.864010861682935     
         613         614  0.884484494055709     
         613         615  0.812006960062819     
         616         617  0.834586021053826     
         616         618  0.811991010104399     
         619         620  0.784962528211753     
         619         621  0.820397628558837     
         622         623  0.838109232717888     
         622         624  0.852550818427712     
         625         626  0.782816148801579     
         625         627  0.913062379417928     
         628         629  0.843152340856191     
         628         630  0.837412443247676     
         631         632  0.812366660191099     
         631         633  0.843063160505628     
         634         635  0.865069767759881     
         634         636  0.851486156531352     
         637         638  0.834504766323292     
         637         639  0.827020403948695     
         640         641  0.876609820182644     
         640         642  0.801982790254960     
         643         644  0.848654942140055     
         643         645  0.831545894614638     
         646         647  0.860547789763284     
         646         648  0.883929192129554     
         649         650  0.866762382533462     
         649         651  0.829183637856979     
         652         653  0.824334480061427     
         652         654  0.908172894890598     
         655         656  0.818997185933577     
         655         657  0.836051230465551     
         658         659  0.825263657794140     
         658         660  0.805371793222946     
         661         662  0.826604021964427     
         661         663  0.804082789642470     
         664         665  0.851424270348210     
         664         666  0.877592794120189     
         667         668  0.824960082648086     
         667         669  0.848911464594859     
         670         671  0.808333475237482     
         670         672  0.837060020198505     
         673         674  0.804346016593659     
         673         675  0.836150311880931     
         676         677  0.815862959332348     
         676         678  0.847184984774014     
         679         680  0.818444630738152     
         679         681  0.874908730134458     
         682         683  0.850419718467847     
         682         684  0.813978335704317     
         685         686  0.841940652575137     
         685         687  0.802506811514293     
         688         689  0.882123797483026     
         688         690  0.801291245527443     
         691         692  0.861812560422567     
         691         693  0.840826006198466     
         694         695  0.913275235900207     
         694         696  0.780384127537625     
         697         698  0.883206446741895     
         697         699  0.821578149637754     
         700         701  0.848313383084750     
         700         702  0.806928973980532     
         703         704  0.809359473733846     
         703         705  0.826488153829093     
         706         707  0.777287390244882     
         706         708  0.842506685530711     
         709         710  0.780664892770617     
         709         711  0.917683588324501     
         712         713  0.845467399739045     
         712         714  0.835706684734763     
         715         716  0.844747880057525     
         715         717  0.837170247203377     
         718         719  0.806506155225658     
         718         720  0.839945576580322     
         721         722  0.856931329942632     
         721         723  0.867251740073201     
         724         725  0.837299394044760     
         724         726  0.804824307782726     
         727         728  0.780667762401734     
         727         729  0.912170035209618     
         730         731  0.861812193798882     
         730         732  0.861040349182821     
         733         734  0.812527483123965     
         733         735  0.806719613559738     
         736         737  0.885434609197131     
         736         738  0.820181720722540     
         739         740  0.877651635970248     
         739         741  0.816941462177476     
         742         743  0.842521253157083     
         742         744  0.873318559582528     
         745         746  0.829681625190339     
         745         747  0.842660285509829     
         748         749  0.854416404398797     
         748         750  0.788353863368292     
         751         752  0.876967397299887     
         751         753  0.886273235550958     
         754         755  0.920098124750199     
         754         756  0.920117891479506     
