$coord
          0.834939943134          2.282842021348          1.556689485068     h 
          1.027895641627          0.980608491273         -0.054148833266     c 
          0.839980606230          2.078662872652         -1.803713702051     h 
         -1.074991811657         -0.991715591371          0.045565714210     c 
         -0.817325593284         -2.131532131307          1.768523276788     h 
         -0.875235795239         -2.247365268468         -1.580676902603     h 
         -3.520352994942          0.249105503371         -0.121104776452     n 
         -4.920290948112         -1.058069029055         -0.136419175382     h 
         -3.796232020246          1.374794008829          1.407253834033     h 
          3.370755774215         -0.287391035277          0.043188658394     o 
          4.710084492613          0.933275378997         -0.111966872192     h 
$end
