   -0.63709960
    0.31184966
    0.31570791
   -0.66261229
    0.33335983
    0.32528583
   -0.66522189
    0.33030617
    0.32719845
   -0.63990100
    0.30047643
    0.34119616
   -0.64106243
    0.31882837
    0.32377350
   -0.65524457
    0.32929307
    0.33084168
   -0.62242604
    0.33946460
    0.28228488
   -0.62945776
    0.34167438
    0.28077003
   -0.63182411
    0.28331600
    0.34280540
   -0.61158997
    0.32704195
    0.29656936
   -0.64216082
    0.33042484
    0.31790326
   -0.63675947
    0.32378919
    0.32160994
   -0.63487747
    0.34801055
    0.28292986
   -0.63697778
    0.34442754
    0.27966767
   -0.67375739
    0.33988442
    0.31840124
   -0.62166174
    0.31807859
    0.31721003
   -0.63402445
    0.31296388
    0.31449595
   -0.64518247
    0.32757907
    0.31736240
   -0.63046091
    0.33181279
    0.31234594
   -0.63747083
    0.31661197
    0.32590162
   -0.63194458
    0.32130825
    0.31863465
   -0.65878992
    0.34073889
    0.33355816
   -0.61779770
    0.28437637
    0.34368094
   -0.64045870
    0.28655424
    0.33888436
   -0.63003087
    0.27880631
    0.33879819
