$coord
         -3.031959309267          3.584212191823         -0.096271616218     h 
         -1.694064852953          2.050659668631          0.378211507558     c 
          2.901569978195          1.555959309447          0.613895151954     c 
          3.276940382904         -1.055852316407         -0.572406874140     c 
         -2.476129749080         -0.335105358234         -0.859235501402     c 
          2.707556472316          1.320788126971          2.682555759716     h 
          3.001895500762         -0.892276900832         -2.609833213734     h 
         -2.062852063245         -0.532937713646         -2.837830442898     h 
         -1.762396757101          1.816238586467          2.456044074178     h 
          4.601946777921          2.672767481214          0.251720917590     h 
          5.247815935777         -1.651881890342         -0.221382659044     h 
          0.782490658856          2.905807772870         -0.477946749282     n 
          0.969902495196          4.772254652760         -0.077162589108     h 
         -4.439394525046         -1.965364791706          0.284356909215     c 
         -6.355177355674         -1.308907547725         -0.180824783691     h 
         -4.281237954705         -1.976754050267          2.336822386365     h 
         -4.276557260403         -3.896639361150         -0.405171845573     h 
          1.444791481220         -2.851795215116          0.387526300541     n 
          1.638957564985         -3.087734891381          2.278792970010     h 
          1.620574359799         -4.552484269859         -0.471650099541     h 
$end
