   -0.67345478
    0.31331885
    0.32354083
   -0.66373663
    0.33881416
    0.33785908
   -0.67141934
    0.33394579
    0.35211690
   -0.67266226
    0.32089075
    0.33803047
   -0.65408269
    0.32758549
    0.33920864
   -0.66743079
    0.31231193
    0.35863197
   -0.69165246
    0.35658597
    0.34125308
   -0.63998600
    0.31196619
    0.32284120
   -0.68063720
    0.33952783
    0.35086159
   -0.66523408
    0.34895050
    0.31695195
   -0.68624568
    0.31937870
    0.34710080
   -0.65614854
    0.36155123
    0.29490599
   -0.68709720
    0.35769840
    0.34427282
   -0.68180147
    0.34989363
    0.35235138
   -0.65619717
    0.33686254
    0.32662503
   -0.64504824
    0.30808203
    0.33321419
   -0.68296890
    0.34800230
    0.34000964
   -0.68673249
    0.34413300
    0.35606085
   -0.69492603
    0.32316373
    0.35091196
   -0.69678017
    0.34398895
    0.34905932
   -0.65066351
    0.29111319
    0.34757686
   -0.68290020
    0.32971859
    0.36707352
   -0.65913406
    0.32742893
    0.33269539
   -0.67522353
    0.33740960
    0.32620142
   -0.67643560
    0.35166105
    0.33544733
   -0.67702825
    0.33633706
    0.34534906
   -0.66198530
    0.31598832
    0.34085272
   -0.68176278
    0.35745720
    0.32299567
   -0.67516581
    0.33722583
    0.31565124
   -0.62520202
    0.28503277
    0.34823723
   -0.65164407
    0.30009285
    0.33572343
   -0.65898298
    0.34659390
    0.30762035
   -0.68455493
    0.32510369
    0.31788475
   -0.66188615
    0.35061281
    0.33329984
   -0.67960446
    0.35441914
    0.31142999
   -0.62982443
    0.28075240
    0.35097299
   -0.68668547
    0.34339108
    0.33885124
   -0.69447440
    0.36531437
    0.34916373
   -0.67576771
    0.31989633
    0.34562421
   -0.67437532
    0.32363634
    0.34220353
   -0.66351661
    0.33714550
    0.31873020
   -0.65134457
    0.34845901
    0.30171888
   -0.65098218
    0.32359131
    0.31607836
   -0.68780110
    0.35676718
    0.31602855
   -0.68169863
    0.32716331
    0.35361764
   -0.65203931
    0.35276995
    0.30749257
   -0.69163409
    0.34598531
    0.34008484
   -0.70148960
    0.35284724
    0.33445851
   -0.65837594
    0.29836387
    0.34516330
   -0.64406220
    0.31426794
    0.33245807
   -0.63549857
    0.28955721
    0.35342781
   -0.66831638
    0.34632350
    0.31512181
   -0.63604795
    0.33379485
    0.31933484
   -0.66918562
    0.33895708
    0.36667280
   -0.64344960
    0.33190124
    0.31881233
   -0.64571892
    0.33535382
    0.30957095
   -0.66782129
    0.33211418
    0.32968435
   -0.68121069
    0.35256204
    0.32903343
   -0.68474913
    0.35700977
    0.35345444
   -0.64133655
    0.32021727
    0.32013470
   -0.67567624
    0.33936348
    0.35580194
   -0.69318186
    0.35609163
    0.32915759
   -0.68678772
    0.33031700
    0.34380887
   -0.68108003
    0.33504799
    0.34912025
   -0.69814465
    0.34810644
    0.35236633
   -0.68431260
    0.34674697
    0.33827818
   -0.72531817
    0.36239008
    0.34795530
   -0.64444027
    0.33439421
    0.29184773
   -0.63691323
    0.28024638
    0.34293143
   -0.67508624
    0.35135985
    0.35591248
   -0.66814198
    0.34416258
    0.33904849
   -0.66264486
    0.34496268
    0.32394780
   -0.64070848
    0.30737038
    0.33889536
   -0.65890450
    0.31879423
    0.34424318
   -0.66158450
    0.33224182
    0.33952326
   -0.67645778
    0.35758738
    0.34517549
   -0.66827489
    0.33643712
    0.31739120
   -0.63159968
    0.34772741
    0.28478657
   -0.69090831
    0.32826502
    0.35789758
   -0.68249024
    0.32241571
    0.35371057
   -0.67564634
    0.32036472
    0.32720746
   -0.65917424
    0.34711940
    0.29937863
   -0.66457564
    0.33020577
    0.34255687
   -0.67832763
    0.35020428
    0.33148179
   -0.64311314
    0.28670414
    0.34895305
   -0.66780019
    0.33872159
    0.33335876
   -0.67318001
    0.32317497
    0.33450412
   -0.63259368
    0.35028185
    0.28916095
   -0.68803902
    0.32694910
    0.33716723
   -0.68307295
    0.32686603
    0.34109395
   -0.65841791
    0.31216167
    0.34129167
   -0.71884772
    0.34103187
    0.33785744
   -0.65486245
    0.32472602
    0.33548551
   -0.64437285
    0.31318005
    0.33465062
   -0.65476408
    0.33760850
    0.30973272
   -0.67277760
    0.36375406
    0.28611054
   -0.68715520
    0.32471013
    0.34432585
   -0.62138978
    0.34509700
    0.28871736
   -0.67186290
    0.33869573
    0.31975862
   -0.64979495
    0.31004104
    0.33126221
   -0.66599894
    0.31426253
    0.34700194
   -0.66662850
    0.32540251
    0.35877478
   -0.64050164
    0.31016617
    0.32686187
   -0.67852331
    0.34423515
    0.32963951
   -0.67509240
    0.31452128
    0.35083955
   -0.67142785
    0.33294488
    0.34314240
   -0.65925014
    0.32168272
    0.33344036
   -0.64783467
    0.28355777
    0.34907931
   -0.66741462
    0.32802629
    0.33344357
   -0.65334596
    0.33188088
    0.31319234
   -0.65603141
    0.31635538
    0.34768419
   -0.66690711
    0.31794224
    0.35113175
   -0.67270984
    0.33434081
    0.33400722
   -0.65977728
    0.32728147
    0.33327413
   -0.65294221
    0.32234266
    0.34134188
   -0.67318575
    0.33372905
    0.34414581
   -0.68704171
    0.34581366
    0.33447459
   -0.65858379
    0.32232082
    0.35487487
   -0.66881781
    0.33197437
    0.33285911
   -0.67123899
    0.28998458
    0.36862331
   -0.67629993
    0.34471212
    0.33047824
   -0.67697355
    0.34275727
    0.33433022
   -0.62572675
    0.31875990
    0.33366924
   -0.66380581
    0.32932863
    0.33235189
   -0.67631346
    0.32931768
    0.33336135
   -0.63695032
    0.34230993
    0.28715610
   -0.67410433
    0.31919900
    0.32831324
   -0.66740701
    0.32448404
    0.32599052
   -0.67264673
    0.35855725
    0.33059733
   -0.65434857
    0.34026871
    0.31576971
   -0.61208821
    0.33377178
    0.28046578
   -0.67008370
    0.35222664
    0.33369255
   -0.65433010
    0.33341125
    0.32519619
   -0.69076861
    0.35524869
    0.35431321
   -0.62842877
    0.33149781
    0.32402947
   -0.66496135
    0.31998537
    0.33503752
   -0.61910819
    0.34033616
    0.28542197
   -0.65398167
    0.30592665
    0.32736534
   -0.68001170
    0.34731181
    0.32188452
   -0.65610208
    0.32916844
    0.32249743
   -0.64340440
    0.33864027
    0.31677963
   -0.66893965
    0.32478287
    0.33341200
   -0.68076810
    0.32039770
    0.32614823
   -0.66801714
    0.31552917
    0.35181917
   -0.65762132
    0.32252239
    0.34141517
   -0.63109018
    0.32872032
    0.32845406
   -0.61557908
    0.31741384
    0.32724759
   -0.66593772
    0.30911680
    0.36535071
   -0.66413713
    0.33168192
    0.33157518
   -0.68297367
    0.34935282
    0.35042564
   -0.67962445
    0.32385331
    0.34825623
   -0.64908393
    0.34717174
    0.30996928
   -0.64670175
    0.32474500
    0.35883587
   -0.66110290
    0.35333193
    0.34478112
   -0.66932876
    0.34433844
    0.32719983
   -0.65531438
    0.30462354
    0.34842790
   -0.67164729
    0.32498379
    0.34510873
   -0.68327332
    0.32690548
    0.35003579
   -0.66692172
    0.33546193
    0.32057715
   -0.65146315
    0.28941158
    0.35440115
   -0.69799446
    0.34247319
    0.36139941
   -0.68534356
    0.34467580
    0.34523141
   -0.64647724
    0.30664127
    0.33459707
   -0.67342504
    0.35041390
    0.32159885
   -0.67157546
    0.31982218
    0.35508130
   -0.64844957
    0.31930830
    0.33460475
   -0.62831183
    0.31094093
    0.32597278
   -0.63205513
    0.33005904
    0.30993579
   -0.68341600
    0.33731051
    0.34265996
   -0.68437692
    0.33536066
    0.34388217
   -0.64368066
    0.32452523
    0.33104645
   -0.62962079
    0.36557577
    0.28984654
   -0.66984432
    0.30894817
    0.34745251
   -0.65764517
    0.33041072
    0.32082014
   -0.66850949
    0.33274284
    0.33400731
   -0.65471558
    0.35280914
    0.32836704
   -0.63747114
    0.32813731
    0.32861053
