$coord
           -1.6919425995           -4.5313826388           -0.6379458329     O 
           -3.3352132329           -5.2576782139           -0.9364427313     H 
           -0.4979912506           -5.5896775615           -1.5369635885     H 
            5.9377005004           -7.5876101159            4.7402313512     O 
            5.3001206499           -8.6329611949            6.1320606762     H 
            6.1469207010           -5.9275897602            5.4453121591     H 
            6.0016542083           -1.3878990218            4.2305690556     O 
            6.2064575392           -2.0756013577            5.9204860530     H 
            5.5128105652            0.3561886873            4.4808290479     H 
            2.5511893897           -8.8950770817           -8.2791327832     O 
            1.6790078875          -10.5005784553           -8.0904748142     H 
            1.6686340940           -7.9725118627           -9.6327210687     H 
           -7.6870857087            0.4374348027            8.5123997696     O 
           -7.5474818449            0.3923549551           10.3372119565     H 
           -9.2403791835            1.3620620291            8.1657722775     H 
            7.3965109905           -9.5099394403           -6.1515205325     O 
            5.9484499136           -9.8086794325           -7.2119458818     H 
            6.9823743001           -8.0023140565           -5.1640582579     H 
            1.2343350362           -4.6659404542            7.1186744708     O 
            0.1814363026           -3.1589260723            7.4000570136     H 
            2.9439309552           -4.2204201224            7.6495926560     H 
            7.5838640995          -13.4632769475            2.7161159344     O 
            8.1073727803          -13.7853594247            0.9999158428     H 
            8.8068043619          -12.2658007536            3.3744477697     H 
           -8.3583388443           -3.7641330451            0.6813840026     O 
           -7.3860908549           -4.6698085379           -0.5744545750     H 
           -9.1421153135           -2.2954536096           -0.0988346417     H 
            0.2685503423            4.5042072806            7.6411795870     O 
           -1.5004346438            4.1805982530            7.2465546779     H 
            0.2975197526            5.7173009307            9.0034580405     H 
           -4.5775078942           -1.2351599577           -4.0956297886     O 
           -6.0119623878           -2.0683162043           -4.8861523141     H 
           -5.1895061114           -0.4112554370           -2.5551727285     H 
            5.0253383501           11.9338447818            3.3595669563     O 
            5.8037225980           10.3554298093            2.7084382530     H 
            6.3560278716           13.1606537993            3.3858865812     H 
            4.6422428496            3.8674489692            4.3012584473     O 
            2.8800860371            4.3488781432            4.0874547712     H 
            5.0749424875            4.5504271705            5.9747443322     H 
           -4.6599018461            3.9777108238            6.7239038949     O 
           -5.7692822853            2.5437029322            7.1397385910     H 
           -4.9815992874            4.4389728113            4.9930721201     H 
           -3.6510364621            7.4159430515           -6.0372268338     O 
           -3.6500043895            7.4020776267           -7.8808940545     H 
           -2.5652475205            8.7835840945           -5.5164720708     H 
           -5.1811861315           12.7632259162           -5.2614996308     O 
           -3.3669475449           12.6468799859           -5.3484890560     H 
           -5.8770372478           11.9159419751           -6.7492714676     H 
           -8.2565097588            6.2306434876           -3.7470169625     O 
           -8.5286357133            4.5549349392           -4.4863346212     H 
           -6.6811482319            6.8506752955           -4.4428661570     H 
           -1.1811360925           -3.1261277996           -7.5354374619     O 
           -1.9209958657           -4.7868349795           -7.1749341094     H 
           -2.2424087397           -1.9973198259           -6.5575444017     H 
            8.1417474366            1.4145127606            8.5820854163     O 
            8.4226309853            2.0251440015           10.2965427154     H 
            6.3084799744            1.1475605108            8.4488706070     H 
           10.3675234283           -7.5205685819           -1.0742566678     O 
            8.7727190231           -6.8391306306           -1.6833780363     H 
           11.6082693098           -6.1660363312           -1.3320977179     H 
          -11.1350673224           10.1798991928           -5.3547954946     O 
          -11.1970190919           11.3543201864           -3.9801468893     H 
          -10.2306025217            8.6929772549           -4.7191448712     H 
            0.4749640638            3.1388847104           -6.9054810097     O 
            0.6054647069            4.9115708111           -7.4262081693     H 
            1.8851539879            2.8716586414           -5.7528620793     H 
            9.8130165004            7.6990400498           10.0391886643     O 
           10.0965707557            8.7847209351            8.5881973494     H 
           11.1370554553            6.4216825273            9.9070766580     H 
           16.4552954711           -1.4161601328            1.0209108097     O 
           17.0051952973           -2.5583280994            2.3730925547     H 
           17.8726565807           -1.2498184890           -0.1416760771     H 
          -11.0454451282            0.2440719184           -0.8352094763     O 
          -11.1321965464            1.9731936495           -0.1740528098     H 
          -12.7460362180           -0.3737673716           -1.1035910982     H 
            3.8189989026           -4.4896675649            0.6846721679     O 
            4.5922912300           -3.6376218358            2.1018685327     H 
            2.6078750013           -5.6965283894            1.3721940247     H 
           -4.0813257406           -2.2011583463           14.1139772818     O 
           -5.6317158566           -1.3287246663           14.5436647438     H 
           -4.5108779151           -3.1391524027           12.5779747883     H 
           -8.1484316333            5.2173623740           -9.2972645015     O 
           -6.8132880803            4.1565617818           -8.5863833542     H 
           -8.5924066503            4.4178014964          -10.8998551287     H 
           -7.6007239984           10.2963365661           -9.1081553958     O 
           -7.6862068962            8.4532762844           -9.2159836279     H 
           -9.0993965812           10.7145596192           -8.1350280883     H 
           12.9098520479           -0.2409766002           11.7989061153     O 
           13.6004682578            0.2047952917           13.4097941431     H 
           12.8434682584            1.3263360682           10.8074376618     H 
           10.2502337793           -5.9826165132          -11.7200639173     O 
           11.5187775278           -6.8405900376          -10.7459187666     H 
            8.7606507984           -5.9105486704          -10.6294803985     H 
          -15.9370485465           -5.8730498826           -5.8634651062     O 
          -15.8966917660           -7.3899957502           -4.7629343782     H 
          -17.6043026991           -5.1781492502           -5.6566547629     H 
           -2.3889569796            4.1988420695           -2.4717108039     O 
           -0.9508925191            5.2534623035           -2.0277835514     H 
           -3.1141443621            5.0228947744           -3.9430151598     H 
            1.3865326433           -7.4394336452           -3.5192656568     O 
            2.9025138168           -7.7914592078           -2.5383118829     H 
            1.7973200139           -7.7375344766           -5.2909974624     H 
            3.2022647343            0.5511100745            8.3751545907     O 
            2.0629142862            1.9894489225            8.1193128452     H 
            3.0297439612            0.0319784463           10.1188144332     H 
            0.1678946202          -13.3325491621           -6.8817204985     O 
            0.6642852790          -15.0467478884           -7.1693592854     H 
            0.1943886652          -13.0673974883           -5.0381625875     H 
           11.3522761723           -2.2621472319            6.8101231056     O 
           10.1081550653           -1.1997862164            7.6491872950     H 
           12.7565688138           -1.1138373644            6.4269276620     H 
          -12.1362608191           -1.3729402460            4.4880180764     O 
          -10.8716956968           -0.0586734693            4.0720132445     H 
          -12.3109292593           -2.5155620980            3.0465849651     H 
           10.3107157968           -2.6421241455            1.8780758313     O 
           11.1146831725           -2.9713490385            3.4921991977     H 
            8.6202370922           -2.1211317478            2.3843420061     H 
            4.8617457264           10.7686701186           -7.2343275977     O 
            6.2953013756           10.4366816953           -8.3219115566     H 
            3.4896085013            9.7182299687           -7.9072948851     H 
            4.8693958142           -9.6837662072           -0.4133734180     O 
            5.2130071920           -9.0097197400            1.2467720718     H 
            6.3028384409          -10.7250785315           -0.8812855847     H 
            4.2083672088           -1.3250937699           13.0619959894     O 
            2.9252033842           -2.5711007308           13.6394365793     H 
            4.1564363949            0.0532918979           14.2357542072     H 
            9.0940115063           -3.4320354663           13.6787064945     O 
           10.3308397339           -2.3214502768           12.9101840340     H 
            7.5130058419           -2.5162229250           13.7236484300     H 
           -1.6254539963            1.8305869445           12.2283730036     O 
           -1.6265852873            1.0623931187           10.5354701508     H 
           -2.3464298628            0.5003986222           13.2837577074     H 
            6.9445300915            8.0129343727           -3.4595995026     O 
            6.0500010231            8.8134039739           -4.8501839423     H 
            7.6947359509            6.4375113732           -4.0646194156     H 
            0.0090937560           11.2241214449           -4.5403583795     O 
            0.3823927377           12.0425827210           -2.9049225386     H 
            1.2557573152           11.8388598628           -5.7068288743     H 
           -5.7147454326           -7.4080187340           -1.8677696086     O 
           -5.1867390575           -8.8447652469           -0.8250060656     H 
           -7.1761249469           -8.0060050031           -2.8551777799     H 
           -8.9107491395            2.2288025300            3.8140093163     O 
           -7.8705952446            1.8861114981            2.3267727351     H 
           -9.1519052455            4.0457069227            3.8868606591     H 
           16.5169754494            4.3505889815           -0.8569983000     O 
           17.9968047631            3.4468357996           -0.3266984946     H 
           15.0617247661            3.4395965082           -0.2021393202     H 
           -4.5254885459            4.0967717804          -14.1967481974     O 
           -6.3313476482            3.9914795313          -14.4280304630     H 
           -4.0334920601            2.4127626231          -13.6356325937     H 
          -16.2129949834            8.6935023771           -6.2611510997     O 
          -15.9312230975           10.3385334797           -6.9582560188     H 
          -14.7093366486            7.6966520534           -6.7101520485     H 
            2.8293073291            4.2038265184           12.9365918819     O 
            1.3026467156            3.1650249113           12.7291040042     H 
            2.1655233666            5.8936140771           13.1200028202     H 
          -19.5057279825            4.5876301858           -6.6648554985     O 
          -18.3961473828            6.0478810473           -6.7690079993     H 
          -20.2486903819            4.6989122348           -4.9995385100     H 
           -1.9942916364           -0.9597900259            8.0562867189     O 
           -3.3606451713           -2.1060857267            8.5302378326     H 
           -2.4585228390           -0.2422160102            6.4341588883     H 
           16.1455009537           -3.7739602231            9.6201816624     O 
           15.0267563132           -2.4714550591           10.2806902475     H 
           15.1540949995           -5.3064252946            9.6079517357     H 
           19.2966337059            5.9294705181            4.4275796144     O 
           17.7306311048            6.7199619356            3.8586721092     H 
           19.8797628950            4.8940908243            3.0507359938     H 
          -19.7603644227           -2.4531802175            3.8664650218     O 
          -18.5895580073           -1.0412572058            4.0114224430     H 
          -19.2652701299           -3.5560481503            5.2617248538     H 
           -3.3643970196           -0.4462996843          -11.9426756705     O 
           -3.9534841546            0.3700017238          -10.3746734261     H 
           -1.5606399899           -0.1272441922          -11.9879501440     H 
           -4.2703405241           -7.2008214486            4.0055076484     O 
           -4.5605493473           -5.3813797390            4.2512491113     H 
           -2.5680093374           -7.3815223540            3.3060683443     H 
            6.2674097919           13.5447376019           -2.7193009520     O 
            4.6627919911           13.8179781164           -1.9001275365     H 
            5.8865564664           12.8199917447           -4.3482623781     H 
          -11.3125224548            5.2051631329            0.1769731604     O 
          -12.7862368770            5.3751527050           -0.9288666389     H 
           -9.9053449538            5.8317654547           -0.8261669273     H 
          -16.2772313655            1.1867930529            4.6944184480     O 
          -14.7074175939            0.1530434295            4.5053273423     H 
          -15.7555370612            2.9184751008            4.4306746609     H 
          -10.7398311534           10.8621833739            1.4143610124     O 
          -12.1572721711           10.2626203993            0.4032339759     H 
          -10.1063196090            9.3908442938            2.3387799984     H 
          -14.9980974169            4.0560887613           -3.0074779277     O 
          -15.1009739850            2.2328455873           -2.7678802249     H 
          -14.2465773053            4.3541990882           -4.6640968087     H 
           12.2020961687            1.8387309689            0.6492495949     O 
           12.0103505026            2.7063277477            2.2638553818     H 
           11.8302504537            0.0555883036            1.0442157494     H 
            7.2114989117            2.2621043633            0.1152967452     O 
            6.5194685520            2.6963373623            1.7463773778     H 
            9.0291396176            2.5800007393            0.2240349746     H 
            6.3302580307           -5.2585407529           -3.4375496039     O 
            5.3593988859           -5.0523048808           -1.8539617207     H 
            7.4072468808           -3.7443983717           -3.5594073273     H 
           -0.0166843318            8.2420790041           11.5119296026     O 
           -1.8023960283            7.7302452286           11.6035154506     H 
            0.0774167529            9.9289390402           10.8667277037     H 
           -8.4311065776            0.5498709215           13.6799308606     O 
           -9.1273406966            1.9263156858           14.6205043620     H 
           -9.8536672164           -0.6042440463           13.2756861410     H 
           -5.7009673328            1.2892955459            0.0849247815     O 
           -5.1618704477            2.9558380043           -0.4642996880     H 
           -4.4285446897            0.7915591736            1.3246630411     H 
           11.3621997104           -2.7992060316           -7.2777284474     O 
            9.5588250296           -2.6963070004           -7.4946312927     H 
           11.7325125845           -4.6005051317           -7.0517046762     H 
           -5.3642104993           -4.4554750879            9.7257418061     O 
           -7.0900174450           -4.2854024549            9.0991121716     H 
           -4.9064429207           -6.2141870735            9.4781949319     H 
            9.2916304062           -0.9592725532          -12.3726474652     O 
           10.8339028162           -0.0211257853          -12.5634477853     H 
            9.8066177802           -2.7351767020          -12.2900828250     H 
            4.3032329815           -2.5060750804          -12.9081058024     O 
            5.8887188884           -1.8542170523          -13.5296247885     H 
            3.2883069031           -1.0402054727          -12.3966492538     H 
          -12.8574195327           -0.8567636812           -8.2237197133     O 
          -14.5591056802           -0.7315844889           -7.5499158403     H 
          -12.6743187045           -2.5723212762           -8.8679548785     H 
            9.0312364148           -1.1683211363           -3.1305245373     O 
            8.2438597738           -0.4257996132           -1.6549917757     H 
           10.5595266476           -2.0339489879           -2.5589588349     H 
            9.1305586746          -12.2928535873           -2.2025862699     O 
           10.0626119214          -10.7668555138           -1.7539836024     H 
            8.5377113128          -11.9556086771           -3.9011345253     H 
          -20.8166790083           -3.6337217261           -4.3859593976     O 
          -21.0600320259           -2.2665930008           -3.1553937667     H 
          -22.4141686255           -4.4585552193           -4.5827394807     H 
           -4.5213514152            6.0381848802           11.2549263455     O 
           -3.8187200160            4.5344481794           12.0569282660     H 
           -4.6041358671            5.5425449346            9.4624974722     H 
            6.6623254244            1.1284654473           -8.4110790509     O 
            7.6618684599            0.3167091008           -9.7281044032     H 
            5.4752865639           -0.1177893270           -7.7474661088     H 
           -2.9035370363           12.5262265007            2.2802251966     O 
           -3.1280332173           11.4651494416            3.7555792828     H 
           -4.1223726001           11.9039594698            1.0370945925     H 
           14.2146111503            0.0445895428          -10.3939806384     O 
           13.1776326944           -1.0741047548           -9.3412426199     H 
           15.8685358983            0.0719554610           -9.6334067333     H 
            0.6778242344           -7.7242057563            3.0867184716     O 
            1.4465642630           -9.3696386207            3.3902247631     H 
            0.9544024258           -6.7115642530            4.6034714135     H 
          -13.4580253176           -4.8386499229            1.0183874812     O 
          -12.5831077025           -4.6753088419           -0.5810066617     H 
          -15.2468650754           -5.0401419732            0.6073832084     H 
          -14.4050954763            2.4367584193          -11.6878609869     O 
          -16.1840952081            2.1642215571          -11.8630863420     H 
          -13.7431736757            1.0762638863          -10.5961809306     H 
            1.4155096525            7.5917763301           -8.9695431098     O 
            2.7193556422            6.7315576285           -9.9912752154     H 
           -0.0578047439            7.8822944622          -10.0323035368     H 
           14.7636226383            1.0374289861            5.2282598821     O 
           16.2077723805            1.3897139824            6.3156252599     H 
           15.4025575602            0.4294514895            3.6254810980     H 
           21.5136938124            2.3719059780            0.8990680140     O 
           21.2628495329            0.9776825444           -0.3084261737     H 
           22.9858289640            3.2706923421            0.3507939423     H 
            1.4367957225           13.0730964494           -0.1484086021     O 
            2.6706650329           12.6065389924            1.1385120324     H 
           -0.1834681031           13.1083735246            0.7623184840     H 
           10.2225408599            4.1218692491            4.7513109781     O 
           10.0178579493            5.9267764070            5.0006560078     H 
            9.3398516673            3.2357795458            6.1030210792     H 
           -4.9010743659          -11.9439142368           -7.5785734493     O 
           -3.2268998156          -12.6805474530           -7.5758955358     H 
           -5.7561502607          -12.6341594941           -6.0773703337     H 
           10.5579250516           -9.1245738182            3.6379623626     O 
           10.6071355889           -8.4866389425            1.8924298741     H 
            8.8801551221           -8.5652147056            4.2101264081     H 
            2.8219186425          -12.2888456329            4.3375786705     O 
            3.2697223787          -11.9907679013            6.0875296034     H 
            4.3912885728          -12.8865431298            3.5719237745     H 
          -15.9641019108           -9.5695198560           -2.5492598346     O 
          -16.7857282012           -8.7993809543           -1.1177824903     H 
          -14.4499221675          -10.4208814014           -1.9158030742     H 
          -12.1368396382           -2.3482614425           12.1022781572     O 
          -11.3782738725           -3.2758337537           10.6848494550     H 
          -13.5245647918           -1.3991877678           11.3939571217     H 
           -4.3845267641           -9.3736732206            8.3303865727     O 
           -4.3602072415           -8.5700418077            6.5979699500     H 
           -5.9459100053          -10.2761895112            8.4640083306     H 
           -3.8620139957           -7.1374683668           -6.5521447163     O 
           -4.1490449134           -8.8831177012           -7.0969869153     H 
           -4.2023460776           -7.1351763386           -4.7402988726     H 
           15.0292123167           -9.4907444541           -2.9452085022     O 
           15.1048272900           -8.7063606014           -1.2891454028     H 
           14.8651820862          -11.2702519349           -2.6678720159     H 
           -9.0664765351            1.4447779583           -5.2928422856     O 
           -9.6915165451            0.8730604554           -3.6501149433     H 
          -10.2938869998            0.9051177069           -6.5296991337     H 
           -6.9027007285          -13.7330980596           -3.2772053550     O 
           -8.6475494737          -13.6148992648           -2.7630220424     H 
           -5.9268533277          -13.1407130159           -1.8298999798     H 
           18.0378308373           -4.0088230333            5.0002483213     O 
           19.6024285386           -3.0800434236            5.1914431026     H 
           17.2352316177           -3.8962279991            6.6829492594     H 
            0.3479322241          -12.0412551439           -1.9999599807     O 
            1.7736782047          -12.2352027154           -0.8803128201     H 
            0.4267683602          -10.2439864360           -2.5075396167     H 
           -2.3239698452          -13.0826513768            4.9489593217     O 
           -2.6209141570          -12.0406008057            6.4143027909     H 
           -0.5129566752          -13.1046897807            4.6703749677     H 
           -5.4617844962           -2.3183078944            4.4557199633     O 
           -6.5826534101           -2.6274802111            3.0192302710     H 
           -6.4867155367           -1.5337096305            5.7454709454     H 
            0.1272557326           -7.9641518029           10.6374779009     O 
           -1.4544720021           -8.7649749672           10.2169521156     H 
            0.4056346599           -6.6740025322            9.3090843902     H 
           13.4027225250           -3.7483117258           -2.2074633608     O 
           14.5766900465           -4.1886126951           -3.5485628062     H 
           14.3987073139           -3.0004561698           -0.8383914139     H 
           10.6710783389            9.3233736616            5.2326190723     O 
           12.4254622895            9.0208682461            4.7715493559     H 
           10.0278868574           10.3610480397            3.8637817759     H 
          -16.0285965865            0.3267523586            9.6052569430     O 
          -17.6333681137            0.4226952812           10.4319410226     H 
          -16.3386792943            0.6017748930            7.7768457575     H 
            0.4071233826            6.4077942803            2.8029131473     O 
            0.7896652141            7.6349127062            4.1370626514     H 
            1.0450238740            7.0669503805            1.2123808372     H 
          -18.3707507567           -5.6424036571            0.1420087212     O 
          -19.0659831944           -4.5947121029            1.5016219418     H 
          -19.1380804200           -5.0885417153           -1.4156513156     H 
          -13.2330601162           -7.6452948796            5.3378373523     O 
          -12.0756035639           -8.9509399393            4.8072266996     H 
          -13.4259676956           -6.6107794454            3.8198561299     H 
          -19.7376930596            4.6830632771           -1.3622766611     O 
          -19.7223484649            5.8112361860            0.0726647415     H 
          -17.9729098061            4.6296299401           -1.9449697852     H 
           12.2409069190           -7.7650023911           -6.9570872250     O 
           10.5756670534           -8.5265011686           -6.7785306311     H 
           13.2139293370           -8.3497672266           -5.5055685919     H 
            4.3646074548          -10.1613461372            8.8257713765     O 
            5.7963184724           -9.7317868812            9.8844521038     H 
            2.8698287309           -9.5231049628            9.7067654037     H 
           -8.2816868748           -8.5974938912           -9.8511627166     O 
           -7.3771475114          -10.1642588434           -9.5987759196     H 
           -7.0654827469           -7.4465735334          -10.6184042922     H 
           -4.6802952965            6.3417482068            1.7469661236     O 
           -5.1407949266            7.6026957368            0.4887480883     H 
           -2.9252660311            6.6496765233            2.1795628760     H 
            9.6996869720            3.9538678272           -4.5684225171     O 
            9.5463668730            2.1480153756           -4.3024054728     H 
           10.6168467173            4.1396425219           -6.1669195332     H 
            0.4829568693           -5.7910930532          -11.6545176561     O 
            1.7857300351           -4.9559615957          -12.6245547165     H 
           -0.1226583521           -4.5370603635          -10.4526096815     H 
           -4.0763757526          -11.5715788821            0.4398214842     O 
           -2.4706759077          -11.8568912309           -0.4224582366     H 
           -3.7712973437          -12.1418149820            2.1699852528     H 
           18.2518125592            0.4306767211           -6.7029663142     O 
           18.9529508861            2.0604134433           -7.0620526073     H 
           16.6186262843            0.7730517404           -5.7963990928     H 
           20.3535128940           -1.2597796804           -2.2807114079     O 
           20.3734208475           -3.1214419078           -2.1876724272     H 
           19.7721057558           -0.8017108779           -3.9687655280     H 
           -9.0452773458           -8.6309245053            2.5614788738     O 
           -9.3279627641           -6.9132747516            1.9788967445     H 
           -7.2540893677           -8.6702854624            2.9402230563     H 
          -13.0464102435           10.4050557898            6.1848042013     O 
          -11.7682433858           10.2138128154            7.4665805330     H 
          -12.2370907780           11.1562889749            4.7126350764     H 
          -15.9221835513           -0.8663387331           -2.1251818177     O 
          -17.4967435708           -0.7713378266           -1.1829791605     H 
          -16.4358511847           -0.9764473672           -3.8898077353     H 
          -11.3910062683          -11.4481210871           -1.1074401774     O 
          -10.5948548534          -10.6228214096            0.3351978099     H 
          -10.7623229651          -10.5461168209           -2.5828714029     H 
          -18.2866916037            7.8130255178            2.5424557612     O 
          -16.8057465765            6.9861610455            3.2983228918     H 
          -18.7174033790            9.1895554868            3.6332720947     H 
            9.1854370520            8.5452576838           -9.2496009936     O 
           10.0811578880            9.4793301572           -7.9428723738     H 
           10.2628430579            7.0758224620           -9.4946753150     H 
            9.9344451309           11.9764498291            0.7414315192     O 
            8.6487861277           12.5856185485           -0.4183705379     H 
           10.6984236683           10.5302191988           -0.0762220397     H 
            4.5699041739            3.3289465817           -4.0693945569     O 
            5.4880310993            2.8687466978           -2.5362193141     H 
            5.6956116043            2.9025477981           -5.4448592434     H 
          -11.8792793188            3.4668853716            8.5613845871     O 
          -12.5096740310            4.1526131198            6.9697397726     H 
          -13.2466487224            2.4915396102            9.2760595737     H 
           21.8004635460           -0.3617002584            5.3656871059     O 
           21.6664365521            0.6798389997            3.8516943398     H 
           23.5576743305           -0.6836878548            5.6429717411     H 
          -11.6407893225           -4.1389851465           -3.8492177001     O 
          -10.5315811944           -3.3617271944           -5.0880945438     H 
          -13.2879465858           -4.4059611142           -4.6367605630     H 
          -12.7142312616           -5.6898069069           -9.9656665120     O 
          -11.3770156051           -6.9400420324           -9.8925420227     H 
          -13.9956721379           -6.2028049272           -8.7577882409     H 
           -4.4113061693            2.1462304548           -7.8077972209     O 
           -5.0132811748            1.1556513041           -6.3671955318     H 
           -2.7005547085            2.6625918160           -7.3900450040     H 
           -9.1481351171           -2.4148153745          -12.1656499692     O 
           -7.8010161979           -3.4160059125          -12.8772749315     H 
          -10.6160986077           -3.4909692813          -12.0777361661     H 
            6.1860568302           -4.7997392501           -8.8627837400     O 
            5.0912154799           -6.2162809528           -8.5580435112     H 
            5.4596394804           -3.9104078299          -10.3193335908     H 
           -3.3921865554            9.3353346812            6.4211073407     O 
           -1.5878755690            9.3376754113            6.7448636175     H 
           -4.2415267601            9.8797424706            7.9206931048     H 
          -14.7835792477            9.1432641533           -1.2153264422     O 
          -16.2632525194            8.8630231556           -0.1857938886     H 
          -15.3044310351            9.0055120915           -2.9717313412     H 
           12.3632978798           -7.0513547814            8.0002022570     O 
           11.9383914878           -5.2876509147            7.6039518365     H 
           11.9612697483           -8.0096782324            6.4874122590     H 
           15.7164549282           -7.5395825272            1.9396072654     O 
           16.5895731570           -6.5052897269            3.1779935181     H 
           14.2915924505           -8.2585109292            2.8149534018     H 
           -9.5142724578            2.6216537249          -13.4621947396     O 
           -9.2272575071            0.8532751831          -13.0401279654     H 
          -11.3249259037            2.8458723228          -13.4078869914     H 
           12.3529867018            4.5615792691           -8.8000036661     O 
           13.0182961311            2.9881451085           -9.4938026653     H 
           13.6916159117            5.3037638462           -7.7511524949     H 
            3.2323425432           -1.7323039924           -5.8047725093     O 
            4.1927106550           -3.1868777742           -5.2230264921     H 
            1.7264803822           -2.3822794024           -6.6680590241     H 
            5.2514810480            5.2260427990          -11.0197986748     O 
            6.6192076564            6.4217127380          -10.8647019957     H 
            5.7902833187            3.7407007794          -10.0358000234     H 
          -20.8166682408           -0.1669268577           -0.7271871992     O 
          -21.1205277309           -0.6319161885            1.0085130451     H 
          -20.6599375822            1.6854754275           -0.8323489503     H 
           19.6013777945           -6.1679891464           -1.8098834253     O 
           18.5782917391           -6.7465901861           -0.4176797520     H 
           18.6153312106           -6.4709667842           -3.3185454655     H 
           16.7663039213           -4.6982399805           -6.0425569802     O 
           15.9164018747           -5.6411529388           -7.3368811415     H 
           17.4230669791           -3.1638672983           -6.7721509732     H 
            1.4745169549            1.3654933387          -11.4566035629     O 
            2.2951892647            2.8028665455          -12.2034524896     H 
            1.1716830005            1.8117574644           -9.6673046873     H 
            8.3755278114           -7.6498351496           10.9735520536     O 
            9.9745705069           -7.7255326903           10.0293060974     H 
            8.7083109327           -6.5003701726           12.3806129370     H 
            6.7509543371            7.6578777839            1.5749425761     O 
            5.9046483713            6.2494216821            2.4049823076     H 
            6.3121117489            7.7002714663           -0.2109685713     H 
          -10.1988880945           -4.4806267025            7.9304695226     O 
          -11.1632030382           -5.9173279056            7.2894641913     H 
          -10.6634879311           -3.1125362343            6.7645034547     H 
           -3.1630961612            7.7996355314          -11.1250099793     O 
           -3.6435013632            6.4103647543          -12.2809961721     H 
           -4.3932496221            9.1158267024          -11.3585798288     H 
           13.3503325547            4.0911150634            9.1461971486     O 
           15.1749670180            4.0828687081            9.1968599100     H 
           12.8984507174            3.7003483491            7.4009152638     H 
           13.9163439680            0.9555779440           -4.6372591398     O 
           12.8639704794           -0.4072216971           -5.2816832131     H 
           13.5589466205            1.1576596593           -2.8633150083     H 
           -7.7574273407           -3.6417128232           -7.1966826630     O 
           -6.4910358176           -4.9636749185           -7.3876316237     H 
           -8.0738583880           -2.9357475879           -8.8566260406     H 
          -17.6936414771           -0.0592320772           -6.8319035640     O 
          -19.1605653314           -1.1308231442           -6.7909684946     H 
          -18.3091695210            1.7100769052           -6.8357465557     H 
            1.8631529354            9.5567052804            6.5444998028     O 
            2.9045827069           10.7344154845            5.5947387490     H 
            3.0429169245            8.4203019372            7.4041107953     H 
           -8.7564639703            7.3209499299            4.4715505003     O 
           -8.6178434128            7.6464588631            6.2770714460     H 
           -7.0518495063            7.2982198515            3.7661329209     H 
           -6.1763228119           10.3975757042           -0.9591738470     O 
           -5.9438337726           11.2880084377           -2.5721543469     H 
           -7.8375686306           10.8509050531           -0.3077592631     H 
           11.1920159874           10.5254195477           -4.8389994848     O 
           11.0458054794           12.2810776688           -4.4255019760     H 
            9.7691594314            9.6683865010           -4.0069673769     H 
          -13.9843510573            5.8367898632            4.4289468053     O 
          -13.6210422700            7.5137031034            5.1764890555     H 
          -12.8446909072            5.6930609802            2.9707530443     H 
           11.4837559579            6.9453409880           -0.5622513876     O 
           11.2042428082            5.8023492765           -1.9721441333     H 
            9.9680178160            6.8794122688            0.4707767339     H 
           18.4455828136            2.7935883568            8.2353072422     O 
           19.7429745059            1.5260231606            8.0836920407     H 
           18.8982961409            4.1262553748            7.0157929430     H 
            1.7944690121            7.0874757243           -1.9982854116     O 
            3.0294187762            6.0790777744           -2.9166401876     H 
            1.3042917364            8.5059148078           -3.0570894082     H 
          -12.8822892314            5.1281181818           -7.5236393743     O 
          -13.5961012418            4.4246283009           -9.0591647262     H 
          -11.0670287389            5.2916200212           -7.8618640822     H 
           15.3201580185            6.7991636370           -5.3672470540     O 
           14.1503187522            8.1371499314           -4.9523526856     H 
           15.6782336849            5.9199339639           -3.7939807017     H 
            8.0557576527            3.5286072346           13.2351638804     O 
            8.7758478431            5.1794841216           12.9934086788     H 
            6.2507117870            3.7651598933           13.4268973616     H 
          -17.1945870773           -4.8750259219            7.5618987617     O 
          -16.0105729143           -6.1185452910            6.9360294860     H 
          -16.2167245728           -3.6360896152            8.4649845071     H 
            6.0257323873           -3.9415593049            8.6848998298     O 
            5.6907441648           -2.8313011408           10.0921195100     H 
            6.8919602696           -5.4159496638            9.4545742546     H 
           -9.5370975155           -8.5385091134           -4.8028290721     O 
           -9.1136598392           -8.5787507228           -6.5893492440     H 
          -10.4293070120           -6.9389170657           -4.4751646584     H 
            0.6733351392           -4.4630014451           14.4339003690     O 
           -0.9903614934           -3.7331168204           14.6292779992     H 
            0.4880859964           -5.8883388290           13.2852725837     H 
           15.0573138398            8.3272753720            2.7207666431     O 
           14.0534145396            7.4730339851            1.4104765195     H 
           15.6880300431            9.8403427143            1.9552833185     H 
           -4.8120636163           -5.3199090632          -12.0245215082     O 
           -3.2830177325           -6.2537583909          -12.3383350018     H 
           -4.2501125475           -3.5532673607          -11.8915189383     H 
           -9.2089740001            7.8107612062            9.5429778449     O 
          -10.2417585801            6.2872817802            9.5234617969     H 
           -7.7266509407            7.3788623976           10.5235481007     H 
            5.2209740838            6.2388840169            8.6496045595     O 
            6.9022677898            6.7986809467            9.2087384840     H 
            4.4358091988            5.3575913806           10.0551061121     H 
           -1.6829295840            0.5154543953            3.1016752978     O 
           -0.3493191579            1.2661820951            2.0645658837     H 
           -1.6562229954           -1.2332949732            2.5999591518     H 
            1.5473476267            0.4448461165           -0.6512566341     O 
            0.4014980493            0.9877527518           -1.9521126998     H 
            1.6570626493           -1.3670329695           -0.7893392165     H 
          -19.6591750558           -4.7899938408           -3.6788850561     H 
$end
$set
 chrg  1
 ewin_conf 50.0 
$end
