           1           2  0.863607807062056     
           1           3  0.853210664207534     
           4           5  0.815607277857191     
           4           6  0.859446978461813     
           7           8  0.834900153825912     
           7           9  0.829570590133136     
          10          11  0.851393805826547     
          10          12  0.807939317821365     
          13          14  0.848986640527605     
          13          15  0.833196128828680     
          16          17  0.869224681153022     
          16          18  0.811871298398688     
          19          20  0.789051642763265     
          19          21  0.818111360520006     
          22          23  0.874992400360429     
          22          24  0.857113090842154     
          25          26  0.837659507622620     
          25          27  0.814678318874747     
          28          29  0.812580047067725     
          28          30  0.857577519272822     
          31          32  0.844250501624296     
          31          33  0.800561063187708     
          34          35  0.772185209066946     
          34          36  0.899225928082923     
          37          38  0.817060453007921     
          37          39  0.806771111837525     
          40          41  0.795458401124406     
          40          42  0.837132411835425     
          43          44  0.821258769139025     
          43          45  0.861829930446582     
          46          47  0.877303201716759     
          46          48  0.830765072534640     
          49          50  0.812622956493350     
          49          51  0.835808006488868     
          52          53  0.812152352534645     
          52          54  0.826960063659287     
          55          56  0.836240332187113     
          55          57  0.788332904508646     
          58          59  0.817544780485475     
          58          60  0.795236867699268     
          61          62  0.908087464917145     
          61          63  0.814809439642301     
          64          65  0.825243535264440     
          64          66  0.795604335977437     
          67          68  0.853045625152134     
          67          69  0.835341255922165     
          70          71  0.813206379341371     
          70          72  0.827663196558173     
          73          74  0.798711650395178     
          73          75  0.840661627057201     
          76          77  0.837606492254948     
          76          78  0.815176065772188     
          79          80  0.857551568800048     
          79          81  0.823827285305813     
          82          83  0.799892289424094     
          82          84  0.831700796787828     
          85          86  0.822275773047870     
          85          87  0.857745424738422     
          88          89  0.916102575886014     
          88          90  0.807043387556303     
          91          92  0.891354047716725     
          91          93  0.822981114030853     
          94          95  0.796843057226718     
          94          96  0.878353871213437     
          97          98  0.837635977288849     
          97          99  0.843459862649100     
         100         101  0.829121228084833     
         100         102  0.824436015979085     
         103         104  0.791874095737304     
         103         105  0.857546745632873     
         106         107  0.915613992834996     
         106         108  0.806396042992435     
         109         110  0.825050466771341     
         109         111  0.811114620585462     
         112         113  0.770144108979545     
         112         114  0.816504155690116     
         115         116  0.850486433097796     
         115         117  0.820383027653955     
         118         119  0.862964092134355     
         118         120  0.804364732443027     
         121         122  0.856191331026527     
         121         123  0.846415659688058     
         124         125  0.787597678337143     
         124         126  0.895630462624343     
         127         128  0.858154461461524     
         127         129  0.862539786148842     
         130         131  0.798336327836167     
         130         132  0.839652289542190     
         133         134  0.827307247128011     
         133         135  0.807589614445062     
         136         137  0.798835112555546     
         136         138  0.889071252290695     
         139         140  0.813543890931902     
         139         141  0.794857232506900     
         142         143  0.792322080960069     
         142         144  0.823223200796661     
         145         146  0.885102440631071     
         145         147  0.826671123574310     
         148         149  0.874327084119075     
         148         150  0.833332842788773     
         151         152  0.908158977791584     
         151         153  0.805288486103676     
         154         155  0.806772574993453     
         154         156  0.870742646115727     
         157         158  0.847095354054807     
         157         159  0.871908281500396     
         160         161  0.829629602855929     
         160         162  0.813733717462254     
         163         164  0.838804345364653     
         163         165  0.872584628574199     
         166         167  0.832219189079466     
         166         168  0.879578020430202     
         169         170  0.839194243033972     
         169         171  0.836015360520913     
         172         173  0.792824735691575     
         172         174  0.848642370206888     
         175         176  0.798928514546881     
         175         177  0.806991601046364     
         178         179  0.874708051518565     
         178         180  0.868445535886166     
         181         182  0.821396666579032     
         181         183  0.819389170537664     
         112         185  0.106783812620841     
         184         185  0.762835433699009     
         184         186  0.844879563609979     
         187         188  0.840660337882064     
         187         189  0.815407603109407     
         190         191  0.820254244651709     
         190         192  0.815771345008697     
         193         194  0.825480349314430     
         193         195  0.790696124174675     
         196         197  0.824051545998075     
         196         198  0.818309861718041     
         199         200  0.772656095426037     
         199         201  0.786250566256680     
         202         203  0.812314018659369     
         202         204  0.902657755339360     
         205         206  0.913722315376424     
         205         207  0.796479646335472     
         208         209  0.834371167055546     
         208         210  0.805181060680554     
         211         212  0.857896386944483     
         211         213  0.809303714759391     
         214         215  0.824920461300442     
         214         216  0.841219123174058     
         217         218  0.888734465196806     
         217         219  0.828144605788639     
         220         221  0.869622751359572     
         220         222  0.807175891024241     
         223         224  0.839872164534256     
         223         225  0.823080513807224     
         226         227  0.821681381298129     
         226         228  0.823167742131183     
         229         230  0.834121367214353     
         229         231  0.858508213490505     
         232         233  0.815496806222650     
         232         234  0.913948119744758     
         235         236  0.844244477871174     
         235         237  0.794619281342947     
         238         239  0.839510393382954     
         238         240  0.809563264533016     
         241         242  0.849560326101933     
         241         243  0.826511050299716     
         244         245  0.813264045257518     
         244         246  0.881917106555571     
         247         248  0.836048457603689     
         247         249  0.825275971134122     
         250         251  0.827533489871164     
         250         252  0.822423630350972     
         253         254  0.909458305697395     
         253         255  0.799232116267938     
         256         257  0.802695017072540     
         256         258  0.834651083513246     
         259         260  0.828618696120575     
         259         261  0.834421749226646     
         262         263  0.800548088408505     
         262         264  0.911919440502692     
         265         266  0.828231581818913     
         265         267  0.813044082067685     
         268         269  0.844441159367966     
         268         270  0.820593403440108     
         271         272  0.862646941639322     
         271         273  0.819156517193182     
         274         275  0.800181322228814     
         274         276  0.803093460152653     
         277         278  0.859547765692395     
         277         279  0.829997542669570     
         280         281  0.880870294664007     
         280         282  0.825312111506865     
         283         284  0.816319711575066     
         283         285  0.871583265345171     
         175         287  0.125924090376644     
         286         287  0.735691768110803     
         286         288  0.910551189913730     
         289         290  0.815990156871970     
         289         291  0.817731066069265     
         292         293  0.839801881664998     
         292         294  0.912604334706052     
         295         296  0.814770420301762     
         295         297  0.861317052776171     
         298         299  0.876894721696277     
         298         300  0.833996834079101     
         301         302  0.860439630106366     
         301         303  0.796561645044041     
         304         305  0.871559741041796     
         304         306  0.780993525186353     
         307         308  0.872818483443975     
         307         309  0.855094067512035     
         310         311  0.806606739181023     
         310         312  0.853392098000519     
         313         314  0.868661419424921     
         313         315  0.781746779287858     
         316         317  0.834051980062009     
         316         318  0.807950187340688     
         319         320  0.849766482465786     
         319         321  0.842096385022137     
         322         323  0.912882482479821     
         322         324  0.785245168586841     
         325         326  0.828598796828690     
         325         327  0.840998302177835     
         328         329  0.821281232154388     
         328         330  0.868594897993476     
         331         332  0.869902830845662     
         331         333  0.826901875885178     
         334         335  0.862629821223637     
         334         336  0.805814729655269     
         337         338  0.838848399487476     
         337         339  0.834862614280532     
         340         341  0.853482191399497     
         340         342  0.826126538931099     
         343         344  0.864792279979575     
         343         345  0.833124058848175     
         346         347  0.838420044963692     
         346         348  0.826103299298783     
         349         350  0.826361919311592     
         349         351  0.813991758263724     
         352         353  0.864825798482454     
         352         354  0.827208294027102     
         355         356  0.827500364408120     
         355         357  0.822201564670150     
         358         359  0.907777905984659     
         358         360  0.749487888700047     
         361         362  0.799761219479606     
         361         363  0.830762903487182     
         364         365  0.843283276214186     
         364         366  0.842426277816543     
         367         368  0.885121489213473     
         367         369  0.849311729631402     
         370         371  0.835833273791310     
         370         372  0.828646134905538     
         373         374  0.840637298066001     
         373         375  0.832224724593200     
         376         377  0.810510008424328     
         376         378  0.910180392006312     
         379         380  0.848737773008034     
         379         381  0.841634748253985     
         382         383  0.849185945834062     
         382         384  0.859617715238671     
         385         386  0.802534825935248     
         385         387  0.851367782625656     
         388         389  0.828146636525544     
         388         390  0.863043228943313     
         391         392  0.840886026927466     
         391         393  0.917515168810348     
         394         395  0.823801527818610     
         394         396  0.827002424140713     
         397         398  0.851592154994944     
         397         399  0.853350927317233     
         400         401  0.800675309235522     
         400         402  0.814456676034465     
         403         404  0.861847909681895     
         403         405  0.868768850448420     
         406         407  0.868563012445777     
         406         408  0.811199077622584     
         409         410  0.842279184915146     
         409         411  0.911109453407508     
         412         413  0.867696421296850     
         412         414  0.837364691994691     
         415         416  0.811024605119908     
         415         417  0.844632718870315     
         418         419  0.845607429802975     
         418         420  0.871552600432193     
         421         422  0.841605952942575     
         421         423  0.867023262716307     
         424         425  0.826887640333923     
         424         426  0.825287500655830     
         427         428  0.850803932772230     
         427         429  0.822716066104783     
         430         431  0.875164215989840     
         430         432  0.799380720072214     
         433         434  0.867576812781241     
         433         435  0.804181683673615     
         436         437  0.868787777312194     
         436         438  0.866098284336138     
         439         440  0.886575233354943     
         439         441  0.867169231018085     
         442         443  0.887349535207875     
         442         444  0.772484076883028     
         445         446  0.816536931881582     
         445         447  0.834652235223685     
         448         449  0.805258943996521     
         448         450  0.825391711644513     
         451         452  0.832683688131818     
         451         453  0.806382987586736     
         454         455  0.796541769470232     
         454         456  0.887202429032505     
         457         458  0.865803925058961     
         457         459  0.824290000588353     
         360         460  0.108626635066755     
         460         461  0.821433357649957     
         460         462  0.845816257844524     
         463         464  0.827037573446480     
         463         465  0.848099195183872     
         466         467  0.881190672170868     
         466         468  0.792727027453194     
         469         470  0.843261653971600     
         469         471  0.821126484782275     
         472         473  0.831461088173026     
         472         474  0.804055341910155     
         475         476  0.807173364537627     
         475         477  0.844165101237915     
         478         479  0.907765419147972     
         478         480  0.800200338892680     
         481         482  0.789427416135750     
         481         483  0.801703915727815     
         484         485  0.827872700149918     
         484         486  0.830835402907800     
         487         488  0.883067363914101     
         487         489  0.816556502654731     
         490         491  0.817807584692458     
         490         492  0.843351562884790     
         493         494  0.847348851326008     
         493         495  0.797064984846759     
         496         497  0.877531705836255     
         496         498  0.846034849997985     
         499         500  0.889927601219060     
         499         501  0.856336236364322     
         502         503  0.862368690405767     
         502         504  0.886502916783586     
         505         506  0.849305339003017     
         505         507  0.781533992408859     
         508         509  0.826382188163585     
         508         510  0.794978096781362     
         511         512  0.862042908046456     
         511         513  0.841658941654916     
         514         515  0.800888116963051     
         514         516  0.913012252789472     
         517         518  0.878548181937788     
         517         519  0.803409445277999     
         520         521  0.847611945558219     
         520         522  0.859571844582487     
         523         524  0.809074786783663     
         523         525  0.838513519800803     
         526         527  0.818738299234290     
         526         528  0.879773981190720     
         529         530  0.879969007376726     
         529         531  0.872459812727444     
