$coord
         -2.525382632811          0.684608045918          0.000000000000     c 
         -0.669803097250          2.529349656586          0.000000000000     c 
         -1.855579257715         -1.844741411423          0.000000000000     c 
         -4.496072300474          1.218843769492          0.000000000000     h 
          1.855579147470          1.844741340964          0.000000000000     c 
         -1.192487661641          4.503134503921          0.000000000000     h 
          0.669803616418         -2.529349440896          0.000000000000     c 
         -3.303586418764         -3.284290204939          0.000000000000     h 
          2.525382554031         -0.684608179557          0.000000000000     c 
          3.303585650826          3.284291146185          0.000000000000     h 
          4.496072393034         -1.218843977972          0.000000000000     h 
          1.192484402728         -4.503135374812          0.000000000000     h 
$end
