   #   Energy       Run. Aver.   Diff / au.
    1   -4.59296435  -0.00731935  -0.00731935
    2   -9.71529465  -0.01506051  -0.00774115
    3  -13.93927950  -0.02002527  -0.00496477
    4  -18.51438626  -0.02363628  -0.00361101
    5  -15.68239995  -0.02462953  -0.00099324
    6  -21.70983351  -0.02645628  -0.00182676
    7  -21.99379683  -0.02794483  -0.00148854
    8  -24.77331403  -0.02957264  -0.00162781
    9  -23.23076651  -0.03058106  -0.00100842
   10  -22.20868635  -0.03116297  -0.00058191
   11  -26.21147540  -0.03218021  -0.00101723
   12  -27.11188839  -0.03318375  -0.00100355
   13  -30.14655673  -0.03440386  -0.00122011
   14  -28.34208484  -0.03525973  -0.00085587
   15  -31.22888456  -0.03628390  -0.00102417
   16  -30.97707800  -0.03716549  -0.00088159
   17  -32.87384364  -0.03811278  -0.00094729
   18  -33.67618977  -0.03902950  -0.00091672
   19  -34.95814383  -0.03995563  -0.00092614
   20  -34.75191762  -0.04077319  -0.00081756
   21  -35.45842858  -0.04156133  -0.00078814
   22  -34.31321938  -0.04219353  -0.00063220
   23  -36.13579913  -0.04289026  -0.00069673
   24  -35.00998115  -0.04345686  -0.00056660
   25  -35.92707670  -0.04403139  -0.00057453
   26  -35.37929515  -0.04452845  -0.00049706
   27  -34.45539914  -0.04493129  -0.00040284
   28  -35.32078350  -0.04535125  -0.00041996
   29  -37.54192673  -0.04586489  -0.00051364
   30  -35.64465433  -0.04624663  -0.00038174
   31  -34.69530280  -0.04655068  -0.00030405
   32  -36.13478293  -0.04690499  -0.00035431
   33  -36.43740663  -0.04725396  -0.00034897
   34  -36.93371545  -0.04760550  -0.00035155
   35  -36.56259347  -0.04792014  -0.00031464
   36  -39.36879856  -0.04834049  -0.00042035
   37  -42.60564640  -0.04888039  -0.00053990
   38  -41.70408434  -0.04935721  -0.00047682
   39  -41.64472465  -0.04980554  -0.00044833
   40  -42.45093305  -0.05026285  -0.00045732
   41  -42.46179624  -0.05069850  -0.00043565
   42  -43.85814738  -0.05116587  -0.00046737
   43  -43.85877420  -0.05161227  -0.00044639
   44  -43.10442421  -0.05201057  -0.00039830
   45  -43.21281239  -0.05239394  -0.00038337
   46  -41.76355784  -0.05271011  -0.00031617
   47  -42.26766112  -0.05302849  -0.00031838
   48  -42.37308773  -0.05333715  -0.00030866
   49  -42.34636986  -0.05363215  -0.00029499
   50  -43.50661567  -0.05395205  -0.00031990
   51  -43.16460441  -0.05424921  -0.00029716
   52  -42.37168233  -0.05451020  -0.00026099
   53  -42.45961147  -0.05476330  -0.00025310
   54  -41.09790418  -0.05496670  -0.00020340
   55  -42.46845352  -0.05520151  -0.00023481
   56  -43.18439563  -0.05544886  -0.00024736
   57  -42.93794478  -0.05568087  -0.00023201
   58  -42.93325037  -0.05590449  -0.00022361
   59  -39.32453433  -0.05602291  -0.00011842
   60  -39.62587013  -0.05614363  -0.00012072
   61  -40.11759073  -0.05627328  -0.00012965
   62  -40.22180112  -0.05640156  -0.00012829
   63  -40.52727408  -0.05653349  -0.00013192
   64  -40.97485950  -0.05667249  -0.00013900
   65  -40.76879248  -0.05680227  -0.00012978
   66  -41.38371130  -0.05694282  -0.00014056
   67  -39.38495634  -0.05703180  -0.00008898
   68  -39.36278779  -0.05711689  -0.00008508
   69  -38.45751371  -0.05717854  -0.00006165
   70  -38.12449112  -0.05723052  -0.00005198
   71  -38.81079353  -0.05729630  -0.00006578
   72  -39.30679848  -0.05737142  -0.00007512
   73  -40.36270498  -0.05746766  -0.00009624
   74  -40.67623000  -0.05756834  -0.00010068
   75  -39.94660621  -0.05765089  -0.00008255
   76  -39.71920819  -0.05772627  -0.00007537
   77  -39.83872729  -0.05780206  -0.00007579
   78  -40.08781016  -0.05788100  -0.00007895
   79  -40.01053602  -0.05795643  -0.00007543
   80  -40.39969800  -0.05803768  -0.00008125
   81  -42.54775567  -0.05815926  -0.00012158
   82  -42.01979163  -0.05826810  -0.00010884
   83  -42.01710025  -0.05837412  -0.00010602
   84  -43.14597082  -0.05849899  -0.00012487
   85  -44.41576032  -0.05864495  -0.00014596
   86  -44.87950620  -0.05879636  -0.00015141
   87  -45.02219327  -0.05894696  -0.00015060
   88  -44.44360368  -0.05908366  -0.00013669
   89  -43.75630479  -0.05920482  -0.00012116
   90  -43.68788494  -0.05932190  -0.00011708
   91  -43.07187320  -0.05942558  -0.00010368
   92  -42.44262828  -0.05951595  -0.00009038
   93  -42.31361000  -0.05960203  -0.00008608
   94  -42.14121954  -0.05968331  -0.00008128
   95  -41.93420154  -0.05975936  -0.00007605
   96  -42.24295080  -0.05983889  -0.00007953
   97  -42.37212254  -0.05991894  -0.00008005
   98  -42.73167055  -0.06000321  -0.00008427
   99  -43.04173130  -0.06009081  -0.00008760
  100  -41.52806823  -0.06015257  -0.00006176
  101  -41.72059265  -0.06021589  -0.00006332
  102  -42.00276267  -0.06028239  -0.00006650
  103  -43.66651449  -0.06037337  -0.00009098
  104  -43.54369334  -0.06046096  -0.00008759
  105  -43.48266970  -0.06054592  -0.00008496
  106  -43.39407856  -0.06062792  -0.00008200
  107  -43.41982079  -0.06070874  -0.00008082
  108  -43.52024195  -0.06078953  -0.00008080
  109  -42.37801649  -0.06085215  -0.00006261
  110  -42.20905289  -0.06091101  -0.00005886
  111  -42.60961763  -0.06097453  -0.00006352
  112  -42.28565169  -0.06103235  -0.00005782
  113  -40.71505608  -0.06106694  -0.00003459
  114  -40.87289494  -0.06110293  -0.00003599
  115  -42.39046112  -0.06115933  -0.00005640
  116  -43.35048032  -0.06122813  -0.00006880
  117  -43.55259611  -0.06129861  -0.00007048
  118  -43.95992547  -0.06137341  -0.00007480
  119  -43.74729035  -0.06144414  -0.00007073
  120  -44.52232291  -0.06152395  -0.00007981
  121  -44.98149264  -0.06160857  -0.00008462
  122  -44.85230841  -0.06169015  -0.00008158
  123  -45.92352549  -0.06178426  -0.00009411
  124  -45.90794057  -0.06187675  -0.00009249
  125  -45.85261496  -0.06196704  -0.00009029
  126  -45.75709756  -0.06205467  -0.00008763
  127  -44.59311427  -0.06212630  -0.00007163
  128  -44.23714405  -0.06219225  -0.00006595
  129  -43.96386722  -0.06225376  -0.00006151
  130  -43.80150638  -0.06231230  -0.00005854
  131  -43.92228823  -0.06237139  -0.00005909
  132  -42.69460895  -0.06241476  -0.00004338
  133  -42.53803761  -0.06245550  -0.00004073
  134  -42.89129292  -0.06249980  -0.00004430
  135  -42.99390501  -0.06254469  -0.00004489
  136  -42.16556192  -0.06257921  -0.00003452
  137  -41.92032343  -0.06261030  -0.00003109
  138  -41.66632780  -0.06263799  -0.00002768
  139  -41.68745114  -0.06266549  -0.00002750
  140  -41.84513966  -0.06269439  -0.00002890
  141  -40.51687290  -0.06270788  -0.00001349
  142  -40.63724019  -0.06272243  -0.00001454
  143  -40.26886865  -0.06273267  -0.00001024
  144  -40.92860690  -0.06275004  -0.00001737
  145  -42.48375219  -0.06278431  -0.00003427
  146  -42.97251171  -0.06282357  -0.00003925
  147  -42.58814624  -0.06285815  -0.00003459
  148  -42.49318535  -0.06289122  -0.00003307
  149  -42.07878303  -0.06291940  -0.00002818
  150  -40.76732923  -0.06293323  -0.00001384
  151  -40.91020952  -0.06294830  -0.00001507
  152  -41.05792631  -0.06296473  -0.00001643
  153  -41.16402832  -0.06298205  -0.00001733
  154  -41.22996775  -0.06299984  -0.00001779
  155  -41.35566896  -0.06301870  -0.00001885
  156  -41.44759769  -0.06303825  -0.00001956
  157  -41.33962367  -0.06305647  -0.00001822
  158  -41.34988027  -0.06307455  -0.00001808
  159  -41.94862532  -0.06309841  -0.00002385
  160  -42.08927667  -0.06312340  -0.00002499
  161  -41.72385010  -0.06314448  -0.00002107
  162  -42.55471178  -0.06317344  -0.00002896
  163  -42.52798496  -0.06320183  -0.00002839
  164  -42.97175465  -0.06323419  -0.00003236
  165  -42.89756481  -0.06326546  -0.00003127
  166  -42.81826424  -0.06329559  -0.00003013
  167  -42.60460297  -0.06332331  -0.00002772
  168  -42.14714273  -0.06334634  -0.00002304
  169  -41.86545286  -0.06336642  -0.00002008
  170  -41.93410584  -0.06338689  -0.00002047
  171  -42.17731206  -0.06340939  -0.00002250
  172  -42.12630694  -0.06343117  -0.00002178
  173  -42.14291527  -0.06345284  -0.00002167
  174  -42.26686872  -0.06347540  -0.00002256
  175  -42.27876558  -0.06349782  -0.00002242
  176  -42.63966431  -0.06352324  -0.00002543
  177  -42.77265639  -0.06354960  -0.00002635
  178  -42.62990423  -0.06357438  -0.00002479
  179  -42.71087183  -0.06359961  -0.00002522
  180  -42.62753328  -0.06362381  -0.00002421
  181  -43.47964045  -0.06365524  -0.00003143
  182  -43.32538685  -0.06368502  -0.00002978
  183  -43.15316143  -0.06371297  -0.00002794
  184  -43.26310181  -0.06374155  -0.00002858
  185  -43.39305789  -0.06377094  -0.00002940
  186  -43.54101832  -0.06380130  -0.00003035
  187  -43.54628193  -0.06383137  -0.00003008
  188  -43.72589372  -0.06386265  -0.00003128
  189  -43.61343517  -0.06389266  -0.00003001
  190  -43.72347073  -0.06392326  -0.00003061
  191  -43.12956791  -0.06394860  -0.00002533
  192  -43.14957877  -0.06397381  -0.00002521
  193  -43.21481235  -0.06399929  -0.00002548
  194  -43.32448854  -0.06402541  -0.00002612
  195  -43.74024141  -0.06405467  -0.00002926
  196  -43.61835468  -0.06408266  -0.00002798
  197  -43.67089675  -0.06411077  -0.00002812
  198  -43.61619249  -0.06413817  -0.00002739
  199  -43.54044115  -0.06416468  -0.00002651
  200  -42.36392732  -0.06418154  -0.00001687
  201  -42.45584890  -0.06419892  -0.00001738
  202  -41.73142520  -0.06421042  -0.00001149
  203  -41.88831428  -0.06422300  -0.00001258
  204  -41.79248390  -0.06423471  -0.00001172
  205  -41.66161078  -0.06424530  -0.00001058
  206  -42.01686699  -0.06425852  -0.00001322
  207  -41.86439449  -0.06427045  -0.00001193
  208  -41.95460883  -0.06428295  -0.00001250
  209  -41.63815106  -0.06429292  -0.00000997
  210  -42.02449657  -0.06430572  -0.00001280
  211  -42.11879783  -0.06431912  -0.00001340
  212  -41.96917507  -0.06433127  -0.00001215
  213  -41.79079545  -0.06434197  -0.00001070
  214  -41.85127769  -0.06435301  -0.00001104
  215  -41.74464715  -0.06436316  -0.00001015
  216  -41.04756953  -0.06436807  -0.00000491
  217  -40.68485337  -0.06437025  -0.00000218
  218  -40.28589427  -0.06436948   0.00000077
  219  -40.35796965  -0.06436922   0.00000025
  220  -40.30791682  -0.06436861   0.00000061
  221  -40.32874621  -0.06436815   0.00000046
  222  -41.02613050  -0.06437270  -0.00000455
  223  -40.84264042  -0.06437593  -0.00000322
  224  -41.23628294  -0.06438192  -0.00000599
  225  -41.88594674  -0.06439246  -0.00001055
  226  -42.15474265  -0.06440484  -0.00001237
  227  -41.98259294  -0.06441590  -0.00001106
  228  -41.99738988  -0.06442696  -0.00001106
  229  -42.98746655  -0.06444482  -0.00001786
  230  -42.77252675  -0.06446106  -0.00001624
  231  -42.49004245  -0.06447520  -0.00001414
  232  -41.94180535  -0.06448545  -0.00001025
  233  -42.76038126  -0.06450119  -0.00001574
  234  -42.70560059  -0.06451645  -0.00001526
  235  -42.60800333  -0.06453091  -0.00001446
  236  -42.78339518  -0.06454643  -0.00001552
  237  -43.10380482  -0.06456398  -0.00001755
  238  -43.16675258  -0.06458182  -0.00001783
  239  -43.14997987  -0.06459939  -0.00001757
  240  -43.21234907  -0.06461723  -0.00001784
  241  -43.26518744  -0.06463527  -0.00001804
  242  -43.11025377  -0.06465214  -0.00001687
  243  -43.71920492  -0.06467287  -0.00002072
  244  -43.97093031  -0.06469508  -0.00002221
  245  -43.96383026  -0.06471707  -0.00002199
  246  -44.41630924  -0.06474181  -0.00002474
  247  -44.26519139  -0.06476539  -0.00002358
  248  -44.21461053  -0.06478845  -0.00002306
  249  -44.31112320  -0.06481194  -0.00002349
  250  -44.17154891  -0.06483436  -0.00002241
