   #   Energy       Run. Aver.   Diff / au.
    1   -4.56887613  -0.00728097  -0.00728097
    2  -10.24699436  -0.01544578  -0.00816481
    3  -13.22833466  -0.02004569  -0.00459991
    4  -17.09672065  -0.02299558  -0.00294989
    5  -15.40466301  -0.02389622  -0.00090064
    6  -14.66535430  -0.02395875  -0.00006252
    7  -20.68632653  -0.02525439  -0.00129565
    8  -24.17069349  -0.02707436  -0.00181996
    9  -27.97409481  -0.02922160  -0.00214724
   10  -29.97464368  -0.03129092  -0.00206933
   11  -26.83716717  -0.03252239  -0.00123147
   12  -30.16968453  -0.03392135  -0.00139896
   13  -31.29351470  -0.03525574  -0.00133438
   14  -29.54461313  -0.03619581  -0.00094007
   15  -36.59561605  -0.03773335  -0.00153754
   16  -33.24088575  -0.03878190  -0.00104856
   17  -35.62919379  -0.03990222  -0.00112032
   18  -34.61221757  -0.04081201  -0.00090979
   19  -35.25907373  -0.04166920  -0.00085719
   20  -35.72672761  -0.04247531  -0.00080611
   21  -38.15670153  -0.04338661  -0.00091130
   22  -39.54775548  -0.04432061  -0.00093400
   23  -40.97499530  -0.04527327  -0.00095266
   24  -45.05172701  -0.04641802  -0.00114474
   25  -43.79369826  -0.04739868  -0.00098066
   26  -40.85086574  -0.04811721  -0.00071854
   27  -40.48442851  -0.04875119  -0.00063398
   28  -44.32185908  -0.04955527  -0.00080408
   29  -44.47230619  -0.05031802  -0.00076276
   30  -45.25954699  -0.05107037  -0.00075235
   31  -44.35069417  -0.05172712  -0.00065675
   32  -45.03125970  -0.05237373  -0.00064661
   33  -44.48146609  -0.05295429  -0.00058056
   34  -46.15518748  -0.05357721  -0.00062292
   35  -46.85787191  -0.05419774  -0.00062053
   36  -46.84891159  -0.05478333  -0.00058559
   37  -44.72440768  -0.05524482  -0.00046149
   38  -44.29865782  -0.05566090  -0.00041608
   39  -44.48859217  -0.05606224  -0.00040134
   40  -45.40054409  -0.05647948  -0.00041724
   41  -44.45894760  -0.05684015  -0.00036067
   42  -44.47038495  -0.05718274  -0.00034259
   43  -44.17335688  -0.05749796  -0.00031522
   44  -41.90817080  -0.05771619  -0.00021823
   45  -41.57861799  -0.05791090  -0.00019471
   46  -42.68625769  -0.05813500  -0.00022410
   47  -42.15780263  -0.05833227  -0.00019727
   48  -40.31137628  -0.05845946  -0.00012719
   49  -40.84341201  -0.05859734  -0.00013787
   50  -42.00198582  -0.05876684  -0.00016950
   51  -42.03203003  -0.05893125  -0.00016441
   52  -42.23192045  -0.05909536  -0.00016412
   53  -41.94956064  -0.05924479  -0.00014943
   54  -42.27542590  -0.05939803  -0.00015324
   55  -42.75987917  -0.05955980  -0.00016177
   56  -42.83254616  -0.05971801  -0.00015821
   57  -43.23891941  -0.05988197  -0.00016396
   58  -43.23803321  -0.06004036  -0.00015838
   59  -42.75109759  -0.06018012  -0.00013977
   60  -41.62607327  -0.06028504  -0.00010492
   61  -41.44667407  -0.06038126  -0.00009622
   62  -42.18606910  -0.06049324  -0.00011198
   63  -38.53812087  -0.06050964  -0.00001640
   64  -38.24551284  -0.06051674  -0.00000711
   65  -40.17611646  -0.06057082  -0.00005408
   66  -39.95792130  -0.06061871  -0.00004788
   67  -39.88903086  -0.06066343  -0.00004472
   68  -38.74790270  -0.06068005  -0.00001662
   69  -38.33733268  -0.06068629  -0.00000625
   70  -38.60914917  -0.06069840  -0.00001211
   71  -38.33360220  -0.06070406  -0.00000566
   72  -37.03736856  -0.06068079   0.00002327
   73  -36.59666001  -0.06064814   0.00003265
   74  -35.56683760  -0.06059407   0.00005407
   75  -36.11809509  -0.06055286   0.00004120
   76  -36.97178106  -0.06053081   0.00002205
   77  -36.75776732  -0.06050515   0.00002566
   78  -33.06493326  -0.06040466   0.00010049
   79  -31.97679454  -0.06028381   0.00012085
   80  -32.16909123  -0.06016957   0.00011425
   81  -32.00545450  -0.06005500   0.00011457
   82  -31.90571396  -0.05994128   0.00011371
   83  -31.78467915  -0.05982800   0.00011329
   84  -32.09684548  -0.05972333   0.00010466
   85  -32.11997317  -0.05962167   0.00010167
   86  -32.08684197  -0.05952179   0.00009988
   87  -32.64791453  -0.05943450   0.00008729
   88  -32.75881587  -0.05935135   0.00008315
   89  -30.75065976  -0.05923416   0.00011719
   90  -30.24769777  -0.05911028   0.00012387
   91  -30.33039823  -0.05899051   0.00011978
   92  -30.68816346  -0.05887958   0.00011093
   93  -32.56369433  -0.05880327   0.00007631
   94  -33.58146992  -0.05874620   0.00005706
   95  -32.67487613  -0.05867533   0.00007087
   96  -33.10656117  -0.05861296   0.00006237
   97  -33.69298942  -0.05856160   0.00005136
   98  -33.50818127  -0.05850839   0.00005321
   99  -34.62086978  -0.05847415   0.00003424
  100  -34.62980213  -0.05844093   0.00003322
  101  -34.78177526  -0.05841077   0.00003016
  102  -34.68699876  -0.05837976   0.00003102
  103  -34.12023507  -0.05834056   0.00003919
  104  -33.74625662  -0.05829632   0.00004425
  105  -33.38672488  -0.05824741   0.00004891
  106  -34.01554221  -0.05820883   0.00003858
  107  -32.80447569  -0.05815304   0.00005580
  108  -32.54199617  -0.05809424   0.00005880
  109  -32.56068079  -0.05803677   0.00005747
  110  -33.00330144  -0.05798677   0.00005000
  111  -32.98456771  -0.05793747   0.00004930
  112  -33.03131149  -0.05788972   0.00004775
  113  -32.81479060  -0.05783977   0.00004994
  114  -32.77005430  -0.05779006   0.00004971
  115  -33.01985342  -0.05774467   0.00004539
  116  -33.94177140  -0.05771277   0.00003190
  117  -33.54552374  -0.05767614   0.00003664
  118  -33.25681974  -0.05763618   0.00003995
  119  -33.33284507  -0.05759789   0.00003829
  120  -33.50219025  -0.05756250   0.00003539
  121  -33.00907249  -0.05752122   0.00004128
  122  -33.64330352  -0.05748886   0.00003236
  123  -33.70198583  -0.05745785   0.00003101
  124  -33.88710464  -0.05742973   0.00002812
  125  -33.91892588  -0.05740250   0.00002724
