           2           3   1.01152449085447     
           1           4   1.06679361961934     
           1           5  0.941913770420722     
           2           6  0.959098698032978     
           3           7  0.975793059621229     
           4           8  0.959924986823108     
           1           9  0.951480401527782     
           2          10  0.962277687928458     
           3          11  0.977719377577452     
           3          12  0.971074699427951     
           1          13  0.909714150069822     
           2          13  0.972915455812368     
           4          14   1.15554287062632     
          14          15  0.921398220883812     
          14          16  0.917642383832290     
          17          18  0.871572937194473     
          17          19  0.857615263826141     
          20          21  0.874283359566038     
          20          22  0.861283548733404     
          23          24  0.819711174865085     
          23          25  0.850356554777957     
          26          27  0.913757094221064     
          26          28  0.796627767580825     
          29          30  0.915062350065805     
          29          31  0.802698406868032     
          32          33  0.836074756328324     
          32          34  0.860737692412672     
          35          36  0.814899600511963     
          35          37  0.913660484272923     
          38          39  0.803348177040184     
          38          40  0.916634525909330     
          41          42  0.855518229162633     
          41          43  0.856069060390282     
          44          45  0.828444591838687     
          44          46  0.913556708228182     
          47          48  0.854795090502176     
          47          49  0.868418825102132     
          50          51  0.847398815695341     
          50          52  0.841210031491080     
          53          54  0.799682933902411     
          53          55  0.912555981226812     
          56          57  0.791801203369367     
          56          58  0.916669257573316     
          59          60  0.868279633109480     
          59          61  0.809124134105372     
          62          63  0.861721016696614     
          62          64  0.859083024510620     
          65          66  0.870735231400483     
          65          67  0.876960178259484     
          68          69  0.853483443776924     
          68          70  0.852966326670441     
          71          72  0.867588973323175     
          71          73  0.884645633845923     
          74          75  0.861166191342729     
          74          76  0.861037144397110     
          77          78  0.852684743987252     
          77          79  0.851680399709504     
          80          81  0.884427628044485     
          80          82  0.813560654115613     
          83          84  0.915227720142506     
          83          85  0.818746444022716     
          86          87  0.916864465217494     
          86          88  0.806523391130336     
          89          90  0.918076882209692     
          89          91  0.786353688515531     
