   -0.66356275
    0.33133768
    0.32504295
   -0.67290763
    0.33353506
    0.31929797
   -0.67675649
    0.33846812
    0.35730444
   -0.68680164
    0.35512454
    0.33935210
   -0.66190492
    0.31972547
    0.34045000
   -0.67719702
    0.33307633
    0.33063191
   -0.65460912
    0.33944656
    0.32106020
   -0.67962188
    0.32881404
    0.33187653
   -0.65705547
    0.33013271
    0.33871261
   -0.66757554
    0.35101378
    0.34036490
   -0.69354619
    0.33673585
    0.33929009
   -0.68751444
    0.32322191
    0.33744404
   -0.70999295
    0.34708062
    0.36148203
   -0.68484182
    0.35572622
    0.33691393
   -0.67798466
    0.36087332
    0.32792783
   -0.64876393
    0.35809517
    0.30163032
   -0.69168583
    0.35796592
    0.33968821
   -0.66307247
    0.33849206
    0.32692897
   -0.67699279
    0.33337779
    0.34629313
   -0.69488684
    0.34402130
    0.36114820
   -0.68518882
    0.31996362
    0.34452545
   -0.67938324
    0.33130204
    0.35264268
   -0.67976611
    0.35713728
    0.32939264
   -0.68991511
    0.35167283
    0.34071729
   -0.69304374
    0.33307865
    0.35710678
   -0.68071112
    0.33205427
    0.33402238
   -0.67134286
    0.34080781
    0.32084827
   -0.67893293
    0.31621102
    0.35059282
   -0.66346661
    0.34287472
    0.32036198
   -0.62848881
    0.32290812
    0.33483147
   -0.67523419
    0.34928273
    0.32006211
   -0.64921545
    0.35814383
    0.30191804
   -0.70101617
    0.34251922
    0.35796383
   -0.65374643
    0.29304980
    0.34821559
   -0.66900563
    0.34456937
    0.33108774
   -0.67612370
    0.32592590
    0.32857551
   -0.69454273
    0.34946358
    0.35420412
   -0.68615412
    0.35603550
    0.33241778
   -0.69044371
    0.34180234
    0.35265719
   -0.68598049
    0.34635439
    0.33630964
   -0.68156316
    0.35777286
    0.32323349
   -0.67762386
    0.31943901
    0.34879744
   -0.66415278
    0.31135248
    0.34020522
   -0.67461512
    0.34672009
    0.32109994
   -0.68139132
    0.33324643
    0.35943251
   -0.66633222
    0.32968304
    0.31758297
   -0.69059953
    0.34638058
    0.34320400
   -0.67309195
    0.34842698
    0.33302417
   -0.65059921
    0.31821002
    0.32914048
   -0.66113769
    0.33208010
    0.32017087
   -0.66653759
    0.33681742
    0.33313403
   -0.66369172
    0.33932535
    0.31371497
   -0.68079922
    0.32580437
    0.34423351
   -0.69444742
    0.33667641
    0.35928369
   -0.64942881
    0.31140950
    0.33763370
   -0.66481889
    0.33769402
    0.33410895
   -0.61874398
    0.34450354
    0.27669173
   -0.64428019
    0.31740709
    0.32594306
   -0.67145049
    0.31686317
    0.33466322
   -0.66017655
    0.31231124
    0.36142380
   -0.68363919
    0.32896990
    0.34203091
   -0.64651589
    0.35202202
    0.30900568
   -0.67122795
    0.33286738
    0.33502669
   -0.67286563
    0.36425395
    0.33815775
   -0.67996389
    0.35636146
    0.33401469
   -0.65346375
    0.31415336
    0.33673720
   -0.67833297
    0.36034965
    0.33065599
   -0.66787795
    0.32474186
    0.33510170
   -0.64703726
    0.32578026
    0.33247620
   -0.67592500
    0.33333601
    0.33250097
   -0.63333098
    0.30714923
    0.33276624
   -0.64828049
    0.32055756
    0.33049439
   -0.69561333
    0.33494835
    0.34547418
   -0.65499929
    0.30010655
    0.35984253
   -0.65882286
    0.33955010
    0.32652878
   -0.66107186
    0.33808688
    0.33495926
   -0.67631812
    0.32434448
    0.34750731
   -0.63776483
    0.32062521
    0.31711860
   -0.68359259
    0.36564107
    0.33089329
   -0.68252267
    0.34823858
    0.33867959
   -0.64706837
    0.29789462
    0.34954225
   -0.67671603
    0.31811548
    0.35721301
   -0.68882800
    0.33096612
    0.35404391
   -0.66760762
    0.34344344
    0.34547560
   -0.63687878
    0.32831065
    0.31932177
   -0.66252445
    0.32811870
    0.32498895
   -0.66761363
    0.34204454
    0.34010614
   -0.65704971
    0.35193463
    0.30856290
   -0.66379193
    0.32283898
    0.34260687
   -0.68749255
    0.33240057
    0.34647110
   -0.64568193
    0.32496775
    0.31883707
   -0.66511311
    0.32917083
    0.34059564
   -0.66453666
    0.35162461
    0.30763870
   -0.62033674
    0.33413066
    0.29615077
   -0.61169810
    0.32089023
    0.31232522
   -0.67745382
    0.34804396
    0.31955921
   -0.66468950
    0.31680028
    0.34164081
   -0.65880156
    0.35111067
    0.29892706
   -0.65751714
    0.32022746
    0.34215280
   -0.64948097
    0.35770961
    0.29200866
   -0.62480445
    0.28478649
    0.34929364
   -0.62899088
    0.27472173
    0.34711653
   -0.63339348
    0.27650651
    0.34303247
   -0.67569327
    0.34586101
    0.33891466
   -0.65870424
    0.32571118
    0.32668103
   -0.64566642
    0.32973890
    0.32889042
   -0.62966612
    0.28650389
    0.35489218
   -0.68079569
    0.33708609
    0.31967529
   -0.66653336
    0.36189324
    0.34017483
   -0.68094050
    0.34218980
    0.33095664
   -0.67372863
    0.34834688
    0.32672331
   -0.66430675
    0.32761222
    0.32520235
   -0.66159873
    0.33780841
    0.32139371
   -0.65806814
    0.33114731
    0.32438709
   -0.66462035
    0.32490327
    0.35137284
   -0.65461002
    0.32500695
    0.31316977
   -0.68182420
    0.34386512
    0.34569736
   -0.65260947
    0.32434278
    0.32699270
   -0.65177167
    0.33642224
    0.32520187
   -0.64960898
    0.32925916
    0.33251844
   -0.62788637
    0.31078797
    0.33185135
   -0.66869780
    0.34298388
    0.33542385
   -0.67667448
    0.32903395
    0.33622659
   -0.61481744
    0.34962651
    0.28857914
   -0.68495602
    0.34458768
    0.34751730
   -0.62206133
    0.34440322
    0.28260976
   -0.63901206
    0.33483301
    0.29250226
   -0.66533040
    0.34076645
    0.33431640
   -0.69589137
    0.32705990
    0.34595966
   -0.68934102
    0.33995670
    0.32095143
   -0.62167788
    0.33019534
    0.29068115
   -0.70473795
    0.35410626
    0.36069417
   -0.64521287
    0.30836363
    0.33271856
   -0.68208858
    0.33554711
    0.32736858
   -0.72745116
    0.36135250
    0.34989151
   -0.67113715
    0.35128882
    0.30723750
   -0.66118629
    0.34893857
    0.31294335
   -0.65998701
    0.33589296
    0.32761970
   -0.68661633
    0.35570050
    0.32115564
   -0.65761864
    0.32732647
    0.33512874
   -0.60831194
    0.28245922
    0.34160869
   -0.65514056
    0.31010962
    0.32687774
   -0.69008489
    0.33499002
    0.35820326
   -0.66202491
    0.30417957
    0.33280526
   -0.67349114
    0.31526214
    0.34648109
   -0.66416773
    0.33255062
    0.33425983
   -0.65571468
    0.33177972
    0.32188675
   -0.65786256
    0.34099889
    0.33053379
   -0.68754588
    0.35200632
    0.33955211
   -0.65058108
    0.32284384
    0.33943931
   -0.69560408
    0.35321621
    0.31978408
   -0.65325662
    0.35354425
    0.27523100
   -0.65418505
    0.32309778
    0.32742842
   -0.67201436
    0.34759738
    0.32896759
   -0.66592793
    0.33539261
    0.33412907
   -0.63706485
    0.33433761
    0.32895794
   -0.64934132
    0.34601868
    0.30724227
   -0.61433327
    0.28166921
    0.34219570
   -0.65358220
    0.35693471
    0.28896966
   -0.68971612
    0.35022868
    0.32755288
   -0.64636474
    0.33778276
    0.32704698
   -0.70669783
    0.34130142
    0.35223147
   -0.65122899
    0.31848785
    0.31851450
   -0.69955418
    0.34034508
    0.34216893
   -0.65273725
    0.31068596
    0.35004516
   -0.61302407
    0.29809058
    0.32526143
   -0.68869726
    0.34131438
    0.32572914
   -0.64486022
    0.32354164
    0.32335485
   -0.65888815
    0.34731556
    0.31729420
   -0.62120243
    0.28422552
    0.34422465
   -0.65916495
    0.33272585
    0.31664454
   -0.65728281
    0.32724099
    0.32380484
   -0.67251902
    0.35049239
    0.32014950
   -0.65691129
    0.35464539
    0.33299274
   -0.68672136
    0.35056120
    0.32318739
   -0.63595967
    0.32008329
    0.33586742
   -0.67128645
    0.32862786
    0.34790847
