           1           2  0.854607582394065     
           1           3  0.830651934242448     
           4           5  0.851066149417649     
           4           6  0.832813199525908     
           7           8  0.836709999156378     
           7           9  0.799609932440383     
          10          11  0.783100746674345     
          10          12  0.835555515015333     
          13          14  0.861110897391414     
          13          15  0.823236700346220     
          16          17  0.813834907665754     
          16          18  0.811195384391303     
          19          20  0.829720438403037     
          19          21  0.857401105543192     
          22          23  0.819477199829190     
          22          24  0.822547383945544     
          25          26  0.858597416073276     
          25          27  0.836709813687480     
          28          29  0.799956676081908     
          28          30  0.837788916078774     
          31          32  0.830183793081750     
          31          33  0.815597113077727     
          34          35  0.836731817312816     
          34          36  0.825834221680176     
          37          38  0.802474214841464     
          37          39  0.790188845830312     
          40          41  0.801484124512810     
          40          42  0.824801833184304     
          43          44  0.780116047147535     
          43          45  0.831906190731228     
          46          47  0.811823069700819     
          46          48  0.897430584611231     
          49          50  0.789303382587016     
          49          51  0.839107027831490     
          52          53  0.819662844517800     
          52          54  0.841982043553297     
          55          56  0.860552166444575     
          55          57  0.809507460213486     
          58          59  0.816884207613712     
          58          60  0.794946179593240     
          61          62  0.848818110170563     
          61          63  0.821950764575232     
          64          65  0.823327849268560     
          64          66  0.799365638862853     
          67          68  0.793979200566511     
          67          69  0.863032881945609     
          70          71  0.787990497842944     
          70          72  0.824934409969194     
          73          74  0.828821706523782     
          73          75  0.795825067193412     
          76          77  0.827590223648765     
          76          78  0.830502491945761     
          79          80  0.829466671773826     
          79          81  0.837109238965640     
          82          83  0.874924746757684     
          82          84  0.805752591596861     
          85          86  0.798716000724121     
          85          87  0.859249728855755     
          88          89  0.879244969311185     
          88          90  0.855861691277874     
          91          92  0.814171789924551     
          91          93  0.854345600671716     
          94          95  0.777900086285509     
          94          96  0.896653025080410     
          97          98  0.812613192665941     
          97          99  0.792613562516981     
         100         101  0.904218681209886     
         100         102  0.802159485108629     
         103         104  0.827999603741887     
         103         105  0.865433254784538     
         106         107  0.831151879416379     
         106         108  0.828587172142080     
         109         110  0.792045292618712     
         109         111  0.818330886020461     
         112         113  0.801851768147610     
         112         114  0.845401428603969     
         115         116  0.813580397546420     
         115         117  0.805446564427120     
         118         119  0.819062367139384     
         118         120  0.828344897543211     
         121         122  0.801320472645096     
         121         123  0.829811358881552     
         124         125  0.844682353684911     
         124         126  0.796548735238954     
         127         128  0.873167709520356     
         127         129  0.829347808639795     
         130         131  0.815491645374082     
         130         132  0.846933466008234     
         133         134  0.828514294971665     
         133         135  0.797650778553016     
         136         137  0.826938769982973     
         136         138  0.851178207457140     
         139         140  0.803766063990556     
         139         141  0.814377550648506     
         142         143  0.824113095424358     
         142         144  0.835113024085781     
         145         146  0.867529295153976     
         145         147  0.834492573563964     
         148         149  0.827050024028091     
         148         150  0.857487218779077     
         151         152  0.821669835660089     
         151         153  0.846911527929629     
         154         155  0.827973163396635     
         154         156  0.874580772778015     
         157         158  0.818256901284203     
         157         159  0.818262682357412     
         160         161  0.806193358040805     
         160         162  0.805539580396837     
         163         164  0.886474794712741     
         163         165  0.819759546278238     
         166         167  0.807068032407762     
         166         168  0.827137480530563     
         169         170  0.830446334809844     
         169         171  0.919646111844102     
         172         173  0.868790042063857     
         172         174  0.868464168279136     
         175         176  0.844491833200127     
         175         177  0.823171983542798     
         178         179  0.883426411969187     
         178         180  0.778273640936312     
         181         182  0.832763127984299     
         181         183  0.811841683609100     
         184         185  0.810413909742439     
         184         186  0.886814940063232     
         187         188  0.835792598512480     
         187         189  0.829050394743233     
         190         191  0.806075590742955     
         190         192  0.843189347637592     
         193         194  0.797555085374958     
         193         195  0.837781082175076     
         196         197  0.884131319297728     
         196         198  0.809649760038010     
         199         200  0.809262201252780     
         199         201  0.827007168754805     
         202         203  0.841306541922076     
         202         204  0.837889510984455     
         205         206  0.865533628893225     
         205         207  0.850663522924348     
         208         209  0.814880810701205     
         208         210  0.851125635739402     
         211         212  0.896640010750338     
         211         213  0.837661577179865     
         214         215  0.868692732533785     
         214         216  0.837398618897937     
         217         218  0.813102526079776     
         217         219  0.787879472910185     
         220         221  0.895304842183679     
         220         222  0.786042380970179     
         223         224  0.853012094662778     
         223         225  0.846660519136054     
         226         227  0.829649180517510     
         226         228  0.819940912679370     
         229         230  0.839992158875931     
         229         231  0.811725295739735     
         232         233  0.867728748148870     
         232         234  0.859734120100728     
         235         236  0.780741730252124     
         235         237  0.835787375587464     
         238         239  0.800051345880530     
         238         240  0.823773015300057     
         241         242  0.899496217332294     
         241         243  0.800605816219255     
         244         245  0.879855825695748     
         244         246  0.780330890143507     
         247         248  0.850931924146023     
         247         249  0.798857957337289     
         250         251  0.818392007804643     
         250         252  0.832557135268280     
         253         254  0.855497075288666     
         253         255  0.867552105081501     
         256         257  0.852316311627738     
         256         258  0.855255206710993     
         259         260  0.843867881978224     
         259         261  0.823311803166946     
         262         263  0.803508603946232     
         262         264  0.886961682247181     
         265         266  0.863700929418388     
         265         267  0.832431597102136     
         268         269  0.821276717701470     
         268         270  0.802082615438748     
         271         272  0.859952814479730     
         271         273  0.863825354242626     
         274         275  0.850062178273514     
         274         276  0.824595568204358     
         277         278  0.808605131008074     
         277         279  0.872351268120668     
         280         281  0.846301984165284     
         280         282  0.909232781643062     
         283         284  0.882334469480794     
         283         285  0.884104644360121     
         286         287  0.810627806534573     
         286         288  0.850968266518574     
         289         290  0.854224160921173     
         289         291  0.829859608453544     
         292         293  0.789219177307918     
         292         294  0.893320467251905     
         295         296  0.876129377767144     
         295         297  0.810724931464039     
         298         299  0.782975882112976     
         298         300  0.903038239568911     
         301         302  0.914936382477171     
         301         303  0.799034158307398     
         304         305  0.919387554898548     
         304         306  0.803611016019250     
         307         308  0.919148046887717     
         307         309  0.785905018944090     
         310         311  0.828791803706774     
         310         312  0.819457497645565     
         313         314  0.832849338567237     
         313         315  0.846060937592441     
         316         317  0.857458255599015     
         316         318  0.858454277807091     
         319         320  0.913891088779748     
         319         321  0.809837011146289     
         322         323  0.803805631233367     
         322         324  0.849552013884931     
         325         326  0.807621748336106     
         325         327  0.839433993525231     
         328         329  0.808308374752358     
         328         330  0.818940175615903     
         331         332  0.814446171434877     
         331         333  0.833740499250391     
         334         335  0.838570510792569     
         334         336  0.830220205484456     
         337         338  0.822085597325039     
         337         339  0.858669580522647     
         340         341  0.829771383654407     
         340         342  0.853098593272721     
         343         344  0.832859192519642     
         343         345  0.817217879409634     
         346         347  0.833316228739354     
         346         348  0.882142811070965     
         349         350  0.806985243849739     
         349         351  0.814327250178888     
         352         353  0.854390723305291     
         352         354  0.864681794261281     
         355         356  0.847560460138552     
         355         357  0.853010754676779     
         358         359  0.844605201364021     
         358         360  0.850526402850745     
         361         362  0.889573477994272     
         361         363  0.841498263789077     
         364         365  0.838410934253898     
         364         366  0.828059145760813     
         367         368  0.831278129533465     
         367         369  0.805147214428551     
         370         371  0.832871604351805     
         370         372  0.911902851653735     
         373         374  0.812473334952273     
         373         375  0.825035061403985     
         376         377  0.816513515822752     
         376         378  0.915552693795219     
         379         380  0.818173528074661     
         379         381  0.906568298148142     
         382         383  0.848832471920277     
         382         384  0.822025583274486     
         385         386  0.820965497536160     
         385         387  0.800866889961204     
         388         389  0.803638812177726     
         388         390  0.835870446252518     
         391         392  0.847818618896424     
         391         393  0.904502200847502     
         394         395  0.808305587447321     
         394         396  0.800592475018620     
         397         398  0.875144124094114     
         397         399  0.847101932617519     
         400         401  0.816314611479210     
         400         402  0.822133724686885     
         403         404  0.766232405941831     
         403         405  0.780253776138776     
         406         407  0.792759742975021     
         406         408  0.886496599824323     
         409         410  0.805613537471665     
         409         411  0.875191055067298     
         412         413  0.847385709714809     
         412         414  0.833153726868143     
         415         416  0.781270995141167     
         415         417  0.859884657807347     
         418         419  0.866850458663209     
         418         420  0.828152862069401     
         421         422  0.917777484075826     
         421         423  0.842734515992971     
         424         425  0.874118231468668     
         424         426  0.851163988188623     
         427         428  0.818812091746646     
         427         429  0.814256645324669     
         430         431  0.886555662908357     
         430         432  0.832520318027178     
         433         434  0.862546669515048     
         433         435  0.791963075071661     
         436         437  0.828554737350509     
         436         438  0.809979617664590     
         439         440  0.844287254071900     
         439         441  0.864353580007735     
         442         443  0.822509228214754     
         442         444  0.851072827121671     
         445         446  0.808577571539094     
         445         447  0.813796355348831     
         448         449  0.861533003510209     
         448         450  0.862401421014015     
         451         452  0.781741495837301     
         451         453  0.836782083580199     
         454         455  0.780878636573151     
         454         456  0.916222084192768     
         457         458  0.867035172367323     
         457         459  0.827363489123946     
         460         461  0.815594361622485     
         460         462  0.853313137120971     
         463         464  0.821255002586034     
         463         465  0.829202472797265     
         466         467  0.846812741415201     
         466         468  0.865496902975490     
         469         470  0.806947355805552     
         469         471  0.887403492523287     
         472         473  0.918043359695271     
         472         474  0.837989097588171     
         475         476  0.796882256523181     
         475         477  0.904870684685044     
         478         479  0.826754337085713     
         478         480  0.820576049282914     
         481         482  0.841953464255440     
         481         483  0.860399029598489     
         484         485  0.803544633767887     
         484         486  0.789975891078922     
         487         488  0.868257834931957     
         487         489  0.852910794861853     
         490         491  0.809316026368379     
         490         492  0.810840205952160     
         493         494  0.886411813200338     
         493         495  0.808648441196389     
         496         497  0.905250671884151     
         496         498  0.869025945221487     
         499         500  0.819939836176275     
         499         501  0.842894088473010     
         502         503  0.865569328507186     
         502         504  0.862425485919738     
         505         506  0.836328279490686     
         505         507  0.856648576237383     
         508         509  0.916062318960719     
         508         510  0.824572794407225     
         511         512  0.835674363717630     
         511         513  0.864288668087601     
         514         515  0.853522799685834     
         514         516  0.845991147692706     
         517         518  0.805626252686337     
         517         519  0.850605476675619     
         520         521  0.820793612721966     
         520         522  0.850878485485171     
         523         524  0.814464642600285     
         523         525  0.841328561590106     
         526         527  0.882257928563896     
         526         528  0.871128847366655     
         529         530  0.860884741208096     
         529         531  0.825589513562350     
