           1           2  0.849895928940770     
           1           3  0.849364986449440     
           4           5  0.852538248031764     
           4           6  0.844406256581278     
           7           8  0.800772514424723     
           7           9  0.851728227195900     
          10          11  0.912096589270796     
          10          12  0.786906394378127     
          13          14  0.856038168198420     
          13          15  0.896657152783964     
          16          17  0.795969552579708     
          16          18  0.914118572009868     
          19          20  0.915507132981290     
          19          21  0.790076101185219     
          22          23  0.843736868913445     
          22          24  0.828438732292259     
          25          26  0.911066393854899     
          25          27  0.782004753954910     
          28          29  0.773577666257138     
          28          30  0.916501111567552     
          31          32  0.862740824116926     
          31          33  0.852014896396268     
          34          35  0.840895930951116     
          34          36  0.818595145464972     
          37          38  0.828769236490353     
          37          39  0.863013530205306     
          40          41  0.869530945735403     
          40          42  0.870053403124592     
          43          44  0.876959552164744     
          43          45  0.864819073887172     
          46          47  0.793199270716076     
          46          48  0.911308582116643     
          49          50  0.824036178066850     
          49          51  0.884407451292989     
          52          53  0.855208942469818     
          52          54  0.838612671641490     
          55          56  0.830922130075379     
          55          57  0.810810913102620     
          58          59  0.823410283645264     
          58          60  0.798713701197883     
          29          61  0.105141173121668     
          61          62  0.836361715767475     
          61          63  0.821424513936285     
          64          65  0.843498618903804     
          64          66  0.862847298837043     
          67          68  0.817318763005011     
          67          69  0.835979779799235     
          70          71  0.819253748994948     
          70          72  0.855033262475566     
          73          74  0.915877451985598     
          73          75  0.840930695867121     
