$coord
          1.572904682552          0.868498217022          2.259083057930     h 
         -0.047449526720          1.042008540350          0.965950984072     c 
         -1.788897197025          0.869496598781          2.079329786046     h 
          0.038805881100         -1.089263771566         -0.976310392834     c 
          1.753313317522         -0.847622928394         -2.132264691503     h 
         -1.596616121511         -0.908282375939         -2.222851300402     h 
         -0.117788409821         -3.516403426047          0.301061394872     n 
         -0.142018149220         -4.935179117304         -0.985505556123     h 
          1.418838893929         -3.775418241075          1.419476230759     h 
          0.039659514220          3.366241096685         -0.336602671843     o 
         -0.107179840803          4.723103191132          0.865588914389     h 
$end
