$coord
           -5.4892349941          -13.6836621247           -6.2164006722     O 
           -5.8313740124          -12.6120234248           -4.7432683177     H 
           -4.8150078747          -15.2200724262           -5.5336525065     H 
            0.1050093190           -4.4137509928           -6.9359318065     O 
            1.2442544186           -5.4890963353           -7.8980288269     H 
            1.1675168678           -3.0481096926           -6.3064890373     H 
            6.2283956484            3.0646573056           -5.5644461880     O 
            7.6846098496            3.0289591754           -4.4284774943     H 
            5.3450485722            1.4509773309           -5.4219767614     H 
            5.8286893530            0.5985708137           -0.1364922669     O 
            4.6777697932            1.9460022286           -0.5618911234     H 
            7.5028319429            1.2749470221           -0.5277742320     H 
            3.0626060770           -0.8586090077           -4.8389693856     O 
            1.9585219456            0.6230532487           -5.1070813948     H 
            2.8147803706           -1.3947543092           -3.1103497726     H 
           -7.0385458937          -10.3152964075            2.4018569407     O 
           -8.6980889506          -11.1314901646            2.3177346545     H 
           -7.3089598219           -8.5171947969            2.0727828605     H 
            7.8539563705           -2.9702598725            3.5984352404     O 
            6.2217467160           -2.1555229970            3.8229288403     H 
            8.9290323636           -1.7554412374            2.7523470527     H 
           -2.3914575358           -5.8332723643            2.6743823081     O 
           -1.6732052436           -6.1419749944            1.0352784135     H 
           -4.1876739369           -5.5728969724            2.4010584450     H 
            5.0755311672           -7.1158473979            1.5546194699     O 
            5.4102982235           -5.7084181994            0.4121017600     H 
            4.2435669445           -6.4242032367            3.0348018809     H 
            4.1021657817            4.1475120518            3.4995313000     O 
            5.8634085480            3.8846011720            4.0398384609     H 
            4.1897925206            4.8386052934            1.8096705318     H 
            4.0734352534            6.0509088440            8.6078305632     O 
            3.7884476070            4.3421173799            8.0598590637     H 
            5.1701851380            6.8398799931            7.3233671403     H 
           -2.1567327103            3.4501069477            8.7571580495     O 
           -1.7674533605            4.3084775344            7.1445577127     H 
           -0.7635128518            3.7162526425            9.8984760328     H 
           -1.9564298413           -7.2345841082          -14.0397343344     O 
           -2.4533886462           -6.2427355161          -12.5288138615     H 
           -0.8653062471           -8.5655719326          -13.4318071967     H 
           -0.7672778244            5.2784307918            4.3694566076     O 
            1.0293100567            5.0256455268            4.1353342424     H 
           -1.0924621457            7.0442369311            3.9871401623     H 
           10.8897765337            6.4695379233           -5.7470282956     O 
           11.2078250163            7.5325049674           -4.2758795266     H 
            9.2561022278            7.0590716668           -6.4040731943     H 
           -5.9408616891           -1.7510839614          -14.0246470020     O 
           -6.0036493155           -3.0751664881          -15.2554527364     H 
           -5.1082898730           -2.4706087429          -12.5277646267     H 
            0.5444017611            3.3297571969           -5.2808374736     O 
            0.8020026743            4.4205388865           -6.7389584380     H 
           -1.2608246962            3.3427067603           -4.9361373712     H 
          -14.1690052209           -2.5106657998           -7.9895845887     O 
          -14.0919156358           -0.7767390226           -8.6685012266     H 
          -12.9220013398           -3.4645019085           -8.9060502211     H 
          -10.7734672592            1.2620570003           -4.9377612800     O 
           -9.7513475541            0.9145502673           -3.4433826193     H 
          -11.0678799665            3.0614225804           -5.0714249325     H 
           -6.5978407181            7.8050968343            1.0062459290     O 
           -6.2698641191            6.0600026420            0.6445269249     H 
           -8.0630904085            7.8545995177            2.1510417545     H 
           -8.4516752241            4.1327956904           -9.4760338001     O 
           -8.4346132670            2.2870180758           -9.4361087585     H 
           -8.2363442237            4.7423856087           -7.7529228695     H 
            5.4600147964           -4.8249493758          -13.2961282291     O 
            3.8726730861           -4.2145614849          -13.9960595232     H 
            4.9719072248           -5.7428449743          -11.7573983655     H 
           -7.0198900172           -5.5496129881            0.6817831688     O 
           -8.7778948872           -5.0951209005            0.3648348996     H 
           -6.1427749352           -5.3367750483           -0.9224166651     H 
           -7.8079263514           -0.7363335545           -1.3594411585     O 
           -8.6229216684           -0.8254023633            0.2826733783     H 
           -6.3280258538            0.2922136520           -1.0963006251     H 
           -5.4915382876           -2.2057936785            6.5497886183     O 
           -6.7124780419           -1.7230590715            5.2505872267     H 
           -5.8596877506           -4.0005879489            6.8906738732     H 
          -10.2706247438            3.1931109525            0.7570530688     O 
           -9.3618305259            3.3672519165            2.3394518818     H 
          -10.5878727483            4.8784389499            0.1075991536     H 
           -2.7785134344            2.2368065393          -14.1458777341     O 
           -3.9779819709            0.8798995977          -14.4826555092     H 
           -2.0210727351            1.7612660799          -12.5139530701     H 
            6.8386187505           -3.8321522469           -1.9387784674     O 
            6.2036588403           -2.2403717095           -1.2027469274     H 
            8.6506158141           -3.8494877255           -1.5375679720     H 
          -11.9282433174           -4.4313574814           -0.0513807867     O 
          -12.9826186794           -5.0394408737           -1.4377593075     H 
          -12.6293719870           -2.7905729827            0.3951904411     H 
            9.4950363014            6.7641025975            1.0464007552     O 
            8.6702475140            8.0623262407            0.0127433046     H 
            8.8419401848            7.0181264316            2.7471572637     H 
          -14.1039470334           -2.8515579796          -14.1856205125     O 
          -13.0193239411           -1.3960876818          -14.4536520012     H 
          -13.0943385543           -3.9835365698          -13.1551658159     H 
          -11.4798761166           -3.9271054616            8.1530473025     O 
          -11.0896893249           -5.1387783698            6.8161396809     H 
          -13.0065260386           -3.1067957720            7.5262108557     H 
            9.9762459328            7.1178269387          -12.4307078152     O 
            9.5107258424            6.8174365550          -14.1538972122     H 
            9.3776505207            5.6152790925          -11.4967628031     H 
            8.3633501279           -7.9126548784            6.5580779197     O 
            9.9046772851           -7.3385873248            5.7636050495     H 
            7.3482910983           -6.4042730914            6.9308073777     H 
           11.7200867063           -3.0969641672           -1.3271176809     O 
           11.7632405514           -1.6272262697           -0.2055368264     H 
           12.3093462202           -2.5544462220           -2.9746354006     H 
          -11.0233380253           -7.0905887855            4.2273534103     O 
          -12.0367204224           -8.4196476251            5.0344660744     H 
          -12.0050979864           -6.4759253661            2.7972822464     H 
            3.8151708601            5.3925219185           -1.5480589646     O 
            1.9692781687            5.6838565743           -1.5315067184     H 
            4.2347966164            4.7998740571           -3.2343819330     H 
           -0.6380628187           -1.1621285643            7.3700139430     O 
           -1.1467399053            0.5385722629            7.8951541996     H 
           -2.2295172315           -1.9230154848            6.8512044148     H 
           -4.3904706187            3.2430678061           -4.0201753133     O 
           -4.1851230667            3.0865157259           -2.1810971562     H 
           -5.5946224409            4.5971994806           -4.3508731906     H 
            8.0102994552           -1.8892853873           -6.6241874071     O 
            9.3822704368           -0.6706424429           -6.6240797768     H 
            7.5546555033           -2.3473582971           -4.9064490795     H 
           11.4819800713          -12.6705847759           -7.3013569430     O 
           12.4902005498          -14.1683907693           -7.3231382409     H 
           12.6366417091          -11.2399066111           -7.6619060186     H 
            8.0401328396            3.0173248008          -10.3344794791     O 
            8.3929795351            1.2579603825          -10.7884426468     H 
            7.3844713091            2.9812448014           -8.6037673860     H 
          -10.6250784886           -5.2461062545          -11.1247673653     O 
           -9.4692338427           -6.0407916013          -12.2926907522     H 
          -11.1305625939           -6.6641598333          -10.0095302500     H 
           -9.9564650093            5.6437014013          -15.7810600663     O 
           -8.2257745276            5.9846789095          -15.2716793129     H 
          -10.9717827370            6.6622613468          -14.6527956972     H 
           13.4335663641           -3.3884407168           -6.1344409263     O 
           12.5163489312           -2.9730573347           -7.6462880240     H 
           15.1808386266           -3.7277438294           -6.6736623841     H 
            9.8104442296            2.7943963076           -2.0057502974     O 
           11.5822714249            2.3320841410           -1.9772692940     H 
            9.6658251989            4.2888130747           -0.9302679631     H 
            3.5373657730           -7.2023280362           -9.3277423094     O 
            4.3041203180           -7.6424088699           -7.7078173476     H 
            2.7637638807           -8.7046561179          -10.0559771988     H 
          -15.5378651089            0.6991312061           -3.6456335473     O 
          -16.7286547120            0.5040442242           -5.0391062811     H 
          -13.8271428750            0.6183238571           -4.3661028989     H 
            1.4270403537           13.1278264285            9.6190055536     O 
            1.9854974333           12.2619950283           11.1552881564     H 
            2.9507894037           13.3080008657            8.5925547950     H 
          -11.2584507840            8.0859227751          -11.2322319876     O 
          -10.1722826801            9.3806979786          -10.5554613078     H 
          -10.5915008169            6.5070971156          -10.5569037836     H 
            5.1007682337           -7.9486371965           -4.5479089156     O 
            6.2427926960           -9.3650153778           -4.2608557514     H 
            5.8887712363           -6.4496765468           -3.8501318235     H 
           -0.8656626592            0.4195629850           -9.9505678315     O 
           -1.8522137391           -0.2306289407           -8.5392717217     H 
            0.9254475818            0.2868529827           -9.5469038477     H 
           11.8564474161           12.5415901974            2.0567684787     O 
           11.8775752114           11.5916023670            0.4710467687     H 
           10.2067673201           13.3718199425            2.0517042422     H 
            7.7650649221            5.9098900718           12.1600112261     O 
            7.2227161683            4.9087100375           13.6194280117     H 
            6.5111145451            5.5978397715           10.8487331020     H 
            6.2556328490            2.7136013114           15.7970654429     O 
            5.8562086453            1.0574705470           15.0476735546     H 
            4.6711903312            3.2616472720           16.5190444892     H 
           11.5692195099            0.4072480758            2.1622738940     O 
           10.5482751351            1.4566994048            3.3025293487     H 
           13.1414682029            0.0202501396            3.0001718041     H 
          -14.6764496171            5.3506180664            3.5047256575     O 
          -15.0681691657            5.1399068684            1.7151970914     H 
          -13.1213471921            6.3567494784            3.5871717496     H 
           -7.2172526108            3.7144243260            4.8148833189     O 
           -6.3859602281            5.2997122495            5.2591555860     H 
           -7.1298939937            2.6832177851            6.3244803938     H 
          -10.5385056208           -8.7840231621           -3.5303267368     O 
           -8.9478462306           -9.6024944696           -3.1041044128     H 
          -11.8857126706           -9.5048486836           -2.4874546850     H 
          -22.3824635363           -4.9758633905            1.5241533587     O 
          -22.5112922672           -3.6710696709            2.8541267236     H 
          -23.6289403881           -4.5638064245            0.2436797883     H 
           12.7056545115           -6.0351616774            4.2183791057     O 
           11.7733243416           -6.5349776787            2.6996711699     H 
           13.5847282882           -4.4457713056            3.8250652020     H 
          -13.0249240757            5.6658725721           -6.2757519443     O 
          -14.8605149989            5.5466908336           -6.3036580922     H 
          -12.6505667798            7.4590271600           -6.2686000200     H 
           -7.4625950539           10.8263584499           -8.1130480129     O 
           -6.9181714866           12.5161720768           -7.5552980500     H 
           -6.0368332394           10.2002197199           -9.0844332236     H 
            4.2820651987           -7.0145247902           12.1514837083     O 
            2.5228207522           -6.5526911051           11.8205988910     H 
            4.5030715207           -8.7282606887           11.5364765313     H 
          -17.9697348769            3.7298440385            7.8421340658     O 
          -16.7847198956            5.0529515378            8.3833915259     H 
          -17.9016533972            2.4346846238            9.1109899139     H 
          -14.1114524609            0.0776531524            1.0963023317     O 
          -12.6908863841            1.2897481526            0.9932527649     H 
          -14.8907401970            0.0257637581           -0.5737594486     H 
           11.7485029880           10.4628016355           -2.6262133456     O 
           10.5851491663           11.6101154265           -3.4206480481     H 
           13.4464892798           10.8899989091           -3.2807808315     H 
           -2.9458748037           -9.8125277341            5.8204731672     O 
           -3.0630472198          -11.5179393353            5.1482036108     H 
           -2.5393316338           -8.7191403312            4.3933210809     H 
          -21.7173447480            4.1961291370            0.3000687479     O 
          -21.9763079343            2.7973048332           -0.8784388649     H 
          -20.3628559494            3.5450086347            1.3961443528     H 
            0.8344309241           -2.8337417292          -14.0631850685     O 
            0.0244031943           -2.0234806921          -12.6251526521     H 
           -0.1784894549           -4.3135384901          -14.4692534464     H 
           -6.6909268242           -7.0117330002           -7.9363604859     O 
           -7.7046823155           -5.8779487919           -6.8536016941     H 
           -5.3626837036           -7.7368671398           -6.9175421875     H 
           -4.0241155822           -5.5347349718           -3.4903729172     O 
           -4.1975050209           -4.0151499392           -4.5387823640     H 
           -2.2305041931           -5.9260763361           -3.5367403486     H 
            6.2904133715            7.8688962099           -7.1687058527     O 
            5.4777615359            6.2491047270           -7.0040892931     H 
            5.9283903046            8.5074087575           -8.8466678107     H 
            5.5967811088           -4.0601590679            8.3577991146     O 
            4.1144043459           -4.2058628727            7.2980237123     H 
            5.2162676635           -4.9934367989            9.9251668437     H 
          -10.4569787152            7.9203960321            4.1368848386     O 
           -9.8917748618            7.3180170403            5.7802666243     H 
          -10.9010475031            9.7228632175            4.3174424115     H 
           -5.8052978030          -10.3515272349           -2.4633364741     O 
           -5.0596984916           -8.7041354483           -2.7784926089     H 
           -5.9287378498          -10.5633967746           -0.6227961271     H 
           -5.2475162737            8.0556109947            6.4155939836     O 
           -5.9540198001            9.7398247372            6.4380481850     H 
           -3.5887827175            8.1408019371            7.1809961250     H 
            2.0591524417            1.6766332421           11.1515652387     O 
            3.8543486544            1.3804726380           10.8033821725     H 
            1.2639560937            0.0640673354           10.8738026145     H 
           -6.7919791276           -6.8807166196            7.0377266774     O 
           -5.4439667156           -8.0546672453            6.6070027418     H 
           -8.1452578711           -7.1895275984            5.8524506788     H 
          -17.9056572501           -0.2766468780          -12.0024800244     O 
          -16.7970611519            1.1538247441          -11.7444582443     H 
          -16.8175291327           -1.4678768453          -12.9123439393     H 
          -12.3177472127           10.8713581731           -5.8662561152     O 
          -10.6812468616           11.2194643043           -6.5925906419     H 
          -12.3803407731           11.6678132730           -4.2334173154     H 
          -11.9341443733           -9.1504188209           -8.3469004585     O 
          -11.0443987926          -10.6112038049           -9.0689338574     H 
          -11.3079974234           -8.9803791728           -6.6069754108     H 
          -19.1439188205           -2.4328266640            8.9983396384     O 
          -17.7394337304           -1.7169773261            9.9479056492     H 
          -18.8378913865           -4.2365613364            8.9087768214     H 
            5.2609446625            9.8329558916          -11.9346648943     O 
            4.7528498522            8.1754627914          -12.5754326148     H 
            7.0004717457           10.0595114518          -12.3996861471     H 
            6.4465473405            9.8203608150           -1.3595085985     O 
            5.2983612809            8.4050138536           -1.6339135247     H 
            6.6608255606           10.6626985179           -2.9845255083     H 
            4.1003383261           -0.4632134051           -9.8762022586     O 
            4.3092349212           -1.5304712602          -11.3256270952     H 
            5.2617602631           -1.0924115184           -8.6075344160     H 
            4.0965303449            4.9522074531          -12.8175373350     O 
            3.3506595922            3.8223489949          -14.0950351170     H 
            5.4222212804            3.9754604245          -11.9653508443     H 
           17.9782373199           -4.1736694627           -8.0494416378     O 
           17.3893442439           -3.8452983516           -9.8001884894     H 
           19.3406906519           -2.9951208669           -7.7594886851     H 
           15.9600138071           -3.1286292567          -12.4231500229     O 
           15.1288396312           -1.4840200543          -12.4691029172     H 
           14.6272030650           -4.3770386647          -12.6329939389     H 
           -7.7506038143           10.2263887866           11.2236100019     O 
           -8.6001910056           10.6850359471           12.7509697858     H 
           -6.1526977503            9.3466736664           11.7397052804     H 
           15.8240288655           -2.2223707521            3.4819052722     O 
           16.7939253455           -2.3505267541            5.0591112473     H 
           16.6557206190           -3.2405338822            2.2106234973     H 
           13.7134428171            0.9845772451            7.8117678972     O 
           14.3015071381            1.1694576651            9.5398179943     H 
           12.4494248812           -0.3566757939            7.8418327849     H 
            8.5368670712            2.8606088340            5.2243204028     O 
            7.9699307799            2.0032000408            6.7745195445     H 
            9.7084778870            4.1995511459            5.7440532258     H 
          -10.5577981095            0.9852804217          -13.8645613192     O 
          -10.3528261997            2.5772909339          -14.7908022249     H 
           -8.9261413285            0.1603188659          -13.7971312180     H 
          -15.8928192519           -6.7972899726            2.2483682335     O 
          -17.4337696129           -7.8021642655            2.4555090017     H 
          -16.4152539801           -5.2360747981            1.4190794189     H 
           -9.4514430486           -1.2845183240            3.6298947219     O 
          -10.1646738327           -2.9537746660            3.6471501746     H 
          -10.5669115442           -0.2097150339            4.6344369618     H 
            1.4583677400           10.8558382877           -1.8752041737     O 
            0.7805370148           10.2699780678           -3.4691102021     H 
            0.0366606394           11.6440321134           -1.0189363636     H 
           -8.9605498944            2.2629147777           14.0379576260     O 
           -7.4421228066            2.7203261595           14.9370248688     H 
           -8.3499572610            1.8242619862           12.3509833612     H 
           16.0531414702            3.2148671965            4.1652133640     O 
           17.1740842156            4.4946328950            4.9305645537     H 
           15.3875762885            2.1464130649            5.5377774506     H 
            3.2294002119           -0.8380848404            4.2288391247     O 
            3.4999226303            0.9666766667            3.9443183583     H 
            1.8839876545           -1.0202629004            5.4922870662     H 
           18.7591374287           -1.7419589370           -2.6447707171     O 
           19.2714349037           -0.5918708355           -1.2675812160     H 
           19.6256685350           -1.1266660206           -4.1828936032     H 
           15.0650301855            5.9644227379          -12.3672453455     O 
           15.5306832631            6.5191506976          -10.6624546780     H 
           13.4168214388            6.7106998989          -12.6507525165     H 
            8.7703969129           -6.5226369551           -8.4904394072     O 
            8.3237350535           -4.7745300439           -8.0971121221     H 
            9.6454414097           -7.1808874040           -7.0106037104     H 
          -21.4004179535            0.1542564943           -2.7043979707     O 
          -20.0514571025           -0.7828390315           -1.8231328500     H 
          -20.7929304326            0.3824714752           -4.4268879330     H 
          -18.1008629146            5.9494630056           -6.9079552598     O 
          -19.1072389541            6.7489176134           -5.6033006706     H 
          -17.6129208566            7.2833785703           -8.1093294857     H 
           -6.9628690902           12.9876049319            6.9180021326     O 
           -7.2839304149           12.4114239731            8.6335166965     H 
           -5.2263799724           13.5910331663            6.8633177994     H 
           -6.0168443695           11.1511708973           -2.6213321136     O 
           -7.2774193891           12.5108735646           -2.5971447159     H 
           -6.4734983992            9.8972132136           -1.3408272001     H 
            8.4945318440           -8.8477783868          -14.8382860959     O 
            7.9487373006          -10.0263170507          -13.5443879225     H 
            7.3437871215           -7.4244768114          -14.7088617755     H 
          -11.6223401202           12.6830835796            4.6049053000     O 
          -10.1738293979           13.3134481943            5.5179191680     H 
          -13.0413051062           12.5202990098            5.8329152558     H 
           -0.4857628353           15.2838901948           -5.4873849912     O 
            0.1594604942           13.8629576235           -6.4573636314     H 
            1.0165033643           15.9284806452           -4.6284935742     H 
           12.1602599027           -6.5822625107          -12.2210054066     O 
           11.2120152990           -7.4958253127          -13.5217595673     H 
           10.8721183074           -6.2231701905          -10.9310518415     H 
           -8.4715436381           -0.9343007954           -8.9771869575     O 
           -9.1063088036           -2.4136533877           -9.8577167991     H 
           -9.5333387334           -0.7204383429           -7.4833419887     H 
           -3.7483187203            2.9375440806           14.3068155633     O 
           -3.6027670535            1.3558583918           13.3833216922     H 
           -2.2031017843            3.0348382268           15.3039232570     H 
           -9.0066977528          -12.7950325821          -10.1986847029     O 
           -8.1812429141          -11.7242144133          -11.4375251767     H 
           -7.7754991668          -13.1944871371           -8.9080794539     H 
           -9.4267612680           -4.0937353429           -5.0207847784     O 
          -10.1976753791           -5.5384317967           -4.1969696015     H 
           -8.7815046692           -2.9937752726           -3.7096079673     H 
          -15.8174345819            5.1688978986           -1.4796506898     O 
          -17.3188212250            6.0417310619           -1.9942415982     H 
          -15.7930644824            3.5204830759           -2.3625298891     H 
          -15.1391950824           -5.3812549757           -3.8060101235     O 
          -14.6280602035           -4.2056703406           -5.1186573896     H 
          -15.7530005467           -6.8874470377           -4.6750313921     H 
           14.7774289895           -3.9079351928           11.4097644130     O 
           13.0531197646           -3.7315698407           12.0130753566     H 
           14.9002132631           -5.6778021382           10.9299639015     H 
            1.2007657192            6.5660418713           -9.0872867543     O 
           -0.3732535878            7.1618088676           -9.7943235422     H 
            2.1706225366            5.8216725348          -10.4874969327     H 
           12.0467835109            1.6217398714           -7.0318246774     O 
           13.0361190001            1.2651170861           -5.4961979780     H 
           11.4167907546            3.3294977322           -6.7510758045     H 
          -20.6446377271           -5.6688795135           -4.0956398128     O 
          -20.0842897333           -5.2923910976           -5.8043242897     H 
          -22.4068025693           -5.2489312664           -3.9886706936     H 
            7.0711396692            8.3156388290            5.2718594582     O 
            5.5768091227            9.0417770890            4.4136169661     H 
            8.0561122704            9.6907350055            5.9374836385     H 
            1.0205389223            2.3276944931           16.0810866506     O 
            1.4689768476            2.2236959638           14.2814056369     H 
            0.8945295223            0.5931008201           16.6244636697     H 
           -3.1192590205           -1.8294683810           12.2167589819     O 
           -2.0760892545           -2.8308677023           11.0678673887     H 
           -4.7785732187           -2.6364906627           12.1580905640     H 
            5.0773512686          -11.8681132732           10.1718618733     O 
            3.4891126968          -12.7915880389           10.1736172365     H 
            5.7353777598          -12.0667860352            8.4818285769     H 
           -1.0342720897            6.3220257732           -1.1027319186     O 
           -1.5330946740            7.0031717674           -2.7301031072     H 
           -1.2131391676            7.6788606876            0.1088708381     H 
            5.0882958419           -1.7672169016           13.7475715943     O 
            6.3399659645           -3.0932784546           13.6308533298     H 
            3.5630774694           -2.4854323767           14.4629505520     H 
           -2.6247856658          -15.0928366187           -1.6553184787     O 
           -4.2416999994          -15.3507415005           -0.7891101199     H 
           -1.3790087917          -15.9821256628           -0.6620535132     H 
           -6.2834399469           16.0604601220            1.9948723364     O 
           -6.5777435909           15.0499886658            3.4734778624     H 
           -4.6642928783           15.5475134376            1.2966715406     H 
            5.9977405569           13.3615533664            7.3126543111     O 
            6.6254177583           15.0522991670            7.4505449622     H 
            6.8529607257           12.3834016154            8.6548743376     H 
           17.2047757319            2.2840817565           -8.6193979002     O 
           17.2587335153            2.9193993296          -10.3154579392     H 
           15.4582560946            1.8921871133           -8.2307385865     H 
           16.0712395614           -5.4928328763           -0.5094045802     O 
           14.3392400259           -4.8678297609           -0.7197147856     H 
           17.0943319106           -4.3964662620           -1.5615157821     H 
          -18.4730991513            1.7959884896            3.2140059405     O 
          -18.0280284724            2.6324994421            4.7985406610     H 
          -16.9137050056            1.2403962952            2.4043540962     H 
            4.4425100822          -14.0367827801           -7.0997881593     O 
            5.1014880407          -12.9720324925           -8.4527719094     H 
            2.9456721451          -13.2279856270           -6.3887010506     H 
          -14.5747695436            6.9659511032            9.7640391507     O 
          -14.5988141665            6.2380893899           11.4713068011     H 
          -12.8526703279            6.6620051289            9.2014676247     H 
           -1.1489498226          -10.7297760677            0.9747955296     O 
           -0.4646813293           -9.5476399729           -0.2477672138     H 
           -1.9015085866          -12.1101526691            0.0425194626     H 
          -12.6835281280           12.3148639176           -0.4099759455     O 
          -12.3063713560           12.6349466634            1.3643514459     H 
          -14.5445243930           12.1266574817           -0.4608206896     H 
          -12.4017913461            1.8766822684            6.4908932544     O 
          -11.2355839425            3.0385912112            7.2603025631     H 
          -13.4652781996            2.9169600687            5.3886687291     H 
           16.4340059257            9.8294861030            2.5714660292     O 
           15.5753306094            8.4445463199            1.6301024591     H 
           15.2313256877           11.1921191589            2.6529498667     H 
          -19.1395784345            0.9470732779           -7.1840582524     O 
          -18.8930059115            0.2652147369           -8.8773924308     H 
          -18.9006645711            2.7649270012           -7.3370820247     H 
            7.0742101728           12.6912424243           -5.5458107418     O 
            5.4501381414           12.2709624168           -6.2990190206     H 
            8.3254388873           12.1933051857           -6.7933796590     H 
           10.8167255530           11.1128573014           -8.8583598226     O 
           12.5512312426           11.1934822452           -8.3376186900     H 
           10.6531441274            9.6655414261           -9.9586382143     H 
           10.0328944473           -8.2388020596            0.6163218809     O 
           10.2763226678           -7.8574820573           -1.1802218657     H 
            8.2752135156           -7.9237982035            1.0597739580     H 
            0.6915031058           -6.9374708802           -2.0200079714     O 
            1.0821514398           -5.2511021556           -1.3941262427     H 
            2.0859628069           -7.4121799837           -3.1186358667     H 
           -7.8450696678           -9.5285806091           11.5879359446     O 
           -7.8452505399          -10.4761888359           10.0060415680     H 
           -9.6084311886           -9.0774389980           11.8566632678     H 
          -15.4385781118           -2.6200359530            5.3652776901     O 
          -15.0783566930           -1.7334257366            3.8075839699     H 
          -16.9593121838           -1.9164994450            6.0874277183     H 
           16.6377120799           -9.0554536533            3.8343083119     O 
           15.1792784450           -7.9212112221            4.1093353305     H 
           15.9487322870          -10.4567116202            2.8807309392     H 
           22.0412518490           -2.2409460219            4.0439349246     O 
           21.5985493543           -3.9465917507            3.4801144110     H 
           21.6422805814           -2.1735523418            5.8145381625     H 
           19.2193174427           -7.7266724549            8.0767737370     O 
           18.3957860241           -8.4262828121            6.5875920458     H 
           18.1468988822           -8.2579045796            9.4506670166     H 
          -20.1995929260           -9.3532183352            2.7054445327     O 
          -21.2972520174           -7.9137707193            2.3292272693     H 
          -20.0919468397          -10.2945735650            1.1460042809     H 
           -9.6162636777            6.1161368837            8.9261758687     O 
           -8.9524498617            7.6517193598            9.7229960675     H 
           -8.5124546285            4.7628135376            9.4627122868     H 
           -7.5394865154           -4.2992849107           11.5799417454     O 
           -8.4937247390           -3.9460812101           10.0540784921     H 
           -7.3334039382           -6.1307565654           11.5728244160     H 
           -7.5382096957          -12.4210958935            7.2512380679     O 
           -6.4945889398          -13.8974266321            7.2776931934     H 
           -7.2597461516          -11.6173050628            5.6204540900     H 
          -14.2352686640          -10.4535390423           -0.6138236652     O 
          -14.5930871958           -8.9649261357            0.4572822402     H 
          -15.8550223086          -10.7712631866           -1.4252842195     H 
           14.5209771669           -8.9544530275           -8.4544330210     O 
           16.3155820467           -9.1514924247           -8.5787144676     H 
           13.9127400478           -8.1288960671           -9.9984004868     H 
           12.1826924999            5.9956409264            6.3116726930     O 
           12.5065570718            5.5960750812            8.1039286877     H 
           13.5134685325            5.1903151972            5.3404322523     H 
            8.6178527849           10.8163090946           10.7337545776     O 
           10.1265127999           10.9456661450            9.6903070353     H 
            8.5305134729            9.0606618455           11.2763994929     H 
          -13.6366128926          -10.4001721996            6.9443605504     O 
          -15.2458257456           -9.4919276930            7.0376801858     H 
          -12.9245503548          -10.2046708674            8.6092417766     H 
           12.7785397547            5.4891761458           11.2418696238     O 
           11.0065011174            5.4804312145           11.7498481683     H 
           13.5485874125            4.0127385597           11.9971764805     H 
            7.7351317513          -12.3335304121           -3.8347326149     O 
            9.2856285291          -12.2454335058           -4.8250781477     H 
            6.5364019686          -13.2451182931           -4.9622372490     H 
          -18.1183995119           -2.9807845579           -0.3670352277     O 
          -19.6630872638           -3.8675538216            0.1408603728     H 
          -17.4786945605           -3.8282053554           -1.8788183024     H 
          -12.5991906183           -7.5829126609           11.4750738218     O 
          -12.2680625734           -6.1600530102           10.3160125707     H 
          -13.2632658038           -6.8294784192           12.9795772745     H 
            0.3252661879          -13.6245758686            9.0045636950     O 
           -0.7076925800          -12.5562203871           10.0766013247     H 
            0.8307332254          -12.5450914363            7.5770468257     H 
            1.9628919389          -10.9343959869            5.0255076664     O 
            0.9645475335          -11.0794963094            3.4753687753     H 
            3.6674705213          -11.5788754507            4.7150042298     H 
           11.3498001384           -7.6473659845           -4.2248691663     O 
           12.7711608925           -8.8216956275           -4.1214201428     H 
           12.1481833921           -6.0669208218           -4.7619691659     H 
           10.5760667116           -2.9115486705            7.7358219807     O 
            9.3622164932           -2.8689582975            6.3084561256     H 
           11.7960303925           -4.1856518576            7.2872475185     H 
          -11.6558464734           -2.2443764095           13.9116080394     O 
          -10.2137586366           -3.1665894695           13.2286908118     H 
          -10.9354292431           -0.6645338997           14.4930573215     H 
           -5.7613230963           15.2914249426           -6.6242052160     O 
           -3.9884130444           15.5139594430           -6.2396385472     H 
           -6.7251942155           15.7802826476           -5.1533591700     H 
           22.1143220517           -5.7018485277           -2.3888764580     O 
           21.7555036639           -6.3782246809           -0.7217607178     H 
           20.8665559240           -4.3731871825           -2.6550153423     H 
           -3.7322293923            7.7882562301           12.5024883460     O 
           -3.8074297798            6.0392594517           13.0714718335     H 
           -2.4552376837            7.8808339635           11.1804657889     H 
           -7.8776643292            6.6637674092           -5.0414534876     O 
           -9.1635373563            6.9686985013           -3.7463981563     H 
           -7.6227167547            8.2671277490           -5.9031597514     H 
            8.8814533187          -14.5259741055            0.7370831725     O 
            8.4977925788          -13.9902163910           -0.9780767749     H 
           10.6661451613          -14.1699537747            0.9426924417     H 
          -18.0375659489            9.1217138947            4.2254381065     O 
          -16.8711842899            7.6848438485            4.1293906180     H 
          -19.6614389675            8.3942917972            4.7348491645     H 
          -11.2854660903          -12.9719236900            2.6290892477     O 
          -12.0162635377          -12.6326180018            4.2670815571     H 
          -12.4872748098          -12.3129436359            1.3880115962     H 
          -13.9150803409            4.0815575516           13.7851171649     O 
          -12.1462969972            3.7242349841           14.1004999387     H 
          -14.5653276898            2.5694097050           12.9648532622     H 
           -2.0522094099           13.8765602279            6.0014115429     O 
           -1.0078274087           14.8473580284            4.8593567405     H 
           -1.0358143481           13.7181567150            7.5223350947     H 
           -6.7752391246            1.6224775910            9.4629879990     O 
           -5.1007727103            2.3943459976            9.5953868263     H 
           -6.4239631427           -0.0633457488            8.7549666790     H 
          -17.5264301270           11.4171063859           -0.2432625193     O 
          -18.4490207346           10.2727616344           -1.3295122234     H 
          -17.7861791958           10.7712303994            1.4747951783     H 
          -22.0181521978            6.3023766129            5.5374230153     O 
          -20.9775105890            5.1800752532            6.5459174667     H 
          -22.5288599060            5.3786901359            4.0554629307     H 
            6.9353644229           13.7876962990            1.9870095983     O 
            6.3133813736           13.3849463824            3.6542672433     H 
            6.5244408496           12.3706626521            0.8833825605     H 
           18.1041219551            4.8750530049           -3.7161712911     O 
           19.7366602153            4.0439790015           -3.6289316499     H 
           18.3130351522            6.4423699807           -2.7590944694     H 
           -6.8892095556           -8.7081874314          -12.7909229637     O 
           -5.2529833128           -8.4584805897          -13.5761639372     H 
           -6.6962571066           -8.2489464625          -11.0175391958     H 
          -20.5119892497            7.8367727258           -2.6998681754     O 
          -21.0441846303            6.4932601063           -1.4623306582     H 
          -21.9916259748            8.8236543934           -3.0233818562     H 
          -19.0619438031          -10.2759330520           -2.4621732954     O 
          -18.5606734522          -10.8134009487           -4.1314934653     H 
          -19.6647985310           -8.5531124735           -2.7718012904     H 
          -17.6563172628           -7.1849600115            7.1666715355     O 
          -18.9233173417           -8.0235212813            6.1638096917     H 
          -16.7597554381           -6.0496774988            6.0190574493     H 
          -25.1347045858           -3.1520579783           -2.4808482334     O 
          -26.7422267916           -2.3492584213           -2.2952724410     H 
          -23.8570016089           -1.7908940823           -2.6116187177     H 
          -18.6611998488           -4.7108338297           -8.8428275644     O 
          -17.0449567922           -3.8440945832           -8.5226119265     H 
          -19.3897509551           -3.8269452109          -10.2483732309     H 
          -13.7210660161            2.0570518028          -10.0080475008     O 
          -12.4437225749            1.7846533351          -11.3107049638     H 
          -13.1154511904            3.3665374359           -8.8804830370     H 
           10.3296506326            0.8701823174           12.8886814611     O 
            9.6189499343            1.7070608149           14.3355556514     H 
           10.2693445278           -0.9166172260           13.2462154802     H 
            9.5138716815           -9.2205931315           11.3419917266     O 
            8.2727187213          -10.4407977943           11.8571127852     H 
            9.1110262140           -8.8556943178            9.5616822424     H 
           -5.5852602438            6.0984974048          -13.0348874918     O 
           -4.4614478608            4.7161019721          -13.6042995377     H 
           -6.6449535282            5.3358575068          -11.6995450895     H 
            0.6817351602          -10.9115023418          -11.2462964057     O 
            1.0529663081          -12.6799902018          -11.2306358967     H 
           -0.5989398840          -10.5748598868           -9.9104422800     H 
           -3.4528366918           -4.2647851319          -10.4145063650     O 
           -2.1371071784           -4.0914065801           -9.1047448466     H 
           -4.8198217728           -5.1663752309           -9.5321251871     H 
           16.1489684235            9.1340313786            9.7085847049     O 
           15.1143414345            7.9238371307           10.6183243012     H 
           14.9715946704           10.2133675427            8.8131325857     H 
           15.7236423555           -9.9234230365           -2.9318942071     O 
           15.9607961085           -8.4032799733           -1.8937519484     H 
           17.0772140460           -9.8023547459           -4.1864072521     H 
            0.3769290232           -2.9845944510           15.7354125410     O 
            0.1895766271           -4.7377903911           16.1326560642     H 
           -0.9924688145           -2.5662763717           14.5497360263     H 
           14.4285339007           -8.8775589350            9.9347298440     O 
           14.0645576138           -9.8447076465            8.4189204466     H 
           12.9311165200           -9.1555549152           10.9556653948     H 
            3.5632608007            9.8730972506           12.8261516954     O 
            5.2988953985           10.3703366430           13.0174837726     H 
            3.5769394450            8.3321517992           11.8532989938     H 
            9.6103052153           -4.2616637325           12.5040105607     O 
            9.4265473133           -6.0951845210           12.5093513586     H 
            9.5313808301           -3.7844184727           10.7140485476     H 
           -0.4878041103            8.5195824106            8.5544626494     O 
            0.0261494173           10.2626424811            8.8292730158     H 
            1.0796073047            7.5705866686            8.4033848960     H 
            6.7680356408          -12.3714007287            4.8824554986     O 
            7.4573540367          -13.1068754861            3.3335489836     H 
            7.4283029951          -10.6552203553            5.0685558527     H 
           18.2436183526           -2.7924970209            7.8035711417     O 
           18.8299994849           -4.5587054996            7.8932371236     H 
           16.9074752471           -2.7342416736            9.0713533405     H 
           18.7591133854            6.8993864922            6.0612946089     O 
           18.0465302330            7.6250840112            7.6248670306     H 
           18.2056429294            8.1176686292            4.7846776186     H 
           -2.7287982779           -9.8277020396           10.8519596390     O 
           -2.9661282970           -9.8431361159            9.0172218139     H 
           -4.4151436152           -9.7736622381           11.5561249998     H 
           15.8998051530            1.3798135500           12.4469075103     O 
           17.5308556598            1.7890818647           11.6882118083     H 
           15.8894865325           -0.4067972921           12.7889766408     H 
           19.8005626975            2.1710785634            9.2272989408     O 
           19.3337943866            0.6897831005            8.2656834039     H 
           19.7345325440            3.6256236169            8.1389628360     H 
            1.7686282449           -6.0000596613            5.5540206457     O 
            0.2876850145           -5.5411382991            4.5752322485     H 
            1.8087035745           -7.8615311238            5.5718391624     H 
           21.0733948339           -0.1824528922           -6.7409026425     O 
           19.7619715843            0.8848218315           -7.5049525157     H 
           22.2826248947            0.9550353560           -5.9846053978     H 
           20.9226923026           -6.9607963912            2.4831045803     O 
           21.9928250331           -8.0317472380            3.4747601562     H 
           19.1897360457           -7.6213256152            2.7078393669     H 
            3.8706453176          -11.6107922850           -0.3040324974     O 
            4.1267212159           -9.9251398762            0.4290761209     H 
            5.4129377831          -12.0266521139           -1.1754599969     H 
            0.7068939450          -12.0383269748           -4.2574927086     O 
            1.8379439430          -11.7194095646           -2.8288748243     H 
           -0.5285326924          -13.2426780741           -3.6486742115     H 
          -15.3126890738           11.6732205397            7.6937884965     O 
          -16.5674093435           11.0913969298            6.4699900453     H 
          -15.0158886347           10.1922520873            8.7402127642     H 
           19.6397202236            9.1357730504           -1.2995692663     O 
           18.5682093996            9.7297011589            0.0788682393     H 
           20.9141086841            8.1138804498           -0.4483956780     H 
            1.4229921393          -15.6853416789            1.7165642284     O 
            2.2751707855          -14.1834513509            1.0523564592     H 
            2.7260467664          -16.7475045165            2.3815614515     H 
            3.6574868164           15.4322853083           -2.5175728861     O 
            3.1658001521           13.6659021395           -2.2478858443     H 
            5.2872690355           15.3461279833           -3.3124245915     H 
           11.9615253879           10.9285258603            6.8809982872     O 
           12.0455877858            9.1111822152            6.5110909361     H 
           12.0205961738           11.7479884005            5.2327879571     H 
          -16.7488014731           -9.2021255312           -6.9327584713     O 
          -17.6278458415           -7.9970429563           -7.9873037029     H 
          -15.0670008271           -9.4066987739           -7.6724714390     H 
          -14.8981657660           -0.0290646754           10.7053305764     O 
          -13.9399574842            0.4809240219            9.2137256365     H 
          -13.7523926897           -1.0507959677           11.7517510715     H 
           22.1379844875            5.7390678700            1.6410813857     O 
           21.2722351898            4.1287812846            1.3565636210     H 
           21.6802734437            6.2609388684            3.3206443179     H 
            2.3497173167           11.5385936712           -7.8694014518     O 
            3.1219720881           11.7397125564           -9.5064930523     H 
            1.9450065345            9.7425011322           -7.7885680964     H 
           16.1785306226           11.3894898413           -4.7015559824     O 
           17.5907721086           11.0410631073           -3.6013285202     H 
           16.1702949428            9.9876364141           -5.9123107200     H 
           -4.2340278898           -1.2248907411           -6.2560977756     O 
           -4.4032732459            0.3797636924           -5.3683150765     H 
           -5.7182675183           -1.3161156985           -7.3568360878     H 
          -22.2131612522           -1.2950673171            4.8604621298     O 
          -20.9690345902           -0.1726814238            4.0899230982     H 
          -21.5419251404           -1.7032647941            6.5107279175     H 
           -8.9048657023           15.2124995354           -2.2520748647     O 
           -8.0941267569           15.8511776067           -0.7141900888     H 
          -10.5340846636           14.5701164200           -1.7030560692     H 
           -2.1506555440            9.1623514266           -5.2325237318     O 
           -2.4129393504            9.1421623238           -7.0312792749     H 
           -3.6457334299            9.9370003246           -4.4937205446     H 
           14.6766939271            1.2974663497           -2.8205035298     O 
           15.9470652191           -0.0338300686           -2.8013702853     H 
           15.6675358820            2.8644561320           -2.9073200674     H 
           -2.2099476604            9.9213159144            2.4631349943     O 
           -2.1738024977           11.2099056282            3.7626081385     H 
           -3.9516747008            9.3531661412            2.2802646164     H 
            1.5241526059           15.0212952860            2.4685362914     O 
            3.0298631634           15.5662918949            1.5891923997     H 
            0.2235531597           14.9082824534            1.1827867108     H 
           -0.1951480676           -5.5350309135           10.3627995961     O 
            0.3166809717           -5.5174439603            8.5937826966     H 
           -1.2090359518           -7.0600938878           10.6279621046     H 
           14.3670815832            6.0596734707            0.1505492192     O 
           14.8065077005            4.6507775294            1.2250263908     H 
           12.5817430838            6.4254180427            0.4448704842     H 
           -2.7106781533          -14.9228443010            5.0062234745     O 
           -1.8388808567          -14.9755900488            6.6275116096     H 
           -1.3836633702          -15.1901671464            3.7659368764     H 
            6.6957852834            0.8296453536            9.3402567614     O 
            8.0589140971            0.8925996113           10.5980602498     H 
            6.3733791883           -0.9648583885            9.0057702185     H 
           15.5405816010            7.2404755214           -7.4906709398     O 
           16.6087641294            6.1340481866           -6.4636997746     H 
           13.8016466520            6.8991569235           -6.9319424448     H 
           19.5556211391           -8.5758232364           -5.9799396093     O 
           20.8259695789           -7.9830191615           -4.7967907485     H 
           18.9987456487           -7.0347893301           -6.8318177984     H 
           -3.0590781509            9.2897998965          -10.5038550279     O 
           -2.5065828507           10.6426774355          -11.5678128828     H 
           -4.0109561760            8.0516211209          -11.6058183415     H 
            9.2265589481           -1.8102755646          -11.6290871928     O 
            7.9874851550           -2.9326614409          -12.3976610282     H 
           10.5335293138           -1.5106635115          -12.8501264259     H 
           12.2960160603          -11.9831987433            6.2768942792     O 
           10.5812935276          -12.5563111714            6.4528447502     H 
           12.8087771175          -12.3662549532            4.5739782325     H 
          -11.3709420269            7.5712913822           -1.4868270804     O 
          -11.7024796723            9.3076474960           -0.9515562392     H 
          -13.0168580834            6.8260903418           -1.8646446979     H 
            2.9475749634           10.0292697763            3.1481703131     O 
            2.4033316658           11.7672527104            3.3678407950     H 
            2.7541578249            9.7151236639            1.3600578430     H 
           -2.4094509976           14.1283724786           -0.9011481973     O 
           -3.7215761072           12.8971397117           -1.3983485146     H 
           -1.8390253538           14.8524157487           -2.4995191205     H 
           22.9531668589            2.8877055225           -3.0469752145     O 
           23.5579109095            1.3790718889           -2.1557111696     H 
           23.5989805335            4.2899417787           -2.0948749595     H 
           19.6434346742            1.2427701685            1.2539126511     O 
           20.5739519463            0.0868072500            2.3490087159     H 
           18.1095307406            1.7264504299            2.1745266970     H 
           13.3917493040          -12.0162847410            1.0195064735     O 
           12.1339124533          -10.6511775022            0.9692273205     H 
           14.3628247896          -11.7723006170           -0.5259268958     H 
           24.6039612775           -1.3422186019           -0.6941109291     O 
           24.2070046733           -1.5050032462            1.0751395718     H 
           24.1757004273           -2.9443824737           -1.4808717414     H 
          -15.9384422095            9.6214009856           -9.5337342347     O 
          -15.1230211487           10.5674760240           -8.2006210647     H 
          -14.5395314787            8.9277014798          -10.5062331012     H 
           -6.6235086343          -15.7643505479            1.3709715572     O 
           -5.6410505228          -15.5137444298            2.8890593124     H 
           -8.2782023810          -15.0645861835            1.6879533312     H 
           13.2436359340            1.2300770613          -12.2670652539     O 
           13.9642008604            2.8912235008          -12.6226606824     H 
           12.4727974690            1.3564174872          -10.6093605184     H 
           -2.4013847169           -9.8888950279           -7.5337666462     O 
           -1.1847081834          -10.0806016536           -6.1699744426     H 
           -3.5480976745          -11.3217880506           -7.3580526421     H 
            7.3460106630          -11.1228926475          -10.1893366665     O 
            8.8295892386          -11.9506888983           -9.5073068155     H 
            7.5242162577           -9.3611726740           -9.6672298020     H 
            1.9456546322            1.8662971980          -16.1152390346     O 
            2.0006024701            0.0938425574          -15.6636774532     H 
            0.1833120537            2.3201845977          -15.8564732561     H 
            1.1385546102           -2.1749898091           -0.1919082329     O 
           -0.3912528754           -1.2007333890           -0.1447668008     H 
            2.0175729819           -1.8332750739            1.4137681005     H 
           -3.9177271484            1.8250039148            1.3024594607     O 
           -5.3240249036            1.8232774042            2.4837088730     H 
           -2.6274138581            2.7949596080            2.1682545617     H 
           17.8070954220           -3.6763642068           -2.2855690351     H 
$end
$set
 chrg  1
 ewin_conf 50.0 
$end
