           1           2  0.812004583495940     
           1           3  0.894403703161052     
           4           5  0.827105841288548     
           4           6  0.817810554445955     
           7           8  0.808779424557643     
           7           9  0.803066943521670     
          10          11  0.841348577171243     
          10          12  0.805546294228208     
          13          14  0.786825731589637     
          13          15  0.836676584032075     
          16          17  0.812531439749429     
          16          18  0.811609610068153     
          19          20  0.824037221783194     
          19          21  0.836583641454893     
          22          23  0.861811915425210     
          22          24  0.817273000069094     
          25          26  0.812848925200744     
          25          27  0.829114201622292     
          28          29  0.778687670867013     
          28          30  0.836479188101129     
          31          32  0.866337641398481     
          31          33  0.791045668826482     
          34          35  0.781114147961198     
          34          36  0.856407888152924     
          37          38  0.784114583697863     
          37          39  0.870017971112696     
          40          41  0.830125430725341     
          40          42  0.820982013293107     
          43          44  0.827206903930555     
          43          45  0.797559466272453     
          46          47  0.905843126557095     
          46          48  0.804524038629783     
          49          50  0.821852761469946     
          49          51  0.826005363389947     
          52          53  0.786771039734720     
          52          54  0.860469520548113     
          55          56  0.815867248811114     
          55          57  0.838178567577951     
          58          59  0.872122072288369     
          58          60  0.781808919502594     
          61          62  0.806315168124887     
          61          63  0.824048474214164     
          64          65  0.836140931357390     
          64          66  0.808905167882205     
          67          68  0.803780022288729     
          67          69  0.824220230386179     
          70          71  0.823539193433037     
          70          72  0.855760878854567     
          73          74  0.813669170932566     
          73          75  0.783844483467375     
          76          77  0.824829785221184     
          76          78  0.816497983824851     
          79          80  0.834759711529288     
          79          81  0.801461773365417     
          82          83  0.774945996173511     
          82          84  0.799589374918617     
          85          86  0.804329346202286     
          85          87  0.817697008936082     
          88          89  0.801355490861011     
          88          90  0.813603522866732     
          91          92  0.859037804072586     
          91          93  0.852797709304672     
          94          95  0.813177526740726     
          94          96  0.815446394781871     
          97          98  0.906764855357035     
          97          99  0.794991584266468     
         100         101  0.839217548125217     
         100         102  0.796578891655185     
         103         104  0.796000755486863     
         103         105  0.833622754157079     
         106         107  0.804149068269748     
         106         108  0.812993968581889     
         109         110  0.784635387252695     
         109         111  0.829084064652856     
         112         113  0.808940649876409     
         112         114  0.827319462460615     
         115         116  0.847990371863548     
         115         117  0.801300198953338     
         118         119  0.830212015925118     
         118         120  0.826145915096788     
         121         122  0.913606407574663     
         121         123  0.784476981456376     
         124         125  0.806399361913396     
         124         126  0.801671037122365     
         127         128  0.861978409175299     
         127         129  0.786368344139960     
         130         131  0.854738069179006     
         130         132  0.873723607281839     
         133         134  0.873608065891884     
         133         135  0.797692300702332     
         136         137  0.818264809633010     
         136         138  0.807469700454546     
         139         140  0.810522819347925     
         139         141  0.826611454296390     
         142         143  0.806734284554322     
         142         144  0.797291945087117     
         145         146  0.821703443965396     
         145         147  0.833368966992882     
         148         149  0.881035691351957     
         148         150  0.829068566735896     
         151         152  0.821743225679236     
         151         153  0.835839429663760     
         154         155  0.819509787098467     
         154         156  0.817259841690691     
         157         158  0.822706820157100     
         157         159  0.830789821633979     
         160         161  0.814420033650935     
         160         162  0.825936050260266     
         163         164  0.808367086914174     
         163         165  0.871084010066403     
         166         167  0.780930661247896     
         166         168  0.845995240605754     
         169         170  0.818371303722832     
         169         171  0.803642342890810     
         172         173  0.805943590867284     
         172         174  0.823420974829826     
         175         176  0.825954574255596     
         175         177  0.806468151320442     
         178         179  0.800918255782409     
         178         180  0.846175599745313     
         181         182  0.806274684449305     
         181         183  0.792068689507450     
         184         185  0.827193565723423     
         184         186  0.834775568686250     
         187         188  0.807938222673947     
         187         189  0.840275321655825     
         190         191  0.825372181302653     
         190         192  0.852145544315143     
         193         194  0.808247751633491     
         193         195  0.884192649405211     
         196         197  0.776518600383829     
         196         198  0.808836212182330     
         199         200  0.883443851743257     
         199         201  0.797917779608038     
         202         203  0.821012813646870     
         202         204  0.800657663396626     
         205         206  0.830789339408614     
         205         207  0.802057269504429     
         208         209  0.840187831293269     
         208         210  0.840170032737165     
         211         212  0.772275730664195     
         211         213  0.846938510915532     
         214         215  0.802491208105133     
         214         216  0.831551324889437     
         217         218  0.853258932471119     
         217         219  0.834364774485800     
         220         221  0.837924855479885     
         220         222  0.792409478432924     
         223         224  0.823020241899024     
         223         225  0.788100038845844     
         226         227  0.830313697385083     
         226         228  0.797702913843151     
         229         230  0.840166831776100     
         229         231  0.834595555945992     
         232         233  0.801128092846529     
         232         234  0.870205173136846     
         235         236  0.805622592744279     
         235         237  0.833101847204730     
         238         239  0.869486357773208     
         238         240  0.826160170687269     
         241         242  0.860128431444690     
         241         243  0.870201530165911     
         244         245  0.812870095321189     
         244         246  0.806232822092373     
         247         248  0.839585262698592     
         247         249  0.863807418067883     
         250         251  0.828331703774328     
         250         252  0.890380913604630     
         253         254  0.816824733864910     
         253         255  0.817128874723834     
         256         257  0.873213935280744     
         256         258  0.830676931207928     
         259         260  0.800060491309386     
         259         261  0.813289982551474     
         262         263  0.786642599887536     
         262         264  0.854989068876432     
         265         266  0.836298724498912     
         265         267  0.847044567408558     
         268         269  0.910482120324324     
         268         270  0.764423796642529     
         271         272  0.800947957541787     
         271         273  0.846678466090919     
         274         275  0.827394903961593     
         274         276  0.805237523257086     
         277         278  0.789965511982974     
         277         279  0.795967619675453     
         280         281  0.821797619678948     
         280         282  0.853260154346266     
         283         284  0.809825179519805     
         283         285  0.816888079789933     
         286         287  0.859678354939327     
         286         288  0.811654062670115     
         289         290  0.844512526008148     
         289         291  0.831922017873003     
         292         293  0.872524470992018     
         292         294  0.827523552580654     
         295         296  0.795390937025965     
         295         297  0.781671158166642     
         298         299  0.817357992027413     
         298         300  0.800203620942100     
         301         302  0.794673904095440     
         301         303  0.781506148975248     
         304         305  0.823930169615744     
         304         306  0.861671434137223     
         307         308  0.807328454320610     
         307         309  0.824666617990172     
         310         311  0.803621627212630     
         310         312  0.830086922971336     
         313         314  0.851411097578487     
         313         315  0.809939124042347     
         316         317  0.844922758780533     
         316         318  0.833607987594234     
         319         320  0.799528812010049     
         319         321  0.805896715444894     
         322         323  0.864344572140556     
         322         324  0.860329001137148     
         325         326  0.858378635787984     
         325         327  0.780055921423313     
         328         329  0.848467775489222     
         328         330  0.835819184219176     
         331         332  0.825791756215941     
         331         333  0.807907125691417     
         334         335  0.828451634579398     
         334         336  0.821278716553920     
         337         338  0.839845273334961     
         337         339  0.841946194653416     
         340         341  0.859938917874552     
         340         342  0.868205202986573     
         343         344  0.826535949915703     
         343         345  0.831859417377439     
         346         347  0.868376384932221     
         346         348  0.780581648659071     
         349         350  0.836343985585611     
         349         351  0.820541857163833     
         352         353  0.842301506300570     
         352         354  0.845169794815760     
         355         356  0.854702761417992     
         355         357  0.800017515350157     
         358         359  0.792261277338008     
         358         360  0.827394358199337     
         361         362  0.841644306126552     
         361         363  0.882626910651065     
         364         365  0.784810258481075     
         364         366  0.864338203921193     
         367         368  0.814648871421641     
         367         369  0.880340767386789     
         370         371  0.815718263058723     
         370         372  0.825959275952319     
         373         374  0.847482715595209     
         373         375  0.869793534915486     
         376         377  0.834718679515873     
         376         378  0.837531356797174     
         379         380  0.853466608774604     
         379         381  0.849040318550592     
         382         383  0.815979523895914     
         382         384  0.873489387001628     
         385         386  0.882950482036844     
         385         387  0.847558978000447     
         388         389  0.910621641739957     
         388         390  0.795629794015027     
         391         392  0.882846765757415     
         391         393  0.833532154684574     
         394         395  0.807730352731657     
         394         396  0.839813601525304     
         397         398  0.815093329387916     
         397         399  0.808653866042173     
         400         401  0.840827408822609     
         400         402  0.834597177888392     
         403         404  0.819892063727495     
         403         405  0.835940657107372     
         406         407  0.829643087816046     
         406         408  0.839348223777941     
         409         410  0.834068921408352     
         409         411  0.792903516196577     
         412         413  0.867517615266896     
         412         414  0.811892385299057     
         415         416  0.777904684395715     
         415         417  0.865814999442527     
         418         419  0.818828513629252     
         418         420  0.840021018688427     
         421         422  0.844673000698369     
         421         423  0.843190149822209     
         424         425  0.895314794838527     
         424         426  0.860199532824535     
         427         428  0.807143772106685     
         427         429  0.816729761960709     
         430         431  0.821885049973902     
         430         432  0.822058300847667     
         433         434  0.837578138817637     
         433         435  0.836086712359313     
         436         437  0.830329197569650     
         436         438  0.852060435144405     
         439         440  0.786791049001142     
         439         441  0.843522030269982     
         442         443  0.823126870006677     
         442         444  0.879543356741430     
         445         446  0.838395291970573     
         445         447  0.880224227872739     
         448         449  0.831463116418949     
         448         450  0.873649774633437     
         451         452  0.809044087656839     
         451         453  0.840782438878679     
         454         455  0.837440219529745     
         454         456  0.831070601571169     
         457         458  0.904270985767625     
         457         459  0.826188816197462     
         460         461  0.789069986418129     
         460         462  0.835460187422697     
         463         464  0.887150778255324     
         463         465  0.813120165388832     
         466         467  0.795314763253175     
         466         468  0.825602202241687     
         469         470  0.840795415983417     
         469         471  0.832548723397483     
         472         473  0.826795317700877     
         472         474  0.878339521402501     
         475         476  0.823279509132442     
         475         477  0.848048342509327     
         478         479  0.828580750255895     
         478         480  0.787892923512498     
         481         482  0.814098972826201     
         481         483  0.823094290450038     
         484         485  0.801698827073416     
         484         486  0.906223318571044     
         487         488  0.858055398466335     
         487         489  0.809507954162066     
         490         491  0.806106988114037     
         490         492  0.809626632123694     
         493         494  0.822675099196075     
         493         495  0.810138687796218     
         496         497  0.767923371244373     
         496         498  0.860293377327963     
         499         500  0.833336699054939     
         499         501  0.864377503329416     
         502         503  0.861154820603398     
         502         504  0.869912224897933     
         505         506  0.852537090774053     
         505         507  0.834652400967860     
         270         508  0.101632558700069     
         508         509  0.832087853406687     
         508         510  0.831242938013933     
         511         512  0.802206264649372     
         511         513  0.825782729602255     
         514         515  0.842004890006772     
         514         516  0.858115300606051     
         517         518  0.819031683626565     
         517         519  0.822731597499346     
         520         521  0.871112067010687     
         520         522  0.825287957623861     
         523         524  0.861044284698153     
         523         525  0.851135150643883     
         526         527  0.850602682944315     
         526         528  0.836581293364139     
         529         530  0.815729506972759     
         529         531  0.791469570893811     
         532         533  0.857448080827164     
         532         534  0.823426961404912     
         535         536  0.860246618210282     
         535         537  0.885284024902480     
         538         539  0.863795656003660     
         538         540  0.832637937661738     
         541         542  0.846762019026947     
         541         543  0.824048068673553     
         544         545  0.857269440612822     
         544         546  0.830887803417012     
         205         548  0.110770364303880     
         547         548  0.757598655378839     
         547         549  0.908786076248158     
         550         551  0.874335030226630     
         550         552  0.828978706283911     
         553         554  0.883031110489175     
         553         555  0.830874442164603     
         556         557  0.914798987413679     
         556         558  0.799808780590071     
         559         560  0.804404606490195     
         559         561  0.888720791089525     
         562         563  0.824866182691842     
         562         564  0.834734891548454     
         565         566  0.876566748970865     
         565         567  0.857333010434246     
         568         569  0.878765295441022     
         568         570  0.807278600971399     
         571         572  0.790741939629606     
         571         573  0.796034024732734     
         574         575  0.904352966865737     
         574         576  0.781319479320530     
         577         578  0.777327672662017     
         577         579  0.789210910619586     
         580         581  0.853584825946265     
         580         582  0.865362429142549     
         583         584  0.819573827072694     
         583         585  0.822265455217602     
         586         587  0.909224167736691     
         586         588  0.811456221189164     
         589         590  0.848361903427307     
         589         591  0.852599447025363     
         592         593  0.886941027379932     
         592         594  0.870127771730496     
         595         596  0.829136612995115     
         595         597  0.812607382299574     
         598         599  0.825582172667029     
         598         600  0.824458306672198     
         601         602  0.822053921484640     
         601         603  0.821016950413732     
         604         605  0.809937116780295     
         604         606  0.831112561747972     
         607         608  0.809768192149273     
         607         609  0.830657218593635     
         610         611  0.812944264090086     
         610         612  0.850898924220185     
         613         614  0.838545058317440     
         613         615  0.879242511201818     
         616         617  0.866898518427983     
         616         618  0.882255386353231     
         619         620  0.827477895346430     
         619         621  0.794919293637458     
         622         623  0.810360755433658     
         622         624  0.857756887635835     
         625         626  0.906081169169125     
         625         627  0.788532705170811     
         628         629  0.792100853934490     
         628         630  0.852220524804413     
         631         632  0.804038262181964     
         631         633  0.850334807240139     
         634         635  0.838728823488136     
         634         636  0.849820893457714     
         637         638  0.834586084819133     
         637         639  0.840675355902850     
         640         641  0.816603227259398     
         640         642  0.907935680798344     
         643         644  0.817407099107380     
         643         645  0.887021861205974     
         646         647  0.805035670728975     
         646         648  0.829038772268878     
         649         650  0.865894845550167     
         649         651  0.823173695262573     
         652         653  0.832300919185820     
         652         654  0.814913700846965     
         655         656  0.825918276836538     
         655         657  0.891740701938111     
         658         659  0.876823794288038     
         658         660  0.830035856544702     
         661         662  0.871237456891566     
         661         663  0.824421270544021     
         664         665  0.821743799240849     
         664         666  0.813084204156239     
         667         668  0.833748843733459     
         667         669  0.865810769392366     
         670         671  0.827107690123598     
         670         672  0.844460789630486     
         673         674  0.852398287089519     
         673         675  0.827442369437348     
         676         677  0.817326946824617     
         676         678  0.809925281163285     
         679         680  0.837424289126825     
         679         681  0.825971841155066     
         682         683  0.859733546596690     
         682         684  0.847934061173482     
         685         686  0.826632288126330     
         685         687  0.816553540645905     
         688         689  0.853371805105407     
         688         690  0.811498991211065     
         691         692  0.843303557053981     
         691         693  0.850460185186203     
         694         695  0.806838713502100     
         694         696  0.808149807306045     
         697         698  0.824727413720141     
         697         699  0.807300234877718     
         700         701  0.861268595437733     
         700         702  0.832716998913836     
         703         704  0.907390443904463     
         571         705  0.129875222706823     
         703         705  0.740492986347193     
         706         707  0.825802133387677     
         706         708  0.884806884932759     
         709         710  0.881507426821676     
         709         711  0.868367994379790     
         712         713  0.806378951963446     
         712         714  0.816614122047555     
         715         716  0.839059990500254     
         715         717  0.847053946430634     
         718         719  0.786922961474358     
         718         720  0.828537317504876     
         721         722  0.821492172551273     
         721         723  0.891365867132728     
         724         725  0.826631838039160     
         724         726  0.808853890719210     
         727         728  0.813499065022342     
         727         729  0.834267251315769     
         730         731  0.878254152568047     
         730         732  0.854299064706004     
         733         734  0.873447121806943     
         733         735  0.849668650502819     
         736         737  0.871254272790642     
         736         738  0.864628281673684     
         739         740  0.826012227637111     
         739         741  0.847974414669455     
         742         743  0.833443396572217     
         742         744  0.829488925358283     
         745         746  0.861737907006499     
         745         747  0.821747325054819     
         748         749  0.860768166507289     
         748         750  0.850921450023891     
         751         752  0.886380200130056     
         751         753  0.795170513818917     
         754         755  0.842298813022996     
         754         756  0.854324164787128     
