   -0.68006296
    0.33576994
    0.32540731
   -0.69369323
    0.35209327
    0.32895354
   -0.69568093
    0.35499319
    0.34875535
   -0.66530213
    0.31972046
    0.32497125
   -0.64763584
    0.31941275
    0.32360311
   -0.65713513
    0.33537566
    0.32583812
   -0.65158266
    0.30958860
    0.33773013
   -0.68209595
    0.34355123
    0.32619442
   -0.66543382
    0.34053378
    0.33262451
   -0.66212521
    0.33839019
    0.32643619
   -0.66081924
    0.33965392
    0.35620301
   -0.66160747
    0.33557839
    0.35301065
   -0.71452684
    0.34426694
    0.35654135
   -0.67758228
    0.34327256
    0.34824909
   -0.67566224
    0.33745180
    0.34516513
   -0.67889793
    0.36020665
    0.32746226
   -0.72136147
    0.36530077
    0.34839792
   -0.65703308
    0.33445988
    0.33827791
   -0.65910420
    0.32632634
    0.34711553
   -0.69833216
    0.35848176
    0.34970041
   -0.65377854
    0.33462121
    0.30802035
   -0.67834592
    0.34806491
    0.34922078
   -0.67567906
    0.33131784
    0.33056806
   -0.67113657
    0.35583367
    0.33878637
   -0.68952251
    0.33874931
    0.35674392
   -0.66363495
    0.33156197
    0.31668384
   -0.65580302
    0.36040177
    0.30503190
   -0.64718468
    0.30178619
    0.35964528
   -0.66880274
    0.34580471
    0.33442256
   -0.64863246
    0.29331002
    0.34827092
   -0.67943450
    0.34603070
    0.34221549
   -0.66986885
    0.32867448
    0.33973078
   -0.68262542
    0.33322650
    0.32968538
   -0.64689816
    0.33510732
    0.32268686
   -0.70184283
    0.32666208
    0.33466796
   -0.68167859
    0.31681205
    0.34883453
   -0.68843376
    0.34949312
    0.34178417
   -0.69200059
    0.34961573
    0.35260486
   -0.66850437
    0.31534972
    0.34870894
   -0.68288318
    0.33743385
    0.35357515
   -0.67362575
    0.32373960
    0.35968767
   -0.62462658
    0.29687287
    0.34989825
   -0.63408972
    0.32037056
    0.33596113
   -0.67417170
    0.34678124
    0.35237006
   -0.68331757
    0.36428736
    0.31810050
   -0.64714747
    0.32717495
    0.32076662
   -0.68013205
    0.34044835
    0.34395349
   -0.69099910
    0.34294462
    0.34404476
   -0.68718613
    0.33947523
    0.33919497
   -0.67968181
    0.30522637
    0.34977589
   -0.67568176
    0.33316009
    0.34625491
   -0.64575974
    0.33301469
    0.31785134
   -0.66732767
    0.33236086
    0.34316867
   -0.67629078
    0.35116197
    0.34567325
   -0.63943166
    0.30873603
    0.32924663
   -0.68465239
    0.33730823
    0.33857285
   -0.64223349
    0.32553542
    0.31986195
   -0.65264154
    0.31044766
    0.34162420
   -0.67791348
    0.32044655
    0.33911978
   -0.68533187
    0.32897453
    0.35452463
   -0.69075081
    0.34626822
    0.35227085
   -0.64861846
    0.30488198
    0.33996567
   -0.66594995
    0.35261120
    0.30596263
   -0.68202276
    0.34431747
    0.33572337
   -0.67617968
    0.33770547
    0.34438767
   -0.66443667
    0.31795066
    0.34370268
   -0.67628181
    0.35798346
    0.31888582
   -0.68162975
    0.33246354
    0.35169064
   -0.65739684
    0.30668494
    0.32789300
   -0.67169684
    0.34568279
    0.34838401
   -0.66693085
    0.32663068
    0.33897925
   -0.66828244
    0.34635233
    0.32568795
   -0.67375233
    0.33559753
    0.35099957
   -0.65413983
    0.31001780
    0.34631825
   -0.65471734
    0.35355094
    0.31874861
   -0.70325245
    0.34122823
    0.34061858
   -0.66927168
    0.32769323
    0.34062959
   -0.63788195
    0.34124113
    0.30200710
   -0.67204518
    0.36147900
    0.32948206
   -0.69952488
    0.33187211
    0.34869275
   -0.63108162
    0.35464169
    0.28227489
   -0.66098782
    0.32881707
    0.33631503
   -0.69415100
    0.34848963
    0.34478275
   -0.69653908
    0.34903768
    0.34934195
   -0.66569798
    0.33012443
    0.32724496
   -0.62954613
    0.28111019
    0.34703549
   -0.67088508
    0.32960857
    0.34438164
   -0.65839034
    0.29926759
    0.34444322
   -0.65077808
    0.34426654
    0.31156569
   -0.67152032
    0.34059675
    0.33114242
   -0.65809121
    0.33246195
    0.32363813
   -0.67433038
    0.31515013
    0.34182073
   -0.67086800
    0.35677098
    0.30978496
   -0.63998391
    0.32683600
    0.31155085
   -0.61795105
    0.28613654
    0.33764705
   -0.66599825
    0.31252837
    0.33252205
   -0.65229841
    0.33894737
    0.32130274
   -0.63048429
    0.34736459
    0.28361886
   -0.68335158
    0.32588615
    0.34826095
   -0.66477847
    0.34278110
    0.31234632
   -0.60964106
    0.32845929
    0.27505921
   -0.63956372
    0.27373929
    0.34951446
   -0.66768887
    0.35998102
    0.30233111
   -0.70119877
    0.35270754
    0.35350623
   -0.64932817
    0.30095512
    0.33912571
   -0.65638562
    0.30910094
    0.33886188
   -0.63019136
    0.27866962
    0.35031531
   -0.67260637
    0.33131848
    0.34215362
   -0.67892412
    0.35227278
    0.33921499
   -0.66114537
    0.34455500
    0.31405525
   -0.67264728
    0.33236049
    0.32962767
   -0.65009376
    0.32260868
    0.31701063
   -0.63212063
    0.32967718
    0.31648394
   -0.65769713
    0.32514916
    0.32642331
   -0.67711307
    0.32882761
    0.34537515
   -0.66756949
    0.34309071
    0.31554787
   -0.70603903
    0.36538939
    0.34455541
   -0.67560272
    0.33962517
    0.31819973
   -0.68881067
    0.32651181
    0.34470403
   -0.64834704
    0.31973553
    0.31633556
   -0.64671888
    0.32659901
    0.32860598
   -0.68386794
    0.35254083
    0.32965605
   -0.64484639
    0.34211720
    0.30687250
   -0.65247527
    0.31776130
    0.33361757
   -0.68059103
    0.35001656
    0.32025248
   -0.61512944
    0.34475251
    0.29065960
   -0.65691049
    0.35107872
    0.30959885
   -0.64239188
    0.32431129
    0.32973693
   -0.70724973
    0.35140757
    0.35683569
   -0.67346035
    0.34060216
    0.32073450
   -0.66364497
    0.31655810
    0.33958614
   -0.68780076
    0.33647015
    0.35387377
   -0.66754851
    0.30836245
    0.34185111
   -0.70428931
    0.33767364
    0.35125246
   -0.66106962
    0.32997664
    0.33083903
   -0.69304268
    0.35179608
    0.32845393
   -0.67307528
    0.33834234
    0.31632078
   -0.67331735
    0.31974662
    0.34041106
   -0.64833030
    0.32504307
    0.33101644
   -0.65818800
    0.32333021
    0.33630408
   -0.64835331
    0.33255052
    0.32126791
   -0.64389929
    0.32298930
    0.31759551
   -0.64894948
    0.30759403
    0.34552276
   -0.67357549
    0.32686043
    0.33806398
   -0.65204308
    0.32131884
    0.33165751
   -0.62577929
    0.33745429
    0.32445688
   -0.66441392
    0.32989512
    0.33023262
   -0.62958819
    0.31448277
    0.33217287
   -0.67662532
    0.35580608
    0.34036028
   -0.66766383
    0.32497598
    0.34888232
   -0.68091364
    0.36084310
    0.33542659
   -0.69070193
    0.32223341
    0.34480747
   -0.67945451
    0.34596232
    0.32949303
   -0.65992641
    0.35147801
    0.29708851
   -0.67262094
    0.33345306
    0.33590572
   -0.63200444
    0.32725170
    0.32775005
   -0.63141653
    0.28045528
    0.34736829
   -0.70752707
    0.32885074
    0.34488371
   -0.67734708
    0.35345256
    0.32193599
   -0.65923310
    0.34272293
    0.30775371
   -0.66789556
    0.35729981
    0.31822473
   -0.69432644
    0.33694520
    0.36351259
   -0.64803948
    0.33892762
    0.31710252
   -0.68776285
    0.34904185
    0.34069574
   -0.66245034
    0.33359410
    0.33378385
   -0.65174531
    0.33316364
    0.32519070
   -0.67771417
    0.35015217
    0.33094807
   -0.67027248
    0.33226064
    0.34567696
   -0.66081820
    0.34939538
    0.31806953
   -0.62733129
    0.30722028
    0.33074058
   -0.66666913
    0.32654887
    0.32818862
   -0.66241359
    0.31931966
    0.33651224
   -0.64781014
    0.31823259
    0.34358518
   -0.67709428
    0.35415325
    0.32698199
   -0.65187845
    0.35081579
    0.30015595
   -0.67249040
    0.30150702
    0.33763893
   -0.63943440
    0.33337834
    0.33159105
