   -0.65541064
    0.34338139
    0.29208744
   -0.66883037
    0.34001765
    0.34778753
   -0.69613533
    0.35290047
    0.36123123
   -0.66296595
    0.35698057
    0.33620756
   -0.70062126
    0.35592230
    0.35378499
   -0.68800074
    0.32704357
    0.35668874
   -0.68251783
    0.34110710
    0.36290125
   -0.69505515
    0.34335094
    0.35229070
   -0.68755946
    0.32816114
    0.36101166
   -0.67511799
    0.31845803
    0.34363371
   -0.67675618
    0.35598414
    0.32162289
   -0.68042135
    0.33833198
    0.36288843
   -0.69351373
    0.34572725
    0.34168435
   -0.69828659
    0.34512009
    0.35817217
   -0.68925661
    0.33221604
    0.35170434
   -0.68740685
    0.35021253
    0.35183977
   -0.67162566
    0.33593827
    0.35781387
   -0.67695363
    0.33159535
    0.35316579
   -0.70596578
    0.36814054
    0.33248274
   -0.69384651
    0.34770344
    0.32627742
   -0.68397573
    0.34083326
    0.32764338
   -0.68567039
    0.34929359
    0.34529191
   -0.67773220
    0.34402452
    0.34019897
   -0.65763555
    0.31462474
    0.35447976
   -0.65921926
    0.37006235
    0.30225659
   -0.69499426
    0.34909014
    0.35726896
   -0.68657592
    0.35667930
    0.34529033
   -0.71403659
    0.33047018
    0.34020808
   -0.69236487
    0.34987344
    0.33993949
   -0.68402474
    0.36646597
    0.33980938
   -0.68893940
    0.34802455
    0.35921654
   -0.67846540
    0.34987356
    0.32034239
   -0.69890438
    0.35140452
    0.33401869
   -0.68471762
    0.34145477
    0.35252875
   -0.70290327
    0.35923895
    0.34128193
   -0.67521178
    0.35010270
    0.32134146
   -0.64563660
    0.29643058
    0.36349101
   -0.68794668
    0.31634256
    0.33234760
   -0.68422760
    0.35761375
    0.32763946
   -0.68634566
    0.33675529
    0.32348529
   -0.67390181
    0.34647309
    0.32092792
   -0.68207476
    0.35975871
    0.34041981
   -0.64954656
    0.32527362
    0.33025186
   -0.69526264
    0.36528346
    0.34181997
   -0.67902729
    0.35266848
    0.33011045
   -0.70927432
    0.32578631
    0.36342219
   -0.67008551
    0.34565580
    0.31172041
   -0.65510811
    0.29960549
    0.35937751
   -0.69268796
    0.32772378
    0.33553237
   -0.69294452
    0.35299724
    0.33721775
   -0.67542534
    0.32914350
    0.33129728
   -0.67499430
    0.32994148
    0.31851851
   -0.70160430
    0.34309262
    0.33454521
   -0.66741988
    0.34155842
    0.32347028
   -0.67071322
    0.34946181
    0.32654587
   -0.67783341
    0.34211495
    0.34401927
   -0.69591734
    0.35740345
    0.32645881
   -0.63999805
    0.27914759
    0.36400996
   -0.69214488
    0.33451865
    0.34409982
   -0.67364864
    0.34299467
    0.32146548
   -0.66172165
    0.35214420
    0.31751390
   -0.69275485
    0.33553772
    0.33138484
   -0.71512374
    0.35171645
    0.34822941
   -0.67824301
    0.31115062
    0.35134629
   -0.66809611
    0.34417419
    0.31154517
   -0.64957495
    0.34739777
    0.32358472
   -0.69644750
    0.34326545
    0.32890753
   -0.67729646
    0.32820706
    0.35261572
   -0.63823848
    0.31393196
    0.33040576
   -0.65438072
    0.33643877
    0.32337935
   -0.67413270
    0.33397443
    0.33303848
   -0.70927790
    0.36099385
    0.34388637
   -0.68476367
    0.35452380
    0.33704997
   -0.70163969
    0.35922756
    0.34192843
   -0.65854148
    0.30880599
    0.36002123
   -0.65670388
    0.32936304
    0.32976253
   -0.68719732
    0.35248296
    0.34701230
   -0.61915376
    0.30567314
    0.32398706
   -0.64763960
    0.33866860
    0.30504357
   -0.69459931
    0.35739473
    0.35062618
   -0.67448205
    0.32430768
    0.35130354
   -0.63312705
    0.33035871
    0.32532947
   -0.68463537
    0.34240581
    0.33623730
   -0.63361636
    0.32543480
    0.32464614
   -0.68696733
    0.34864909
    0.33088330
   -0.61222338
    0.28351139
    0.33485774
   -0.63673451
    0.28665246
    0.35645645
   -0.67496363
    0.32768770
    0.34363001
   -0.67530131
    0.33908303
    0.33003555
   -0.68544864
    0.33056460
    0.32964955
   -0.67419115
    0.32391681
    0.34893936
   -0.67733021
    0.35651811
    0.32378063
   -0.64673012
    0.28235715
    0.35207758
   -0.68128091
    0.35573775
    0.33938078
   -0.66453581
    0.35488275
    0.32398790
   -0.68325412
    0.35271724
    0.32289659
   -0.66946113
    0.34777278
    0.35109230
   -0.64772921
    0.34517832
    0.31597317
   -0.67759742
    0.33609294
    0.31772789
   -0.66772489
    0.34283254
    0.35839173
   -0.65752376
    0.32146369
    0.32241203
   -0.67052697
    0.33474205
    0.34699970
   -0.68388321
    0.35287025
    0.34122181
   -0.67857095
    0.33010330
    0.35753264
   -0.70885286
    0.35326040
    0.32783102
   -0.65733822
    0.30274294
    0.34818921
   -0.69926958
    0.33610103
    0.32958459
   -0.67497964
    0.33989543
    0.33682068
   -0.66938984
    0.32772038
    0.32958369
   -0.68777654
    0.34694167
    0.33013145
   -0.64883565
    0.29678124
    0.33955719
   -0.66085259
    0.35691391
    0.34336960
   -0.68015701
    0.35491108
    0.34386488
   -0.67321554
    0.32688394
    0.34384050
   -0.67317647
    0.32885646
    0.33138889
   -0.64566646
    0.33682882
    0.33091763
   -0.67504375
    0.34842955
    0.34804440
   -0.65671331
    0.31008781
    0.33752763
   -0.67359554
    0.35885340
    0.32511674
   -0.68907665
    0.33013403
    0.33602809
   -0.67256396
    0.33227018
    0.32759354
   -0.68865905
    0.35087845
    0.34681588
   -0.69262317
    0.35320414
    0.34508787
   -0.64299647
    0.34386889
    0.30229759
   -0.66466290
    0.33096582
    0.34100787
   -0.67794322
    0.35060549
    0.35042826
   -0.64998229
    0.33547427
    0.31859453
   -0.69564299
    0.35368264
    0.32983071
   -0.66019983
    0.32762029
    0.33370403
   -0.71469136
    0.35346001
    0.36417052
   -0.67009402
    0.30395854
    0.34824789
   -0.63431281
    0.28353825
    0.36022618
   -0.65832105
    0.32025694
    0.32969044
   -0.65098550
    0.35499645
    0.28319782
   -0.67568528
    0.34464098
    0.34590559
   -0.69816143
    0.33814227
    0.35741646
   -0.67116258
    0.34843399
    0.31182911
   -0.70336076
    0.34391844
    0.34807848
   -0.67842260
    0.32055233
    0.36161892
   -0.68653128
    0.34500348
    0.35327743
   -0.67425990
    0.33796899
    0.33874091
   -0.66084075
    0.31164706
    0.34068203
   -0.64971730
    0.33346221
    0.32935479
   -0.65562201
    0.36116069
    0.30588184
   -0.69347336
    0.34947861
    0.34369258
   -0.67242564
    0.33090289
    0.32880655
   -0.62899108
    0.29498691
    0.36010746
   -0.67809293
    0.33121851
    0.34567470
   -0.62405053
    0.35503598
    0.28386145
   -0.68047827
    0.30993778
    0.35874094
   -0.70052312
    0.35729461
    0.33202751
   -0.67389401
    0.34015702
    0.34003031
   -0.67930331
    0.35382386
    0.33388141
   -0.68044494
    0.33982556
    0.35122693
   -0.66355372
    0.34120857
    0.34373772
   -0.64505509
    0.32791044
    0.31934801
   -0.70331711
    0.35135192
    0.33094387
   -0.68519642
    0.34780704
    0.32544583
   -0.68218958
    0.35528834
    0.33435220
   -0.62619279
    0.35581074
    0.28016451
   -0.64373413
    0.27806496
    0.35827827
   -0.66359667
    0.32734303
    0.31585245
   -0.65084660
    0.31919220
    0.33676259
   -0.68833302
    0.33688214
    0.32705552
   -0.63527958
    0.27904173
    0.34511128
   -0.61566864
    0.34547476
    0.28006017
   -0.66927854
    0.33293056
    0.33084518
   -0.64679259
    0.32513617
    0.32877645
   -0.66921003
    0.31995464
    0.34454390
   -0.68548524
    0.35036313
    0.32524946
   -0.66186708
    0.33192004
    0.31778819
   -0.69102796
    0.32379986
    0.35351314
   -0.63787303
    0.31902931
    0.32772844
   -0.61865678
    0.28471451
    0.34464592
   -0.68991580
    0.34921810
    0.33687200
   -0.68399136
    0.32907765
    0.36470437
   -0.68698770
    0.33584479
    0.36517152
   -0.68681704
    0.36219008
    0.33342942
   -0.64646077
    0.31882377
    0.34048755
   -0.61419952
    0.34332078
    0.28595176
   -0.65822734
    0.32915771
    0.32936900
   -0.63919113
    0.32881261
    0.32928883
   -0.65163636
    0.32813472
    0.31772014
   -0.68388264
    0.32571082
    0.33200244
   -0.66583417
    0.32194100
    0.33775507
   -0.68281152
    0.35750339
    0.33195266
   -0.67546123
    0.33781288
    0.33656642
   -0.67578632
    0.34442032
    0.32266773
   -0.64773257
    0.36116162
    0.30005198
   -0.65622101
    0.32852734
    0.32943862
   -0.68034951
    0.34010605
    0.32636720
   -0.66118800
    0.31283841
    0.32829271
   -0.65512978
    0.32736288
    0.31533976
   -0.65241372
    0.31038821
    0.34313337
   -0.67085213
    0.35125816
    0.32039282
   -0.66059608
    0.31376284
    0.34254080
   -0.70430829
    0.34877070
    0.36655534
   -0.65033403
    0.32223499
    0.33261680
   -0.66711308
    0.32230404
    0.34155521
   -0.65748429
    0.32140722
    0.32376184
   -0.66686650
    0.33801702
    0.32960920
   -0.64823626
    0.33055043
    0.32222754
   -0.66049248
    0.31367169
    0.35341103
   -0.71438371
    0.33153663
    0.36062185
   -0.65437886
    0.32081815
    0.32144660
   -0.69570810
    0.31731042
    0.35569288
   -0.69587477
    0.33903176
    0.34243315
   -0.68510724
    0.33527976
    0.33573488
   -0.65914707
    0.32062807
    0.34143338
   -0.66888292
    0.35378754
    0.33226857
   -0.66806141
    0.32874691
    0.32320220
   -0.64363920
    0.31907117
    0.34329878
   -0.68185868
    0.33153893
    0.33353642
   -0.68114552
    0.31929263
    0.35670215
   -0.63543084
    0.33567442
    0.32762023
   -0.66986231
    0.34065692
    0.32935057
   -0.64903893
    0.35462400
    0.29203387
   -0.64371277
    0.34542042
    0.28799510
   -0.66501410
    0.32442337
    0.35564738
   -0.66252765
    0.35313765
    0.30743701
   -0.67462557
    0.34388677
    0.32234434
   -0.66981188
    0.34514526
    0.33238102
   -0.62225900
    0.27975340
    0.35205675
   -0.67434843
    0.33641755
    0.35247061
   -0.66072452
    0.31519543
    0.35056158
   -0.67852337
    0.32724474
    0.32942010
   -0.67528616
    0.33971931
    0.33176963
   -0.67977458
    0.35406757
    0.34492017
   -0.67011020
    0.31949259
    0.35647432
   -0.66609214
    0.32707378
    0.35040941
   -0.66173394
    0.35375890
    0.30821746
   -0.64130067
    0.35470943
    0.30035361
   -0.65866704
    0.33155123
    0.31753507
   -0.69663488
    0.34513936
    0.34094278
   -0.69597049
    0.33020771
    0.35482717
   -0.67767763
    0.33418380
    0.33240068
   -0.65379983
    0.30522818
    0.34769458
   -0.64926512
    0.35849029
    0.31295710
   -0.65973605
    0.31344706
    0.33108352
   -0.60975951
    0.33883346
    0.29456735
   -0.63243950
    0.30937788
    0.33699097
   -0.64365978
    0.33366392
    0.33323965
   -0.66535891
    0.33592223
    0.32977247
   -0.71494294
    0.32694429
    0.35089344
   -0.67493865
    0.33017679
    0.34130158
   -0.64877142
    0.33570258
    0.32957534
   -0.66711926
    0.33844040
    0.33727136
   -0.66781111
    0.33116342
    0.33614155
   -0.66388240
    0.34140910
    0.34129239
   -0.67948924
    0.32794146
    0.34778275
   -0.67905609
    0.34327754
    0.30863772
   -0.65321812
    0.30923762
    0.34353136
