           1           2  0.827565648046039     
           1           3  0.827614748074581     
           4           5  0.810743642910308     
           4           6  0.835879270195753     
           7           8  0.805528081401515     
           7           9  0.837925249199849     
          10          11  0.810490293913506     
          10          12  0.845238792967783     
          13          14  0.808082598219038     
          13          15  0.848771844438264     
          16          17  0.780306590438860     
          16          18  0.844359157854056     
          19          20  0.848737083808858     
          19          21  0.828511248708302     
          22          23  0.833926288988303     
          22          24  0.820651994459320     
          25          26  0.819539417434410     
          25          27  0.788459624111533     
          28          29  0.858018790417350     
          28          30  0.774632704938373     
          31          32  0.831472781391128     
          31          33  0.796232885331629     
          34          35  0.819501365683234     
          34          36  0.813818993420209     
          37          38  0.808806103399320     
          37          39  0.830040554098339     
          40          41  0.823784109227838     
          40          42  0.832900818996536     
          43          44  0.811746991212997     
          43          45  0.808705659558423     
          46          47  0.825425739341362     
          46          48  0.801786012660621     
          49          50  0.799427511328682     
          49          51  0.863640456835312     
          52          53  0.828849271942967     
          52          54  0.823544910724627     
          55          56  0.803208780589530     
          55          57  0.801379324002494     
          58          59  0.874514532737852     
          58          60  0.831487956097043     
          61          62  0.799766457782966     
          61          63  0.812288770510170     
          64          65  0.826184959009096     
          64          66  0.876755065671946     
          67          68  0.799493698988739     
          67          69  0.801037555079725     
          70          71  0.806993345686976     
          70          72  0.836840172122330     
          73          74  0.855989863984939     
          73          75  0.804072994243845     
          76          77  0.801309938271379     
          76          78  0.866756170538490     
          79          80  0.838944861638706     
          79          81  0.825996894970019     
          82          83  0.820161834896128     
          82          84  0.795312485905735     
          85          86  0.815815473852327     
          85          87  0.829439073022410     
          88          89  0.807010283940119     
          88          90  0.821300567610657     
          91          92  0.844719485164558     
          91          93  0.804816453495707     
          94          95  0.831343974581402     
          94          96  0.788672453574007     
          97          98  0.814685101482663     
          97          99  0.834756510441734     
         100         101  0.819307267017108     
         100         102  0.788901509590611     
         103         104  0.829892255392481     
         103         105  0.821874993289504     
         106         107  0.820040172441012     
         106         108  0.813646612856053     
         109         110  0.818533979825736     
         109         111  0.796443173085871     
         112         113  0.809025457255570     
         112         114  0.829004402269135     
         115         116  0.794467023889566     
         115         117  0.809718390810360     
         118         119  0.807786482331394     
         118         120  0.825680715690276     
         121         122  0.816516304720231     
         121         123  0.856834284673509     
         124         125  0.819303196552629     
         124         126  0.829404727440802     
         127         128  0.833221549618737     
         127         129  0.821334543739807     
         130         131  0.801450334721429     
         130         132  0.856909071861251     
         133         134  0.806693053406843     
         133         135  0.789566244750663     
         136         137  0.836944719091976     
         136         138  0.787066277671072     
         139         140  0.833340910780344     
         139         141  0.826123525944293     
         142         143  0.841125502652820     
         142         144  0.858195518055094     
         145         146  0.821476489088230     
         145         147  0.824085471970958     
         148         149  0.811349004458625     
         148         150  0.837115710435338     
         151         152  0.814170663684174     
         151         153  0.830198881009867     
         154         155  0.848005264553941     
         154         156  0.822308667085469     
         157         158  0.914020463919541     
         157         159  0.786094590695402     
         160         161  0.824072060558307     
         160         162  0.832191149684869     
         163         164  0.857822986022928     
         163         165  0.863341809295130     
         166         167  0.822356751452149     
         166         168  0.804785558202439     
         169         170  0.819711607265839     
         169         171  0.832133182750763     
         172         173  0.839295671334111     
         172         174  0.798824619876550     
         175         176  0.824129752437548     
         175         177  0.821085960309490     
         178         179  0.855538849307609     
         178         180  0.802638463521740     
         181         182  0.809305273688920     
         181         183  0.803932929803557     
         184         185  0.857015570404512     
         184         186  0.797867329954981     
         187         188  0.834207446031615     
         187         189  0.868242627136765     
         190         191  0.854363222630740     
         190         192  0.816663658965954     
         193         194  0.847805955304802     
         193         195  0.842805270646923     
         196         197  0.801651059314118     
         196         198  0.825129911194985     
         199         200  0.851015920483904     
         199         201  0.806032006287062     
         202         203  0.828368509760230     
         202         204  0.794698903889898     
         205         206  0.812284047719446     
         205         207  0.820703975604499     
         208         209  0.820264400597836     
         208         210  0.833906206325661     
         211         212  0.834730955038003     
         211         213  0.810972078127774     
         214         215  0.816754837247470     
         214         216  0.800136296050970     
         217         218  0.858427586571479     
         217         219  0.797437921502251     
         220         221  0.832749195363290     
         220         222  0.797596993844191     
         223         224  0.803110514687205     
         223         225  0.826605420490801     
         226         227  0.817177400722352     
         226         228  0.819578222820559     
         229         230  0.822427946351115     
         229         231  0.813990585822191     
         232         233  0.794553002667712     
         232         234  0.824583674061049     
         235         236  0.808601413828050     
         235         237  0.848339775605407     
         238         239  0.849046763317806     
         238         240  0.838669096175150     
         241         242  0.870838204521366     
         241         243  0.831480504630669     
         244         245  0.842771856607662     
         244         246  0.825096409616539     
         247         248  0.861177124105197     
         247         249  0.831897913593711     
         250         251  0.815645432715565     
         250         252  0.841481023272073     
         253         254  0.798843074862474     
         253         255  0.831246050515398     
         256         257  0.792410260888699     
         256         258  0.822212529016967     
         259         260  0.825462714495801     
         259         261  0.833647720950371     
         262         263  0.822036357190566     
         262         264  0.824657582663974     
         265         266  0.857913437635729     
         265         267  0.829617651053437     
         268         269  0.829965554414636     
         268         270  0.818804431750989     
         271         272  0.787356427945725     
         271         273  0.815829422558375     
         274         275  0.839419714336433     
         274         276  0.806475685216124     
         277         278  0.828007673881751     
         277         279  0.784010348241578     
         280         281  0.913471819233909     
         280         282  0.779347521145873     
         283         284  0.817045385202487     
         283         285  0.809761498215492     
         286         287  0.818434873384502     
         286         288  0.801145423582164     
         289         290  0.824104758625896     
         289         291  0.780146493006058     
         292         293  0.870463586155574     
         292         294  0.807469124677418     
         295         296  0.841886171607308     
         295         297  0.835381169129500     
         298         299  0.799789919978163     
         298         300  0.785229482560128     
         301         302  0.812934658022087     
         301         303  0.810900309318583     
         304         305  0.833030691055456     
         304         306  0.887636079793982     
         307         308  0.812812670132378     
         307         309  0.803752948116177     
         310         311  0.807740937089122     
         310         312  0.901252897530774     
         313         314  0.849966788761226     
         313         315  0.890792330423135     
         316         317  0.880410205141829     
         316         318  0.805439981932969     
         319         320  0.795060429707210     
         319         321  0.803720431762813     
         322         323  0.833153829690333     
         322         324  0.852559190511006     
         325         326  0.835334668197413     
         325         327  0.836197007511421     
         328         329  0.798971395133216     
         328         330  0.907899755119852     
         331         332  0.865437799750012     
         331         333  0.858615861328081     
         334         335  0.828511476849600     
         334         336  0.841996357372693     
         337         338  0.834520727545444     
         337         339  0.884506652098917     
         340         341  0.873262572189151     
         340         342  0.845449455633790     
         343         344  0.828499658522630     
         343         345  0.804101166761492     
         346         347  0.836433320922190     
         346         348  0.838186518679712     
         349         350  0.833766367580567     
         349         351  0.849492063326067     
         352         353  0.862103257058530     
         352         354  0.829350681221293     
         355         356  0.810429002015000     
         355         357  0.880345265089986     
         358         359  0.847645933673520     
         358         360  0.817250476103953     
         361         362  0.878735292637499     
         361         363  0.822935006111744     
         364         365  0.812926166722950     
         364         366  0.787405987761105     
         367         368  0.856114942624503     
         367         369  0.826801137597646     
         370         371  0.803085131703748     
         370         372  0.817519080569197     
         373         374  0.870418567717763     
         373         375  0.821106412774312     
         376         377  0.833212590629563     
         376         378  0.798593766449611     
         379         380  0.808198427057986     
         379         381  0.868678344102237     
         382         383  0.866520385292768     
         382         384  0.865873207437955     
         385         386  0.895306310745503     
         385         387  0.850210840039233     
         145         389  0.107530050149164     
         388         389  0.757345121357782     
         388         390  0.838711922775092     
         391         392  0.884959306842756     
         391         393  0.792224643282999     
         394         395  0.783977261423123     
         394         396  0.847968249304314     
         397         398  0.774740220488675     
         397         399  0.847434178253012     
         400         401  0.844307117223085     
         400         402  0.839501028439715     
         403         404  0.846185575577094     
         403         405  0.878773566386375     
         406         407  0.824039529176874     
         406         408  0.805674136048052     
         409         410  0.855861403103081     
         409         411  0.849659546180089     
         412         413  0.804922349678674     
         412         414  0.811364897759831     
         415         416  0.830316068177133     
         415         417  0.816843486619741     
         418         419  0.880689105895078     
         418         420  0.869546619811329     
         421         422  0.837385681866346     
         421         423  0.818935232005774     
         424         425  0.856409733182363     
         424         426  0.878126156313752     
         427         428  0.817684634909755     
         427         429  0.838683027448250     
         430         431  0.807724053120398     
         430         432  0.813337123475988     
         433         434  0.796909842732821     
         433         435  0.874603982557712     
         436         437  0.826448277749602     
         436         438  0.795665243219646     
         439         440  0.860829174637996     
         439         441  0.818473242719937     
         442         443  0.847972216132804     
         442         444  0.849356180009285     
         445         446  0.805282577821433     
         445         447  0.914603088793684     
         448         449  0.827852578011962     
         448         450  0.859236126491208     
         451         452  0.811456745912760     
         451         453  0.827566732846328     
         454         455  0.856324877016435     
         454         456  0.857232992354322     
         457         458  0.880293901727253     
         457         459  0.782424264102233     
         460         461  0.863778950453842     
         460         462  0.849902726876025     
         463         464  0.840929797387376     
         463         465  0.816017607325306     
         466         467  0.845194158938071     
         466         468  0.802214168475025     
         469         470  0.853844457581313     
         469         471  0.896718507809729     
         472         473  0.904653172792138     
         472         474  0.801103964919925     
         475         476  0.817871539298742     
         475         477  0.818893162110474     
         478         479  0.834804524703746     
         478         480  0.841997864447501     
         481         482  0.785794794096925     
         481         483  0.817379168646079     
         484         485  0.837170205068014     
         484         486  0.838008322089734     
         487         488  0.858971732229725     
         487         489  0.808932075874325     
         490         491  0.836606574036942     
         490         492  0.843997247772529     
         493         494  0.807983173947110     
         493         495  0.834601065443654     
         496         497  0.809789215061210     
         496         498  0.815764580366092     
         499         500  0.884379663908656     
         499         501  0.849062955406388     
         502         503  0.862250851409972     
         502         504  0.801190972485993     
         505         506  0.861521369986537     
         505         507  0.844854024336772     
         508         509  0.836527222112365     
         508         510  0.875918344643687     
         511         512  0.819015500835594     
         511         513  0.819158924050557     
         514         515  0.856936367979968     
         514         516  0.802065230737649     
         517         518  0.860222653970882     
         517         519  0.788652659800840     
         520         521  0.826893150818508     
         520         522  0.861544031591807     
         523         524  0.803375333016983     
         523         525  0.861993241784305     
         526         527  0.861276534878262     
         526         528  0.809032106954708     
         529         530  0.781121096163620     
         529         531  0.821382508919633     
         532         533  0.774343119230318     
         532         534  0.905272195955161     
         535         536  0.843457260634924     
         535         537  0.790205694722504     
         538         539  0.859482306184888     
         538         540  0.836595079644360     
         541         542  0.899573187994043     
         541         543  0.834198969828985     
         544         545  0.833292092757858     
         544         546  0.814644218044396     
         547         548  0.875992255663621     
         547         549  0.814997513810532     
         550         551  0.876419935059887     
         550         552  0.790863223582130     
         553         554  0.852477496641743     
         553         555  0.863999475538453     
         556         557  0.820187451159975     
         556         558  0.822356866983794     
         559         560  0.871150288369221     
         559         561  0.815984121506694     
         562         563  0.838688734810334     
         562         564  0.823128877111623     
         565         566  0.873542227079830     
         565         567  0.867224816001671     
         568         569  0.895424120630007     
         568         570  0.801040293201669     
         571         572  0.861229052368678     
         571         573  0.857001688311139     
         574         575  0.824450892852224     
         574         576  0.845101881966918     
         577         578  0.816742308421267     
         577         579  0.787032333089986     
         580         581  0.843042364005185     
         580         582  0.900117496590259     
         583         584  0.900712889470902     
         583         585  0.824896370458024     
         586         587  0.841540469901747     
         586         588  0.792977884995263     
         589         590  0.878158214800539     
         589         591  0.844428531233138     
         592         593  0.826594499245816     
         592         594  0.864790973963340     
         595         596  0.864799632302557     
         595         597  0.800377288247548     
         598         599  0.899586799339895     
         598         600  0.789251319009908     
         601         602  0.804080768997764     
         601         603  0.897347608277353     
         604         605  0.864352983294963     
         604         606  0.877139801854582     
         607         608  0.831756070867916     
         607         609  0.868929785652848     
         610         611  0.815756084108830     
         610         612  0.874576548101457     
         613         614  0.873503716614203     
         613         615  0.859460111870782     
         616         617  0.826481657596310     
         616         618  0.845599279474352     
         619         620  0.792820072090311     
         619         621  0.833786678384924     
         622         623  0.831267155867589     
         622         624  0.874359278921661     
         625         626  0.776316606744860     
         625         627  0.845684850227936     
         628         629  0.840388963270734     
         628         630  0.845526130952325     
         631         632  0.783170493234034     
         631         633  0.816959207195831     
         634         635  0.805550138691236     
         634         636  0.864954456298874     
         637         638  0.844803864280346     
         637         639  0.853415342145141     
         640         641  0.787377435429930     
         640         642  0.895632101231034     
         643         644  0.877118210639391     
         643         645  0.847946912136271     
         646         647  0.841517680719627     
         646         648  0.862380170200397     
         649         650  0.868210408403306     
         649         651  0.803238174521588     
         652         653  0.831871288132563     
         652         654  0.855614173873972     
         655         656  0.911872975835408     
         655         657  0.826678193697414     
         658         659  0.806143877556314     
         658         660  0.848730826002454     
         661         662  0.872284431244757     
         661         663  0.815885961987639     
         664         665  0.811241378667491     
         664         666  0.822431329005936     
         667         668  0.827463115957510     
         667         669  0.916576949541411     
         670         671  0.840259583854357     
         670         672  0.819118699661549     
         673         674  0.785554827664002     
         673         675  0.795233818139693     
         676         677  0.829517973774185     
         676         678  0.808003464960697     
         679         680  0.830211145988060     
         679         681  0.805614847120427     
         682         683  0.852486159350689     
         682         684  0.890483586099873     
         685         686  0.838005404021086     
         685         687  0.807319315158962     
         688         689  0.832634389561748     
         688         690  0.793786163000258     
         691         692  0.834195887973044     
         691         693  0.865259454998251     
         694         695  0.807727434672560     
         694         696  0.813408960069142     
         697         698  0.816213709376413     
         697         699  0.867851936407424     
         700         701  0.881300927449386     
         700         702  0.874089972431689     
         703         704  0.835608848373835     
         703         705  0.885678487720433     
         706         707  0.856250498294513     
         706         708  0.788612733439128     
         709         710  0.837997792278750     
         709         711  0.848274591857472     
         712         713  0.861442944912820     
         712         714  0.819269404173076     
         715         716  0.809121119844990     
         715         717  0.835907504457262     
         718         719  0.822596260602438     
         718         720  0.816336084409551     
         721         722  0.815850151218084     
         721         723  0.840323132989495     
         724         725  0.825206565385957     
         724         726  0.826299162168184     
         727         728  0.829443099806083     
         727         729  0.808698996825021     
         730         731  0.906869851079234     
         730         732  0.792717111209759     
         733         734  0.824718019934405     
         733         735  0.855392167383052     
         736         737  0.804628029374428     
         736         738  0.815779105107171     
         739         740  0.783019845160038     
         739         741  0.884927793318571     
         742         743  0.805630048059981     
         742         744  0.831454294658031     
         745         746  0.774428233194872     
         745         747  0.905532251336543     
         748         749  0.830226703679728     
         748         750  0.883577049947813     
         751         752  0.885945006158146     
         751         753  0.831575992104100     
         754         755  0.868649729459523     
         754         756  0.858991863330148     
