   -0.66851735
    0.33402038
    0.34389416
   -0.67339502
    0.32682211
    0.35225375
   -0.65860758
    0.31006283
    0.32720202
   -0.67832961
    0.34195368
    0.34830674
   -0.67858639
    0.33499750
    0.35850828
   -0.66849488
    0.32506490
    0.33918088
   -0.69603389
    0.34942034
    0.36064128
   -0.71117863
    0.35732027
    0.34485339
   -0.67809696
    0.35029751
    0.32904304
   -0.68513680
    0.32211293
    0.36202581
   -0.70534561
    0.35990175
    0.33768485
   -0.66994117
    0.33524156
    0.33463335
   -0.65101577
    0.34048760
    0.31360894
   -0.68964299
    0.35150968
    0.33702788
   -0.69610863
    0.35471503
    0.33522731
   -0.62590213
    0.34545026
    0.28111256
   -0.67604597
    0.33165319
    0.34740518
   -0.67314841
    0.34200661
    0.33158945
   -0.66449522
    0.32981428
    0.32215530
   -0.70997718
    0.35724956
    0.34381052
   -0.65991308
    0.32568581
    0.33562568
   -0.66446431
    0.34440230
    0.32152257
   -0.70037052
    0.32480482
    0.34893791
   -0.69431342
    0.33200345
    0.35955364
   -0.68659925
    0.34732085
    0.33981887
   -0.67239705
    0.34305378
    0.31643793
   -0.65854528
    0.36093566
    0.32944775
   -0.66762199
    0.31562636
    0.34633192
   -0.68975948
    0.35803930
    0.32758736
   -0.66024747
    0.35036178
    0.29498059
   -0.68711288
    0.32617436
    0.33225648
   -0.65984790
    0.33286482
    0.33556145
   -0.67486300
    0.32884937
    0.33458920
   -0.67405784
    0.33304084
    0.32930183
   -0.66059949
    0.34480739
    0.32870828
   -0.63467405
    0.31990617
    0.32480545
   -0.68226486
    0.33302250
    0.34518320
   -0.67633748
    0.34692772
    0.34114729
   -0.67916624
    0.35761412
    0.33817174
   -0.69266493
    0.35444594
    0.33301601
   -0.69929669
    0.33034384
    0.35528346
   -0.67289645
    0.31200083
    0.34078170
   -0.65788552
    0.33859051
    0.32196758
   -0.67226184
    0.32445096
    0.34854224
   -0.69077752
    0.32167080
    0.35797044
   -0.67902787
    0.32997236
    0.34145257
   -0.63939723
    0.34927329
    0.29230518
   -0.67359875
    0.33345428
    0.35349511
   -0.63807828
    0.32665846
    0.32233521
   -0.65404771
    0.32754034
    0.32548146
   -0.68371369
    0.33932203
    0.32936942
   -0.65886794
    0.30909707
    0.34210048
   -0.66248771
    0.33244029
    0.33882658
   -0.69359343
    0.33011471
    0.34323198
   -0.66918478
    0.34146135
    0.34320041
   -0.67749127
    0.35099136
    0.32671386
   -0.64926113
    0.31059484
    0.32418675
   -0.64523306
    0.33427029
    0.31307760
   -0.68405150
    0.34260119
    0.33802119
   -0.63595279
    0.34995409
    0.28402519
   -0.67519590
    0.33574809
    0.32957002
   -0.66620386
    0.33697501
    0.34874537
   -0.63608684
    0.30714650
    0.33078723
   -0.64716546
    0.32546923
    0.32924741
   -0.68330455
    0.34879989
    0.32388968
   -0.65769968
    0.32376464
    0.33552613
   -0.68639150
    0.36137909
    0.34936948
   -0.63632637
    0.33256480
    0.32346693
   -0.65765112
    0.31160499
    0.34000226
   -0.69174761
    0.34880210
    0.33569101
   -0.67715660
    0.35492519
    0.31302701
   -0.67041921
    0.33421910
    0.34518057
   -0.66777120
    0.32317080
    0.36057030
   -0.64617443
    0.35464686
    0.28680067
   -0.65671789
    0.35777098
    0.29741976
   -0.66142936
    0.34610575
    0.33080161
   -0.69028713
    0.35168288
    0.33958081
   -0.63536012
    0.31896451
    0.32985562
   -0.68852006
    0.32264234
    0.34986901
   -0.70090352
    0.35083467
    0.35391704
   -0.69562254
    0.32285798
    0.36121923
   -0.70798881
    0.32849112
    0.35225703
   -0.68930835
    0.33147395
    0.34991779
   -0.68424810
    0.33613791
    0.33579681
   -0.68175050
    0.34362637
    0.33751355
   -0.65896950
    0.32721699
    0.33655816
   -0.65889996
    0.35563994
    0.32495964
   -0.63267238
    0.30898589
    0.32871978
   -0.65339556
    0.34262608
    0.32352281
   -0.67728767
    0.34102104
    0.31631390
   -0.66088701
    0.32851711
    0.32857793
   -0.67085066
    0.33609612
    0.35763093
   -0.63917555
    0.32308847
    0.32663089
   -0.67186323
    0.32867929
    0.32137997
   -0.63935468
    0.32299206
    0.32104246
   -0.62418046
    0.33342557
    0.28668688
   -0.65935564
    0.32478300
    0.33605439
   -0.66044602
    0.34384227
    0.30257081
   -0.66864479
    0.35272593
    0.34897482
   -0.62966044
    0.31626755
    0.31817732
   -0.63486211
    0.32974468
    0.30934721
   -0.66859254
    0.34060688
    0.34020619
   -0.66152119
    0.31153809
    0.32380140
   -0.68709911
    0.34912397
    0.34792723
   -0.66091449
    0.32712790
    0.32147116
   -0.67716620
    0.33101526
    0.33436078
   -0.66373287
    0.33475444
    0.31767244
   -0.65997084
    0.32921914
    0.31969943
   -0.67490869
    0.32990679
    0.34836880
   -0.64431187
    0.34050634
    0.31269233
   -0.69366328
    0.33811918
    0.35488678
   -0.65096089
    0.32223509
    0.32060200
   -0.65058921
    0.33159936
    0.32714981
   -0.65920399
    0.35917231
    0.29219885
   -0.67727392
    0.34621915
    0.32842035
   -0.61932746
    0.31241107
    0.32688045
   -0.67280302
    0.34389147
    0.34203116
   -0.66819140
    0.31441855
    0.35170870
   -0.66120111
    0.32694815
    0.33126858
   -0.67790088
    0.32922546
    0.33267198
   -0.66023657
    0.32583484
    0.32735515
   -0.68280146
    0.32711123
    0.34619801
   -0.65097079
    0.28687553
    0.35445561
   -0.65040108
    0.35795358
    0.27710501
   -0.66005241
    0.32761140
    0.32388509
   -0.66644708
    0.32547397
    0.35731070
   -0.62813715
    0.31518961
    0.33626615
   -0.63494200
    0.32585302
    0.31719143
   -0.67659013
    0.34980533
    0.32405860
   -0.65765292
    0.35593187
    0.29986346
   -0.61797641
    0.34038754
    0.27729976
   -0.66735838
    0.34722949
    0.33372503
   -0.62956000
    0.29335273
    0.34589854
   -0.67677593
    0.34288824
    0.34979326
   -0.67902548
    0.33924096
    0.33688638
   -0.64899271
    0.32912316
    0.34158063
   -0.65979500
    0.33411856
    0.32666275
   -0.63157178
    0.28629219
    0.34872927
   -0.64503584
    0.33276361
    0.31988221
   -0.66980478
    0.32789897
    0.33949027
   -0.66747381
    0.32355898
    0.32943052
   -0.65071814
    0.32122276
    0.32349895
   -0.68206082
    0.33021384
    0.34967169
   -0.65999611
    0.30052589
    0.36277376
   -0.63043574
    0.28128815
    0.34505464
   -0.67411568
    0.32461438
    0.35184390
   -0.61173471
    0.28862188
    0.34683411
   -0.64985448
    0.36259873
    0.29237124
   -0.63163553
    0.28206151
    0.34854242
   -0.64741885
    0.32192047
    0.33421191
   -0.66049602
    0.30463057
    0.35711711
   -0.67836142
    0.33814472
    0.32309101
   -0.64615554
    0.35307647
    0.27870762
   -0.67630498
    0.34780302
    0.29974118
   -0.66156622
    0.33717498
    0.32564688
   -0.68259813
    0.30805886
    0.34992095
   -0.64105400
    0.32581001
    0.32089315
   -0.63877934
    0.33193352
    0.33373796
   -0.67409469
    0.33941779
    0.34524834
   -0.68823647
    0.33292758
    0.33046879
   -0.69710317
    0.33156051
    0.35516382
   -0.66518083
    0.34851004
    0.32187807
   -0.68240607
    0.36168904
    0.32763854
   -0.66896418
    0.33558132
    0.33572784
   -0.62458319
    0.33226659
    0.31492884
   -0.62901605
    0.34589891
    0.29166608
   -0.66976115
    0.35079677
    0.30045754
   -0.67067290
    0.34469334
    0.32153173
   -0.67229270
    0.35215544
    0.32796100
   -0.64473584
    0.33141781
    0.31999465
   -0.65240447
    0.32360777
    0.32166645
   -0.62877292
    0.34805409
    0.29173975
   -0.62692074
    0.29288323
    0.35314231
   -0.68263366
    0.36528756
    0.32107955
   -0.64954919
    0.27809019
    0.34790211
   -0.64819131
    0.34370186
    0.33747554
   -0.65036351
    0.32464168
    0.31819786
