$coord
            0.4081470653           -3.9661368850           -0.6716859056     O 
            0.9867883968           -4.6739635420            0.9011342859     H 
            0.4749691155           -5.2932278893           -1.9603655705     H 
            2.6131796557           -8.4360903556            2.7578049146     O 
            2.8187163496           -9.8969193937            3.8532922293     H 
            2.7534718423           -6.9271107598            3.8153584818     H 
            4.4765963267            6.1908848256            0.1424608665     O 
            4.7611321112            7.6021648631            1.2651557544     H 
            3.2462180077            6.7599427500           -1.0921097768     H 
            6.2412854371           -2.7675563222            0.4074867047     O 
            5.6132342386           -3.1655502716           -1.2644462627     H 
            7.8284536503           -1.8318919246            0.2187632758     H 
          -11.1958691842           -3.5672984355            4.9520065966     O 
          -10.7178301707           -4.5882610422            6.4090438064     H 
           -9.6916565300           -3.2189434593            3.9656185120     H 
            5.0280238746           -7.1968184018           -2.0395476659     O 
            4.8867538214           -8.5106746979           -3.3230516576     H 
            4.1127237351           -7.8052975844           -0.5801193899     H 
           -3.2659494609           -5.1803301398            5.4047852308     O 
           -2.4731138105           -6.2823976811            4.1348593885     H 
           -2.0619712744           -3.9263135258            5.9941043020     H 
            7.2876517957           -7.2145236067            7.7588146087     O 
            7.4527716765           -6.9385769368            5.9148458299     H 
            6.2538844073           -5.8107642165            8.3420649582     H 
           -2.1851133904           -8.3724945501            1.7723505286     O 
           -0.3502222847           -8.6674597979            1.9045924243     H 
           -3.0352456343           -9.9845341432            1.9420779141     H 
            1.1901869175            6.6377679440            6.0244635127     O 
            0.2863093643            7.8016748645            7.1343591924     H 
            0.5253332120            6.9496328816            4.3023065388     H 
           -4.1520651536           -2.3308427140           -2.0522484088     O 
           -2.4808239477           -2.6800343401           -1.3538350597     H 
           -4.8346631197           -4.0355167637           -2.3679967629     H 
            7.2590735779            3.8103676078            8.9751342904     O 
            9.0366173174            3.6916732259            8.5409495085     H 
            6.6819607475            5.4820530026            8.4239239012     H 
           -0.7571547475            7.8473917566            1.6923971911     O 
           -2.5951949318            7.7563734821            1.7907409840     H 
           -0.3257939583            9.5986839688            1.3870441474     H 
           -8.7551504033            4.8538103854            4.4238911428     O 
           -7.5669745174            5.9641608472            3.5194864097     H 
          -10.0919235647            4.3357784686            3.2671406884     H 
           -3.1334322939            3.1428666313           -6.1946503170     O 
           -3.5916988213            3.4432794412           -4.4277148171     H 
           -4.2637292693            1.7916985796           -6.7438023917     H 
           -4.0681408587           14.6754449898           -5.5135910944     O 
           -2.8452564545           13.5860866631           -6.3779081726     H 
           -4.2554756722           16.1644802401           -6.5218123594     H 
           -8.3437703149            4.5725040254           -5.9081464009     O 
           -8.3831787743            5.9111637641           -4.6466520574     H 
           -8.5524271183            3.0148111979           -4.9619417841     H 
           -0.4598589877           -1.4969025855           -5.7727490093     O 
           -1.9756602249           -1.7684040314           -4.7849795704     H 
           -0.8596614010           -2.0633829003           -7.4879705587     H 
            5.9476479331            1.6277986904            3.2672191479     O 
            4.7622031888            1.9087755264            4.6609763348     H 
            6.8913850404            3.1706544104            2.9526819934     H 
            8.9370798679           -1.5976488171            5.7186310706     O 
            8.0228166074           -0.4298368668            4.6132408647     H 
            9.9020184688           -2.7276994911            4.6189738554     H 
           -8.6407937248           12.4545087550           -4.1573970650     O 
           -7.0648804988           13.2390609262           -4.6674220128     H 
           -9.5644214014           12.0790406861           -5.7219690519     H 
            2.0655014477            2.8880843003           -5.0484902157     O 
            0.6532864060            1.7633221443           -5.4226080238     H 
            1.4051328120            4.5122228315           -4.5669925178     H 
           12.2387742999            4.1898794087            8.0028137475     O 
           13.9498286274            4.4228060114            8.7074962582     H 
           12.5024211626            3.1267661373            6.4894783960     H 
           15.9932812916           -2.4315252832            0.7310946821     O 
           16.6741852851           -3.8801757334           -0.1939991906     H 
           14.4390044438           -3.0484742600            1.5529068101     H 
           -8.2986156108            0.8391094349           -2.3175762515     O 
           -6.9350311427           -0.3437561009           -2.5993359667     H 
           -9.6071097413           -0.0991690448           -1.4062096952     H 
            6.8421628926            2.5513445253           -2.4755347142     O 
            6.1976480790            3.8945703285           -1.3981351451     H 
            6.9978250131            3.3035673105           -4.1345344464     H 
           -5.6739616198           -2.2238793065           10.5406078784     O 
           -5.2835090404           -1.3733118766            8.9640061614     H 
           -7.4903159004           -1.9723931660           10.7478243434     H 
           -6.8953840751            0.7197238428          -12.2571091131     O 
           -8.7264679699            0.7670467053          -12.2588085737     H 
           -6.4238413168            0.3480085150          -10.5059340938     H 
          -11.4659720327            5.4250440348           -9.6182583346     O 
          -10.2937715451            5.0241812105           -8.1997968666     H 
          -11.6693556307            3.8398279042          -10.5305795903     H 
           11.7546379249           -6.2593014936            9.6842527532     O 
           10.0552061011           -6.6219623364            8.9726023344     H 
           11.4581660572           -5.5604535231           11.3278179869     H 
            6.3734444933           -5.9164854085           -8.1531465422     O 
            7.5675219878           -4.8147040124           -9.0169737054     H 
            4.9054545934           -5.9854586641           -9.2928343244     H 
          -15.3947177010           -8.2456111600           -1.9048232613     O 
          -14.1576212676           -9.4774644816           -2.4531580199     H 
          -14.9703816921           -7.7904638591           -0.1713917841     H 
           -4.6342777908            4.0015506256           -1.3778987066     O 
           -6.3237828993            3.2877832137           -1.5444276011     H 
           -4.6809606159            5.8161451252           -1.6494138730     H 
           -0.1639000330           -7.6692059991           -4.0138846524     O 
            0.3254746876           -9.0367978603           -2.8851440457     H 
            0.3335240634           -8.2525282755           -5.6918062250     H 
            2.7658703014            2.0203591859            7.1738072156     O 
            1.9585760921            3.6600278003            6.8951121029     H 
            4.1330272939            2.2952264634            8.3588169276     H 
            5.4505603553          -10.6422032128           -5.7957112535     O 
            7.0103110398          -11.3805261265           -5.2091612529     H 
            5.9036026040           -9.3095795879           -6.9572685102     H 
            4.9740417910           -2.7429333435            8.5805236259     O 
            4.6623297964           -1.6482506956           10.0167501914     H 
            6.4846190006           -2.1281786642            7.7183135984     H 
           -9.9691387702           -6.7748919528            0.3613451663     O 
           -9.4183011324           -6.9788881971            2.1022865639     H 
          -10.6532939662           -8.4327767656           -0.1250076421     H 
           11.9060627023            2.8692658180           -4.5206484840     O 
           11.0556439139            4.3225702431           -3.7311252173     H 
           13.4699846860            2.5899015553           -3.5918289796     H 
           -4.0794504254            7.9834232924           -7.6674720917     O 
           -3.8434442374            6.1740587362           -7.3538444260     H 
           -5.4001990968            8.1128937360           -8.9758648992     H 
            7.6450986307           -6.9855728564            2.9058729757     O 
            7.1889672088           -8.5235974180            2.0110383579     H 
            6.9743014072           -5.5586594802            1.9559279964     H 
            3.9606179865            0.4403302268           12.5846548380     O 
            4.9593604668            1.7613954719           13.3654603707     H 
            2.3692751888            1.2664686353           12.1558988772     H 
            7.6849951772           -3.2181233385           13.4956696839     O 
            8.8831235273           -2.3395241859           12.4047988840     H 
            6.3323132838           -2.0211947592           13.7546882132     H 
           -0.4416538687           -2.0339175449            8.3726673933     O 
           -0.3966367149           -2.3268366269           10.1893772253     H 
            0.6770046612           -0.6237237231            8.0271618093     H 
            1.1787081246            7.8864690329           -3.5201668335     O 
            1.7474846217            9.6377262181           -3.4174327803     H 
           -0.6319584058            7.9694322107           -3.0653746869     H 
            1.0707101469           12.7177851021            1.0872241011     O 
            1.5567015916           13.0472482098           -0.6518559016     H 
            2.5982084368           12.0517285722            1.8940539091     H 
           -6.3256841033          -11.6214938015            1.5552874545     O 
           -6.8977842515          -10.3337838353            2.7642074314     H 
           -6.1790539731          -13.1580998558            2.4969649191     H 
          -11.7044290422           -1.9448515456            0.1073960397     O 
          -13.4116268397           -1.9548910953           -0.5421029095     H 
          -11.0736571025           -3.6730744806            0.0118034137     H 
           17.0350917730            5.3208220359           -6.3759819882     O 
           17.7029676578            3.6948253625           -5.8623556572     H 
           15.8918709791            4.9798937496           -7.7539345738     H 
           -4.3723687061            5.0361549986          -13.6407985349     O 
           -5.2405775498            3.4218895026          -13.4704209824     H 
           -2.8210831937            4.8402400863          -12.6835952055     H 
          -16.1537874487           -0.7715790527           -2.0064447575     O 
          -15.2922852840            0.7764354986           -2.5247752061     H 
          -17.8667898740           -0.7405195255           -2.6926595294     H 
            2.8111931433            7.4967395948           12.2801208257     O 
            4.1452723044            6.8937083920           13.3673829051     H 
            1.6930881159            6.0335145237           12.0663461964     H 
          -13.2169175397            3.0938481172           -3.3409078659     O 
          -14.0990978824            4.0700855135           -4.6473962369     H 
          -12.7724123334            4.2117448962           -1.9762026195     H 
           -7.3836315466            0.4297312727            6.4131302908     O 
           -7.6963679724            2.1264104510            5.7842544479     H 
           -7.0301881313           -0.5568861160            4.9019380718     H 
           14.5023297953           -3.0154185894            6.9774304922     O 
           15.4834150413           -4.2148846602            5.9631442965     H 
           13.4077228324           -4.0539476594            8.0559563157     H 
           16.0265761962            1.9397236828           -1.7174712560     O 
           15.7760243859            0.2906376548           -0.8979595265     H 
           17.8529088962            2.2105379154           -1.6732336044     H 
          -17.2620673194            7.1210454824            5.0155243281     O 
          -16.2155259733            8.5259223382            4.4894164621     H 
          -17.6261816080            6.1464391112            3.4933680650     H 
            0.0289089960            0.2090114456          -13.9095648354     O 
           -0.0189046500            1.7431793963          -12.9011846407     H 
            1.7848925969           -0.2976179318          -14.0262461490     H 
           -3.7821184508           -6.8672302381           10.3551982498     O 
           -3.2297222893           -6.7203707544            8.6077314709     H 
           -4.6705350217           -5.2653094899           10.6347562138     H 
            9.0015512607           12.1754725247            0.1542740537     O 
           10.6160071746           11.4390534043            0.7782760780     H 
            9.3232347204           13.9308817866           -0.1323542915     H 
           -8.6102071312            7.9454308966           -2.0682293704     O 
           -8.5015347203            9.6288328971           -2.8438875563     H 
          -10.3410195682            7.7886794293           -1.4470202663     H 
          -12.8346945589            2.6955584775            2.2495029057     O 
          -13.3683963402            2.7240449883            4.0195948756     H 
          -12.3897781568            0.9682306475            1.8201752332     H 
           -9.7971334622           13.6140703023            0.9077959637     O 
          -11.3347802022           12.7043594848            1.2685624261     H 
           -9.3940082216           13.3572653453           -0.8593466002     H 
          -13.3016013916            7.6967799353           -0.4195046433     O 
          -14.7200123616            8.0711739025           -1.5140908319     H 
          -13.5136824965            8.7451400546            1.0635749252     H 
           10.5337450821           -0.0904344518           -0.0766551437     O 
            9.4579863330            1.2597128427           -0.7048098316     H 
           11.3336660271            0.4620359040            1.4726855241     H 
            9.4334164669            5.3612798880            2.5187149947     O 
            9.4822809349            6.7069934904            3.7733791191     H 
           11.1818027292            4.8157035474            2.3587781996     H 
            9.3774280801           -1.5038172536           -4.9263166700     O 
            7.6309100690           -1.2729192505           -4.4439041052     H 
           10.2013098108            0.1226395322           -4.6111197295     H 
           -0.5854336630           10.1814890105            9.1842982769     O 
           -2.3459473725            9.7574910118            9.4796126243     H 
            0.3596710152            9.7453202700           10.6818202710     H 
           -3.0724997809            0.1926871363           14.1845289051     O 
           -1.8592921319           -1.0782854407           14.6673181251     H 
           -4.0882511643           -0.6519096852           12.8823106787     H 
           -6.6270534456           -2.6631272523            2.5027053154     O 
           -5.9219836803           -2.2525643222            0.8563529523     H 
           -5.3498131721           -3.6165910457            3.4220195853     H 
            9.9167662063           -2.4680576567           -9.7752181354     O 
            9.7665630662           -2.0457809047           -7.9583084283     H 
            9.3207398305           -1.0157493946          -10.6865537166     H 
           -7.6857050766           -7.9175402902            4.7852230969     O 
           -8.1088883494           -8.8118394507            6.3450486126     H 
           -6.1929728827           -6.9349276505            5.1523319282     H 
            4.3308958892           -2.6737512880           -4.6636642121     O 
            4.8184124015           -4.2504308161           -5.4710955295     H 
            2.5034605833           -2.4775003028           -4.9005031393     H 
            4.8826390987           -1.4009654247          -13.0643852436     O 
            4.7774058781           -0.7080446240          -11.3471435914     H 
            6.2570131678           -0.5516770524          -13.8804554891     H 
          -11.9868447227            0.5962700542          -11.2151555936     O 
          -11.7187071183            0.0673080616           -9.4440573034     H 
          -13.3441683698           -0.4369206885          -11.8227785283     H 
           14.1333127465           -3.5996169663           -4.7538270152     O 
           13.3534735827           -2.4783459881           -3.5511396117     H 
           14.4398779273           -2.6300174040           -6.2869067792     H 
            9.9460691669           -5.8246198119           -1.8075452012     O 
            8.2151953559           -6.4821942286           -1.8673453292     H 
            9.9618702017           -4.3789439824           -2.9308030326     H 
          -20.0309126065           -5.8245828398           -1.8146941668     O 
          -19.8557095736           -5.2176834082           -0.1053462940     H 
          -18.5781461061           -6.9015945664           -2.1043122499     H 
           -0.1348499541            3.3600883744           11.6290545193     O 
           -1.2241546986            2.4271946293           12.8055028765     H 
           -1.1892872037            3.5955056100           10.1250397179     H 
            4.9989139305            0.6916612141           -8.4123699550     O 
            5.0050699618           -0.6794976332           -7.1694765601     H 
            3.8868339144            1.9285877324           -7.6219096607     H 
            5.3835966651            8.3669149105            7.9097223550     O 
            4.6550546839            8.5353781349            9.5965739338     H 
            3.9313509133            7.7182292531            6.9108300275     H 
           12.9107502666            3.5631068213           -9.2980028290     O 
           11.3755004429            3.1676729138          -10.2468070771     H 
           12.3997998954            3.4244452987           -7.4998451349     H 
            2.7137974030           -3.5160480577            4.0186277318     O 
            3.2897576753           -3.1338495830            5.7174028561     H 
            4.0817711477           -3.0143666321            2.9067480802     H 
          -14.3554609459           -4.3724756625           -4.9890805143     O 
          -15.1493787581           -3.0715505266           -3.9338447945     H 
          -14.6215700652           -5.9619652403           -4.0861289242     H 
          -15.7585894048            5.2221927133           -7.0929748325     O 
          -16.5895871606            3.6410067489           -7.5907743020     H 
          -14.3117049695            5.4410921327           -8.2449065497     H 
            2.4880559250           12.7875694186           -3.8867680374     O 
            1.5676476703           12.7729209118           -5.4692980685     H 
            4.2650691823           12.4518527363           -4.2646830011     H 
           13.2990841974            1.0879524865            4.2516524754     O 
           13.3026760651           -0.5210160478            5.1712606196     H 
           15.0537804858            1.3629937483            3.8194434857     H 
           20.9880304758            2.0693979373           -0.5588498548     O 
           21.7379244150            0.7071184529           -1.4981536298     H 
           20.6077346449            1.3741873593            1.0966671625     H 
           13.0900284869           10.3291330595            2.1583802084     O 
           13.5933422814            8.6374633082            1.6173611056     H 
           12.4736855822           10.1131686791            3.8658086683     H 
           14.4271455676            5.4862853897            1.4537329953     O 
           14.9464608748            4.2629930855            0.1567839894     H 
           15.8505354620            5.6409856429            2.6017485413     H 
            1.9152313629          -11.5869601944           -1.3001476137     O 
            1.8655522021          -12.5650435153           -2.8678668044     H 
            0.8110560380          -12.4235126591           -0.1011049713     H 
           11.9024260510           -4.4387663610            2.7061244678     O 
           11.9959847566           -6.0438274931            3.5984169879     H 
           10.9988061171           -4.7928122601            1.1286460609     H 
            2.8978795058          -12.7629617750            5.6475498025     O 
            4.6739062079          -13.0468726827            6.0076826119     H 
            2.0197403694          -12.5533580105            7.2328877925     H 
          -18.6114588127           -3.0442303142            2.7670274998     O 
          -17.7648928210           -2.2076459606            4.1738401083     H 
          -19.4695420453           -1.7133227512            1.8378606456     H 
          -15.9469612570           -6.2746895375            8.0955831279     O 
          -16.2934796057           -4.4766428554            8.1006836150     H 
          -15.9110056107           -6.7228082713            6.3179548942     H 
          -12.4826607455          -10.7738552781            4.7061189969     O 
          -13.4042697485           -9.2928571976            4.1471681476     H 
          -13.0521707824          -11.1448896538            6.3808714655     H 
           -3.8524613560           -8.6998755795          -10.8329618510     O 
           -4.2072295983           -7.4765874340          -12.1378411752     H 
           -5.4342786997           -9.6643519474          -10.5923726161     H 
           10.0522350843          -11.5569026065           -3.3839948636     O 
           10.5867434151          -10.1774693971           -4.5163082766     H 
           11.5330472207          -11.9119255682           -2.3901586302     H 
          -11.1402148609           -0.5372720655           -6.4457505642     O 
          -11.5769728336           -2.1902506241           -5.7740456296     H 
          -11.7501932904            0.7012564801           -5.2375912387     H 
           -3.3146800267          -14.4515193960           -2.7709466682     O 
           -2.7004101622          -14.4755787263           -1.0585662543     H 
           -1.8712631416          -14.5603171894           -3.8801016812     H 
           17.5044302909           -6.1859422788            4.4380078403     O 
           18.9194063299           -5.3345058164            3.6203087536     H 
           16.8825910244           -7.4390488873            3.2863503626     H 
            8.0781635541          -12.0161015095            5.7607025283     O 
            7.5452430189          -10.4486710835            6.5521244452     H 
            7.6782260972          -11.9060622433            3.9680842469     H 
           -4.1566117080          -12.4269620794            6.2472406671     O 
           -5.6647719235          -12.1527775353            7.2289796069     H 
           -2.7571059554          -12.0991161306            7.4029528489     H 
           -5.5103787912           -7.0430701848           -1.8334651750     O 
           -4.2701781600           -7.5908078248           -0.5927092888     H 
           -7.1599025141           -6.9086920033           -0.9769459345     H 
           -7.8305831700           -9.8909082378            9.4390879121     O 
           -6.3349689915           -8.9820893997           10.0349659364     H 
           -9.2365831389           -8.7978873873            9.8732391031     H 
           17.2353290865           -6.5007406322           -2.0390444610     O 
           16.1581237920           -7.8269152724           -1.3354472224     H 
           16.1936980244           -5.7345972516           -3.3531253236     H 
           10.3885211912            8.6114250172            6.3334782700     O 
           11.2357475707            7.1726103448            7.1440977551     H 
            8.8299913948            8.8884789753            7.2406132338     H 
          -14.2206570016            3.6969348932            7.0836407660     O 
          -15.5069473968            4.9369928751            6.5732475519     H 
          -12.9993900424            4.6317916968            8.0713691892     H 
           -5.8314609515            8.0742372448            2.1313154254     O 
           -6.0637672798            9.7157687600            2.9510470926     H 
           -6.7364126605            8.1607414627            0.5145381302     H 
          -20.6926540925           -1.3922244181           -4.1226605195     O 
          -20.6350307186           -3.1680402249           -3.5716818100     H 
          -21.6229014427           -0.5214143843           -2.8171780201     H 
          -14.8379613005           -6.4186801982            2.9103450213     O 
          -16.2740341057           -5.2906111716            2.6500028937     H 
          -13.4133796441           -5.3066554041            3.3530795382     H 
          -17.6974858137            0.6748821178           -7.9824189571     O 
          -16.7953542699           -0.7398888010           -8.7197420857     H 
          -18.9213572065           -0.0284870055           -6.8194084026     H 
           11.3028647195           -7.8128790595           -6.5512163293     O 
           12.2754582540           -6.4121705398           -5.8806159628     H 
            9.7113276725           -7.1219771656           -7.1036423379     H 
           -0.3957146494          -11.1976479331            9.4969237922     O 
            0.1926330347           -9.5250253059            8.8936428285     H 
           -1.2691485433          -10.8834540823           11.0506956215     H 
           -4.2966960073           -5.6990406685           -6.6783376052     O 
           -3.0286244356           -6.3381203563           -5.5215776341     H 
           -4.1573141654           -6.7387185203           -8.1969803617     H 
           -4.0509513255           13.1689949547           -0.4198747218     O 
           -4.1174699720           14.2745301888           -1.8651644526     H 
           -2.4231096160           13.4062336577            0.3607286498     H 
            7.3782356715            5.7080777385           -6.6260075214     O 
            7.7947771448            6.8266127666           -5.2315316405     H 
            5.6450627419            6.1127531758           -7.1477815770     H 
            2.5740681691           -5.8351095699          -11.3825626286     O 
            3.3875640344           -4.7663292646          -12.6145696773     H 
            0.9996026216           -4.9229986729          -10.9421229327     H 
           -0.9533194391          -13.8948172627            2.3677706865     O 
            0.5699393693          -13.9534823422            3.3864051762     H 
           -2.2784654989          -13.5605284065            3.5875693003     H 
           14.8463909443           -1.0869638820           -9.1776770196     O 
           13.4392521349           -2.0650963310           -9.8446758190     H 
           14.2967294632            0.6836623664           -9.3471916849     H 
           20.9549801898           -2.9822125818           -2.8685121058     O 
           19.9952506451           -4.5390474991           -2.9095031162     H 
           20.1046165315           -1.8522869762           -4.0453085584     H 
           -6.7611692993          -11.0837104737           -4.6241805430     O 
           -5.7353789186          -12.4857464100           -4.0325588505     H 
           -6.1287223364           -9.6074451005           -3.7039262126     H 
          -14.0951587659           11.1400785321            3.3512189723     O 
          -15.1899100356           12.5744152237            3.4862367716     H 
          -12.9801260132           11.2011283979            4.8804706368     H 
          -15.2274154003           -3.6864829360           -9.7692036903     O 
          -14.9108555148           -4.0433777251           -7.9446285060     H 
          -16.4769130157           -4.8760770846          -10.3095197577     H 
          -11.1313940416           -5.9313267414            9.5035078953     O 
          -12.9309548112           -6.2846957441            9.2027560508     H 
          -11.0930275521           -4.2568372573           10.2336947417     H 
          -17.5165807270            4.2302101137            0.7671617494     O 
          -17.5139502733            5.3305190274           -0.6973510007     H 
          -15.7849011314            3.6062097833            1.0180514323     H 
            5.5457628502           11.2751997750           -9.6394466263     O 
            7.0048166233           10.6636035258          -10.5397963784     H 
            6.1313232303           11.5541300337           -7.9301581905     H 
           17.0042229031            4.4265511354            9.2984092317     O 
           17.5944939981            2.6842064606            9.3309933811     H 
           17.7533868884            5.1848405822            7.8126615301     H 
            2.9034542274            7.2461848965           -8.2896350231     O 
            2.0814886577            7.6499633110           -6.6849700235     H 
            3.5934159898            8.8194142056           -8.9792275666     H 
           -7.2169591826            3.1643409594           11.5585335859     O 
           -5.9316764640            3.1761504183           10.2189624203     H 
           -6.3176628126            2.8908620240           13.1079673805     H 
           21.4685861547           -3.6965215860            2.2015265643     O 
           21.2827136693           -3.3532000553            0.3975098208     H 
           23.0306117239           -4.5843370573            2.3950785213     H 
           -9.1559811482           -5.1230741502           -5.1536019738     O 
           -7.3919892123           -5.6209378094           -5.3021046915     H 
          -10.1245286311           -6.6272834218           -4.7452353098     H 
          -11.5992606232           -9.7022721753           -5.0824781435     O 
          -12.0384814703          -10.4066395697           -6.6907612357     H 
          -10.0819511502          -10.5970903245           -4.5294015846     H 
           -6.0829085099           -0.8109450557           -7.4502164709     O 
           -7.8445161410           -0.8385488590           -6.9052780832     H 
           -5.4392498638           -2.5234352069           -7.2766835051     H 
           -1.4324456472           -3.0180539375          -10.4759164897     O 
           -1.0008259189           -1.7457797106          -11.7801689744     H 
           -3.0804592505           -3.6552342852          -11.0073533162     H 
            0.5481840968           -9.7323492563           -8.6118264572     O 
            1.6626782772           -8.8119613031           -9.7241762193     H 
           -1.1049343196           -9.6268474936           -9.4242618761     H 
           -5.4397423088            8.8597317411            8.4168338655     O 
           -5.7425582492           10.0642163061            7.0766261974     H 
           -7.0925097800            8.2823662355            8.9794616473     H 
          -17.6300938204            7.7134144971           -3.2084509463     O 
          -19.1008657445            8.6862708921           -3.6027871955     H 
          -17.0887509497            6.8958276694           -4.7858046984     H 
           12.4405417761           -9.1171549269            5.0679420745     O 
           11.0675878485          -10.3212138403            5.3227862409     H 
           12.9256624778           -8.5565732473            6.7294579896     H 
            6.7743577010          -11.5365868127            0.6942921612     O 
            7.8841588510          -11.6368523387           -0.7675357781     H 
            5.0493163425          -11.6799604342            0.0616516694     H 
           -5.9025980687           -4.3030979617          -12.5899628911     O 
           -6.1442573880           -2.5484698184          -13.0827946038     H 
           -7.4658219204           -4.7887126321          -11.7403622242     H 
           11.6492526569           11.5255859507           -6.6504009619     O 
           11.3388164684           10.4590511909           -8.1211135019     H 
           12.8268716895           10.6094253209           -5.5789987344     H 
           -0.3183874825            4.0067290953          -10.4796959973     O 
            0.9306410326            5.2108598803           -9.8746631310     H 
           -1.2483857003            3.4658261865           -8.9963202370     H 
            8.4012761021            2.6701825698          -11.4730970046     O 
            7.9350642573            4.3179607072          -12.0667580629     H 
            7.2220579469            2.2634786315          -10.0935750174     H 
          -21.2719051711            0.8954312812            0.5690583620     O 
          -22.5048229378            1.4557907768            1.7667830609     H 
          -19.8742452805            2.1210596404            0.6242223133     H 
           13.5143689878           -9.2987070822           -0.0697240959     O 
           13.1771426794           -9.4699303052            1.7185158147     H 
           12.2059717088           -8.1822831975           -0.7336528280     H 
           18.9605641820            0.3110145103           -6.4140538080     O 
           20.3576667359            0.5944051143           -7.5293341707     H 
           17.6081255969           -0.4027087761           -7.4381231578     H 
           -0.7119613889           11.6155549770           -7.9134613999     O 
           -1.8353503539           10.1120978498           -7.8956332234     H 
           -0.1440344918           11.8103465204           -9.6206930319     H 
            4.3298590812           -6.8391032483           12.4793362906     O 
            4.9496319834           -8.3950050233           13.1567267936     H 
            5.6740282173           -5.5776888478           12.7381307487     H 
            5.1969451155           10.5295345722            2.9890224448     O 
            5.6252449593           10.3295907923            4.7464459875     H 
            6.6755122359           11.1839351139            2.0910150406     H 
          -10.5314798856           -0.7629102819           10.1331665854     O 
          -10.2756942347            0.7277305172           11.1418618160     H 
           -9.7738700176           -0.3469912118            8.4843564321     H 
           -7.4081583780            8.2013435198          -11.3591888408     O 
           -6.2863912967            7.2106708909          -12.4819355962     H 
           -8.8534137578            7.1035066448          -11.0588686917     H 
           18.3441146265           -0.5807443024            8.8329293844     O 
           16.7699987208           -1.4994960091            8.3582548676     H 
           19.2209985620           -1.6241666299           10.0180851607     H 
           10.0502244974            8.0805126893          -10.1488002111     O 
            9.0859219166            7.1335963588           -8.8537310148     H 
           11.5354660578            7.0754208792          -10.4572390174     H 
           -8.2817832705          -10.4761883508           -9.5606940077     O 
           -7.7553020268          -10.7194461387           -7.8091798822     H 
           -9.0937310942           -8.8321352792           -9.6865993064     H 
          -10.1672743946           -5.5553649416           -9.9883933941     O 
          -11.8360037912           -4.9018362057          -10.3246084407     H 
           -9.8283393423           -5.1798133106           -8.1857038541     H 
           -1.8586567735           13.7772681366            5.4421941442     O 
           -1.2267982211           12.7454433511            6.8127891508     H 
           -0.6804613031           13.5980464308            4.0629247840     H 
          -11.1260822525           11.3503093102            7.2261863703     O 
          -10.9154933695            9.7231397489            8.0392515606     H 
           -9.4966217944           11.8615878165            6.5533288309     H 
           -6.6483847169           12.3476518371            4.6364491178     O 
           -5.0268223355           13.2289485782            4.7972236878     H 
           -7.5678405215           13.1349772373            3.2273609097     H 
            7.1768851377           11.0233454359           -4.5821975867     O 
            7.5702057328           10.8958574089           -2.7950592714     H 
            8.8489220312           11.3821787758           -5.3438852270     H 
          -10.0255686561            6.4956203500            8.9158886969     O 
           -9.2615265750            5.3289037413           10.1165685682     H 
           -9.5627156322            5.8500282261            7.2201066202     H 
            9.9409893721            6.9779627492           -2.3174018485     O 
            9.5333425478            6.5576894251           -0.5698186160     H 
           11.5624827136            7.8258296827           -2.3476350696     H 
           18.5738636757            0.5212465630            3.7940867684     O 
           17.8594892989           -0.8670852096            2.7738177852     H 
           18.9279763055           -0.1632915239            5.4566342906     H 
           -3.6129867568            8.7537687515           -2.7804302904     O 
           -4.1538188253            8.8127709137           -4.5398080964     H 
           -3.9294085417           10.3881836644           -1.9762982812     H 
          -10.7562010834           10.9601912735           -8.4742617829     O 
           -9.4134464074           10.6029595017           -9.6655851924     H 
          -11.8039941484            9.4758465696           -8.5112473964     H 
           14.6683567319            8.6746131510           -3.4379863916     O 
           15.6062383737            7.4172759037           -4.4368064393     H 
           15.8639732609            9.5261069520           -2.3828879463     H 
           10.8170719747           -0.6191955516           10.3571294371     O 
           10.2507705429           -1.0091661017            8.6430833955     H 
           11.6546264537            0.9867984350           10.2419378372     H 
          -15.5420003936           -1.2745580258            6.5117949197     O 
          -13.8838804239           -1.8781165763            5.9793570527     H 
          -15.2811909559            0.4350361036            7.1044180746     H 
            1.5643997883           -6.9001818659            8.0556185455     O 
            0.8982296125           -5.1861090637            8.0500566600     H 
            2.8137990967           -6.9164894835            9.3959967955     H 
          -11.1443991728          -11.6053743103           -0.2387038884     O 
           -9.3501284689          -11.9921774908           -0.1124687098     H 
          -11.8153465359          -11.8567208474            1.4428755622     H 
           -0.1612259482           -4.1258622481           13.0796334459     O 
            1.4700802718           -4.9561946473           13.1067372697     H 
           -1.3654958582           -5.3740719051           12.4808652074     H 
           18.6811504504            5.5162787462            4.3653553616     O 
           18.8316507246            3.6863028905            4.1346803003     H 
           20.1554433993            6.2536416166            3.6206606236     H 
            1.1901506461          -13.9385506686           -5.7340510860     O 
            2.7229910004          -14.7169991583           -6.2984660853     H 
            0.9583031247          -12.4665491412           -6.8322091830     H 
           -3.5852544202            4.0650197505            8.0491817923     O 
           -3.5140742954            3.3518423110            6.3473637762     H 
           -4.0723029463            5.8250317610            7.8704275650     H 
            6.9409839321            4.5190818400           13.8998797229     O 
            8.5232812806            4.3205640401           14.7491855676     H 
            7.2510244410            4.2502940920           12.0747266906     H 
           -2.8662795532            1.6336035128            3.7934968314     O 
           -1.1048608857            1.2656175274            3.4683898459     H 
           -3.4267099227            2.2146494168            2.1565995162     H 
            0.3190447562            1.2716391311           -0.0379335385     O 
            0.9326362296           -0.4151732286           -0.3189026304     H 
            1.3325019901            2.3448726762           -1.0870028516     H 
          -20.5819064986           -0.6774548282            1.1842167338     H 
$end
$set
 chrg  1
 ewin_conf 50.0 
$end
