           1           2  0.858178128017428     
           1           3  0.819490872341573     
           4           5  0.841361747309507     
           4           6  0.809198836879580     
           7           8  0.858232121101538     
           7           9  0.845917544674780     
          10          11  0.841474304952170     
          10          12  0.805164305431319     
          13          14  0.830574938142573     
          13          15  0.814784054815130     
          16          17  0.832246757484455     
          16          18  0.844586253534168     
          19          20  0.803318322683567     
          19          21  0.819180725763204     
          22          23  0.776100638000635     
          22          24  0.815090386038642     
          25          26  0.780223671950422     
          25          27  0.851283575630118     
          28          29  0.833295333388774     
          28          30  0.768901411965744     
          31          32  0.799283859106013     
          31          33  0.808731617491576     
          34          35  0.833006615761677     
          34          36  0.813927350208316     
          37          38  0.826061625402138     
          37          39  0.856388568180463     
          40          41  0.781404413869138     
          40          42  0.829252335860150     
          43          44  0.795826378357571     
          43          45  0.829723907834693     
          46          47  0.818026816591797     
          46          48  0.915901562152630     
          49          50  0.830180477464756     
          49          51  0.826690786948657     
          52          53  0.833721039484200     
          52          54  0.826173653194243     
          55          56  0.826872288739804     
          55          57  0.854025018191839     
          58          59  0.786759276369094     
          58          60  0.810655852076624     
          61          62  0.847621322875958     
          61          63  0.818940506228673     
          64          65  0.828456076902754     
          64          66  0.860305184828531     
          67          68  0.806814216581449     
          67          69  0.794169616216448     
          70          71  0.814721898959550     
          70          72  0.781711619523974     
          73          74  0.839668295267221     
          73          75  0.808455724975833     
          76          77  0.828035855916343     
          76          78  0.856816298330838     
          79          80  0.840063201689666     
          79          81  0.827271796083121     
          82          83  0.859546231933634     
          82          84  0.816502458050826     
          85          86  0.773457407148148     
          85          87  0.842361582204363     
          88          89  0.778963884458608     
          88          90  0.903389813075100     
          91          92  0.839074594350430     
          91          93  0.808483290956028     
          94          95  0.848920690508262     
          94          96  0.832837810174533     
          97          98  0.834972819459077     
          97          99  0.834285599176966     
         100         101  0.834645934008282     
         100         102  0.828023783255385     
         103         104  0.817767173438589     
         103         105  0.853789920053370     
         106         107  0.871839632713753     
         106         108  0.864774266787942     
         109         110  0.832602771383622     
         109         111  0.813840456380218     
         112         113  0.827501355906973     
         112         114  0.803606409587107     
         115         116  0.789342209849296     
         115         117  0.828973250636748     
         118         119  0.802722664106117     
         118         120  0.801147673547222     
         121         122  0.824880819348956     
         121         123  0.794820353809536     
         124         125  0.856058945157567     
         124         126  0.819221365725958     
         127         128  0.830154837589390     
         127         129  0.869865520933279     
         130         131  0.842169627573356     
         130         132  0.828508896778751     
         133         134  0.830426171387858     
         133         135  0.784247116296602     
         136         137  0.844600761982693     
         136         138  0.814358677662944     
         139         140  0.807407835613776     
         139         141  0.904157411372040     
         142         143  0.844701941558679     
         142         144  0.813772930688952     
         145         146  0.855813925981634     
         145         147  0.871718708373253     
         148         149  0.847336101078331     
         148         150  0.848235308652088     
         151         152  0.816041333798449     
         151         153  0.812803539397864     
         154         155  0.877043640763213     
         154         156  0.822253533927054     
         157         158  0.811723628181316     
         157         159  0.854538730747251     
         160         161  0.827042230956645     
         160         162  0.812160361594430     
         163         164  0.818168983595210     
         163         165  0.804624379971905     
         166         167  0.802268241702103     
         166         168  0.829241577727929     
         169         170  0.865490255112643     
         169         171  0.840593044465794     
         172         173  0.839874059486103     
         172         174  0.858664629120897     
         175         176  0.836638679502852     
         175         177  0.818853728690090     
         178         179  0.778088597431635     
         178         180  0.913654661359690     
         181         182  0.809177708933714     
         181         183  0.823100435143884     
         184         185  0.827599504296073     
         184         186  0.838652610898277     
         187         188  0.879058249971608     
         187         189  0.853045160858862     
         190         191  0.849764407177505     
         190         192  0.847174761602200     
         193         194  0.823409199597616     
         193         195  0.849501289312057     
         196         197  0.835945446111841     
         196         198  0.840949863131928     
         199         200  0.826251661704030     
         199         201  0.808104631262933     
         202         203  0.848751380410571     
         202         204  0.868008559202443     
         205         206  0.883225047737755     
         205         207  0.815206073977073     
         208         209  0.812740414909351     
         208         210  0.825607050592409     
         211         212  0.783109488508680     
         211         213  0.882491678196414     
         214         215  0.818218318580868     
         214         216  0.837813301162807     
         217         218  0.855039388497346     
         217         219  0.801170807338426     
         220         221  0.806940489601835     
         220         222  0.905332097774519     
         223         224  0.790913511635412     
         223         225  0.894127025832144     
         226         227  0.860373831847384     
         226         228  0.828038748834798     
         229         230  0.803865328968977     
         229         231  0.834978601790767     
         232         233  0.880381480015501     
         232         234  0.853501236982352     
         235         236  0.822928495016115     
         235         237  0.804668031932744     
         238         239  0.797464882997335     
         238         240  0.809251159726805     
         241         242  0.843034649679059     
         241         243  0.769950377885439     
         244         245  0.820857063461293     
         244         246  0.784243476313380     
         247         248  0.834219865037597     
         247         249  0.827598736530408     
         250         251  0.806404322397978     
         250         252  0.815219634654275     
         253         254  0.818670481504218     
         253         255  0.796523858778218     
         256         257  0.853953430362967     
         256         258  0.825389032000048     
         259         260  0.810320608321874     
         259         261  0.853300403382494     
         262         263  0.889826168266162     
         262         264  0.851097180566517     
         265         266  0.821118630678202     
         265         267  0.866979318654527     
         268         269  0.801549736702652     
         268         270  0.847978752340668     
         271         272  0.826648085565545     
         271         273  0.843336316451760     
         274         275  0.833380064514897     
         274         276  0.800440772953764     
         277         278  0.848766477074966     
         277         279  0.865910259348518     
         280         281  0.837599024379881     
         280         282  0.841204861240537     
         283         284  0.866934248129550     
         283         285  0.855888122617877     
         286         287  0.851099719838754     
         286         288  0.909695512504894     
         289         290  0.862962941162650     
         289         291  0.799826208714006     
         292         293  0.805437081465950     
         292         294  0.884492445351725     
         295         296  0.825893219235929     
         295         297  0.825172927288655     
         298         299  0.878884198022815     
         298         300  0.873461978069198     
         301         302  0.837976875242928     
         301         303  0.893724612757000     
         304         305  0.843938929927225     
         304         306  0.840753650627151     
         307         308  0.876159663700399     
         307         309  0.834368015652651     
         310         311  0.818308082708423     
         310         312  0.794938909459743     
         313         314  0.833804220031487     
         313         315  0.856570177722250     
         316         317  0.823295064119500     
         316         318  0.834283763211490     
         319         320  0.820898671395323     
         319         321  0.861218868820839     
         322         323  0.821026819950123     
         322         324  0.854938641241075     
         325         326  0.818626238273374     
         325         327  0.802672820389696     
         328         329  0.817404439883146     
         328         330  0.875337733316637     
         331         332  0.823744297259259     
         331         333  0.797814117601041     
         334         335  0.849071962393995     
         334         336  0.861937418709974     
         337         338  0.849128662067270     
         337         339  0.866265415079875     
         340         341  0.779551367437919     
         340         342  0.903804281377271     
         343         344  0.833538148230794     
         343         345  0.827149509130014     
         346         347  0.877357889263999     
         346         348  0.865278634788042     
         349         350  0.843695076238241     
         349         351  0.807589163850818     
         352         353  0.872265530605710     
         352         354  0.788385976917653     
         355         356  0.853380761097746     
         355         357  0.845903208106567     
         358         359  0.840017581134204     
         358         360  0.809998661260473     
         361         362  0.860178849883203     
         361         363  0.839449286827020     
         364         365  0.843555185937099     
         364         366  0.807015396985947     
         367         368  0.910048892159033     
         367         369  0.764810484699826     
         370         371  0.773411104803294     
         370         372  0.919226852409449     
         373         374  0.821915031197498     
         373         375  0.859470186699949     
         376         377  0.850220637842725     
         376         378  0.802903461305089     
         379         380  0.887693802850092     
         379         381  0.856734687182938     
         382         383  0.849065005050912     
         382         384  0.869707979749218     
         385         386  0.810802019483658     
         385         387  0.823363135612380     
         388         389  0.807913222007451     
         388         390  0.895042134748328     
         391         392  0.827420195036504     
         391         393  0.919746571670925     
         394         395  0.819541415031372     
         394         396  0.841442897679892     
         397         398  0.903103672771382     
         397         399  0.823638355178967     
         400         401  0.824170646281024     
         400         402  0.825747119269361     
         403         404  0.792022420061715     
         403         405  0.820839060425757     
         406         407  0.856191355522088     
         406         408  0.827357816710557     
         409         410  0.850342326712237     
         409         411  0.834832451253332     
         412         413  0.908554538689820     
         412         414  0.809778099896499     
         415         416  0.836188722034669     
         415         417  0.875378466056093     
         418         419  0.842382086093461     
         418         420  0.828720759905145     
         421         422  0.843429454577047     
         421         423  0.836254284155507     
         424         425  0.843662061889690     
         424         426  0.851238664209189     
         427         428  0.828821643855829     
         427         429  0.832302411226140     
         430         431  0.898254424581458     
         430         432  0.794612180979990     
         433         434  0.915734400473177     
         433         435  0.808328539649208     
         436         437  0.855989250614541     
         436         438  0.828845267086277     
         439         440  0.914666918502237     
         439         441  0.833208560384382     
         442         443  0.779946923897500     
         442         444  0.907055419176328     
         445         446  0.913154654798394     
         445         447  0.804040087036584     
         448         449  0.864513656810610     
         448         450  0.823231082346035     
         451         452  0.883781784867635     
         451         453  0.800916049384440     
         454         455  0.795370657184731     
         454         456  0.845714132577535     
         457         458  0.775797589819735     
         457         459  0.914538711990061     
         460         461  0.788219054990212     
         460         462  0.886528746858980     
         463         464  0.834350187592246     
         463         465  0.851754464759659     
         466         467  0.867822808577192     
         466         468  0.782115712828719     
         469         470  0.863475224498744     
         469         471  0.865566552673915     
         369         472  0.105451758748101     
         472         473  0.852180994995955     
         472         474  0.846859983532801     
         475         476  0.819785114218994     
         475         477  0.811611622946528     
         478         479  0.841535105042985     
         478         480  0.796512559546050     
         481         482  0.834157619097998     
         481         483  0.784600191406872     
         484         485  0.813479918661574     
         484         486  0.852246099657331     
         487         488  0.779359655248423     
         487         489  0.846952577360485     
         490         491  0.824605192666079     
         490         492  0.810561713274870     
         493         494  0.859746126335525     
         493         495  0.888053946418141     
         496         497  0.811357215686029     
         496         498  0.907592535926488     
         499         500  0.812531532572731     
         499         501  0.881750792425674     
         502         503  0.829291609309516     
         502         504  0.853028825114598     
         505         506  0.811344677041022     
         505         507  0.847165318604736     
         508         509  0.842870576026322     
         508         510  0.866155720709535     
         511         512  0.855663663711911     
         511         513  0.855664063919791     
         514         515  0.816938421190789     
         514         516  0.908660483220831     
         517         518  0.906019558680221     
         517         519  0.819531252818422     
         520         521  0.781407171057033     
         520         522  0.849422983642326     
         523         524  0.915796016412807     
         523         525  0.788559068817622     
         526         527  0.857315132792451     
         526         528  0.865901291998047     
         529         530  0.868210706600510     
         529         531  0.879191116236999     
