           2           3   1.01525545583065     
           1           4   1.05744019252426     
           1           5  0.931240496499081     
           2           6  0.960533741371987     
           3           7  0.977312519863711     
           4           8  0.960935502699471     
           1           9  0.955937192703797     
           2          10  0.961703464069865     
           3          11  0.982819737571832     
           3          12  0.967893266100300     
           1          13  0.922346099951757     
           2          13  0.957403596099319     
           4          14   1.15733266428746     
          14          15  0.920864356051656     
          14          16  0.891267915155577     
          17          18  0.794741497421957     
          17          19  0.914973238936497     
          20          21  0.918095861354578     
          20          22  0.804088525699314     
          23          24  0.832754965648512     
          23          25  0.784016241572832     
          26          27  0.842078389300003     
          26          28  0.863374450327937     
          29          30  0.860483942301552     
          29          31  0.856676204823194     
          32          33  0.847505573913250     
          32          34  0.824743519518614     
          35          36  0.848618666260229     
          35          37  0.830642860193572     
          38          39  0.874494816259025     
          38          40  0.868512232861260     
          41          42  0.918601589672517     
          41          43  0.840738234222532     
          44          45  0.778431747221918     
          44          46  0.915049228894859     
          47          48  0.822756169841802     
          47          49  0.916703952788527     
          50          51  0.802589673847682     
          50          52  0.911678156816701     
          53          54  0.838534821752900     
          53          55  0.860093782477934     
          56          57  0.854902809645210     
          56          58  0.840715882838876     
          59          60  0.858495905098836     
          59          61  0.817579080777278     
          62          63  0.868384935695452     
          62          64  0.854557601051712     
          65          66  0.862062569285274     
          65          67  0.843774407042194     
          68          69  0.880360563412327     
          68          70  0.879156651097349     
          71          72  0.838018112837792     
          71          73  0.881552900400351     
          74          75  0.857310413476772     
          74          76  0.848991028242225     
          77          78  0.806610505602215     
          77          79  0.917474607120986     
          80          81  0.853890859533379     
          80          82  0.899414202078757     
          83          84  0.816375283331988     
          83          85  0.920032202271720     
          86          87  0.782274398566784     
          86          88  0.911925562903135     
          89          90  0.871423272928466     
          89          91  0.878752378501084     
