   #   Energy       Run. Aver.   Diff / au.
    1   -5.93513895  -0.00945824  -0.00945824
    2  -10.44732763  -0.01778268  -0.00832444
    3  -12.84978077  -0.02145574  -0.00367306
    4  -18.59855137  -0.02441974  -0.00296400
    5  -17.41712834  -0.02567978  -0.00126004
    6  -20.33529161  -0.02701088  -0.00133110
    7  -22.86002837  -0.02854660  -0.00153571
    8  -20.66104384  -0.02928592  -0.00073932
    9  -20.56786216  -0.02975596  -0.00047004
   10  -19.25119299  -0.02989524  -0.00013928
   11  -22.19503846  -0.03040561  -0.00051037
   12  -24.84660583  -0.03121397  -0.00080836
   13  -24.27316288  -0.03185060  -0.00063663
   14  -25.21524698  -0.03249125  -0.00064065
   15  -28.24270637  -0.03336838  -0.00087713
   16  -27.17746083  -0.03404456  -0.00067617
   17  -29.29893180  -0.03482823  -0.00078367
   18  -34.66042631  -0.03600547  -0.00117724
   19  -37.77014192  -0.03734033  -0.00133486
   20  -37.23429527  -0.03850689  -0.00116656
   21  -37.48559208  -0.03957340  -0.00106651
   22  -37.71327558  -0.04055490  -0.00098150
   23  -39.47765619  -0.04156961  -0.00101471
   24  -37.83477815  -0.04239205  -0.00082244
   25  -38.78077368  -0.04320131  -0.00080926
   26  -38.63524524  -0.04393889  -0.00073758
   27  -39.08645269  -0.04464581  -0.00070692
   28  -38.62281404  -0.04527476  -0.00062895
   29  -38.44074336  -0.04584764  -0.00057288
   30  -40.36240309  -0.04648253  -0.00063489
   31  -41.14572009  -0.04711873  -0.00063620
   32  -40.59397473  -0.04768773  -0.00056900
   33  -43.76675514  -0.04837343  -0.00068570
   34  -43.39921634  -0.04900500  -0.00063157
   35  -43.17314789  -0.04958864  -0.00058364
   36  -42.29104847  -0.05009947  -0.00051084
   37  -41.58115834  -0.05055015  -0.00045068
   38  -41.86735086  -0.05098753  -0.00043738
   39  -41.96409680  -0.05140609  -0.00041856
   40  -42.47534587  -0.05182362  -0.00041753
   41  -42.91341900  -0.05223779  -0.00041417
   42  -41.81398099  -0.05259044  -0.00035265
   43  -43.87343815  -0.05300158  -0.00041114
   44  -43.34062373  -0.05337606  -0.00037448
   45  -43.07749197  -0.05372376  -0.00034771
   46  -42.98619506  -0.05405261  -0.00032884
   47  -43.83975182  -0.05439600  -0.00034339
   48  -47.06619251  -0.05483250  -0.00043650
   49  -47.42327753  -0.05526470  -0.00043220
   50  -46.59244951  -0.05565305  -0.00038835
   51  -46.66892628  -0.05602769  -0.00037465
   52  -46.87758636  -0.05639406  -0.00036637
   53  -45.47093629  -0.05670415  -0.00031009
   54  -46.29327924  -0.05702598  -0.00032183
   55  -45.28764607  -0.05730719  -0.00028121
   56  -44.48453209  -0.05755477  -0.00024758
   57  -43.78935335  -0.05777364  -0.00021887
   58  -44.07115264  -0.05799221  -0.00021857
   59  -44.46404652  -0.05821398  -0.00022177
   60  -44.23400857  -0.05842230  -0.00020832
   61  -44.63994330  -0.05863417  -0.00021187
   62  -43.96202746  -0.05882184  -0.00018767
   63  -43.76423157  -0.05899817  -0.00017633
   64  -44.44803943  -0.05918584  -0.00018767
   65  -45.04163111  -0.05938246  -0.00019662
   66  -43.60429529  -0.05953855  -0.00015609
   67  -43.58779438  -0.05968898  -0.00015043
   68  -44.58688244  -0.05985832  -0.00016934
   69  -44.53035014  -0.06002172  -0.00016340
   70  -45.27440105  -0.06019731  -0.00017559
   71  -45.26687767  -0.06036795  -0.00017064
   72  -45.88900102  -0.06054756  -0.00017960
   73  -45.62213271  -0.06071654  -0.00016898
   74  -45.27712975  -0.06087337  -0.00015684
   75  -45.07877159  -0.06102166  -0.00014828
   76  -44.69708974  -0.06115792  -0.00013626
   77  -44.30601226  -0.06128239  -0.00012447
   78  -44.26166976  -0.06140262  -0.00012022
   79  -43.63642318  -0.06150713  -0.00010451
   80  -43.35277466  -0.06160319  -0.00009606
   81  -43.14912064  -0.06169276  -0.00008957
   82  -43.14303140  -0.06177995  -0.00008719
   83  -42.85209905  -0.06185942  -0.00007947
   84  -42.70021654  -0.06193403  -0.00007461
   85  -43.15359677  -0.06201533  -0.00008130
   86  -43.38408888  -0.06209908  -0.00008375
   87  -43.33621870  -0.06218007  -0.00008098
   88  -41.82619330  -0.06223183  -0.00005176
   89  -41.33897621  -0.06227338  -0.00004155
   90  -42.07485109  -0.06232692  -0.00005354
   91  -42.01718974  -0.06237840  -0.00005149
   92  -41.23827616  -0.06241526  -0.00003685
   93  -41.23453066  -0.06245110  -0.00003584
   94  -40.79292606  -0.06247867  -0.00002758
   95  -41.03693960  -0.06250968  -0.00003100
   96  -41.21777923  -0.06254308  -0.00003340
   97  -41.05174385  -0.06257308  -0.00003000
   98  -40.96138753  -0.06260097  -0.00002789
   99  -41.21263176  -0.06263232  -0.00003135
  100  -41.74051976  -0.06267148  -0.00003917
  101  -41.32939349  -0.06270347  -0.00003198
  102  -40.57005613  -0.06272289  -0.00001942
  103  -40.81660128  -0.06274562  -0.00002274
  104  -40.72500602  -0.06276655  -0.00002093
  105  -40.69062604  -0.06278654  -0.00001999
  106  -39.59149171  -0.06278962  -0.00000308
  107  -39.56973416  -0.06279216  -0.00000254
  108  -39.43011348  -0.06279259  -0.00000043
  109  -39.74655778  -0.06279762  -0.00000503
  110  -40.16103627  -0.06280860  -0.00001098
  111  -40.45437186  -0.06282365  -0.00001505
  112  -40.42185560  -0.06283801  -0.00001435
  113  -40.63040993  -0.06285504  -0.00001704
  114  -41.36615908  -0.06288209  -0.00002705
  115  -41.53859305  -0.06291114  -0.00002905
  116  -41.37846409  -0.06293751  -0.00002637
  117  -41.77126353  -0.06296875  -0.00003124
  118  -41.03320219  -0.06298954  -0.00002079
  119  -41.54949493  -0.06301681  -0.00002727
  120  -41.46894679  -0.06304260  -0.00002580
  121  -40.89457324  -0.06306039  -0.00001779
  122  -41.07898584  -0.06308024  -0.00001984
  123  -40.68227881  -0.06309463  -0.00001440
  124  -40.91895314  -0.06311180  -0.00001716
  125  -40.97724469  -0.06312945  -0.00001765
  126  -40.88083798  -0.06314561  -0.00001616
  127  -40.71790747  -0.06315946  -0.00001385
  128  -40.27680929  -0.06316758  -0.00000812
  129  -40.53760089  -0.06317875  -0.00001117
  130  -40.60965584  -0.06319066  -0.00001191
  131  -40.54666163  -0.06320163  -0.00001097
  132  -40.28504533  -0.06320926  -0.00000763
  133  -39.46951506  -0.06320698   0.00000228
  134  -38.97019112  -0.06319873   0.00000826
  135  -39.18205006  -0.06319305   0.00000568
  136  -39.76015910  -0.06319425  -0.00000120
  137  -39.91685888  -0.06319730  -0.00000305
  138  -39.95679741  -0.06320079  -0.00000349
  139  -40.36869920  -0.06320895  -0.00000816
  140  -40.24521177  -0.06321562  -0.00000667
  141  -39.73312746  -0.06321640  -0.00000078
  142  -39.60875787  -0.06321573   0.00000067
  143  -39.02218585  -0.06320852   0.00000721
  144  -38.20669097  -0.06319235   0.00001618
  145  -38.19342171  -0.06317618   0.00001616
  146  -37.87505752  -0.06315677   0.00001942
  147  -38.07662301  -0.06313978   0.00001699
  148  -38.09498810  -0.06312324   0.00001654
  149  -37.16812883  -0.06309700   0.00002623
  150  -36.91290233  -0.06306835   0.00002866
