           1           2  0.879918521053863     
           1           3  0.843011686407523     
           4           5  0.803709975259429     
           4           6  0.820507952088203     
           7           8  0.824510799993109     
           7           9  0.845620760577182     
          10          11  0.823621152388247     
          10          12  0.853331941456130     
          13          14  0.845171844404530     
          13          15  0.835624756883140     
          16          17  0.812789985232290     
          16          18  0.845187028707746     
          19          20  0.819411045927058     
          19          21  0.827502067690618     
          22          23  0.824575395463746     
          22          24  0.813983216111899     
          25          26  0.782433902519869     
          25          27  0.831925707426296     
          28          29  0.840421962340517     
          28          30  0.754759731768491     
          31          32  0.832428377984155     
          31          33  0.815533072442386     
          34          35  0.821459887957954     
          34          36  0.805076349037315     
          37          38  0.803713818439065     
          37          39  0.820830897035539     
          40          41  0.799644488047498     
          40          42  0.821122610874924     
          43          44  0.810471807805952     
          43          45  0.837577939020146     
          46          47  0.856354172179470     
          46          48  0.816769468959396     
          49          50  0.823506826828394     
          49          51  0.813721240518694     
          52          53  0.806065859449526     
          52          54  0.896223080740939     
          55          56  0.833419428603466     
          55          57  0.808181203948599     
          58          59  0.832687520573357     
          58          60  0.844507831238758     
          61          62  0.842917168704305     
          61          63  0.817180591896593     
          64          65  0.825464530159626     
          64          66  0.816830584199655     
          67          68  0.845479046158553     
          67          69  0.849893439534517     
          70          71  0.843893217631540     
          70          72  0.813662889805568     
          73          74  0.829394519598212     
          73          75  0.847863416785989     
          76          77  0.794838070956953     
          76          78  0.848023409095536     
          79          80  0.814052795924596     
          79          81  0.832838644995486     
          82          83  0.798345734048855     
          82          84  0.860415036939826     
          85          86  0.810644629831224     
          85          87  0.825858289016176     
          88          89  0.841922430503643     
          88          90  0.808642605002602     
          91          92  0.794448181005284     
          91          93  0.847129184470732     
          94          95  0.805467774368832     
          94          96  0.826668635135123     
          97          98  0.816590454014906     
          97          99  0.818025803297282     
         100         101  0.821294897089973     
         100         102  0.810966997834168     
         103         104  0.802149600893572     
         103         105  0.806105255997675     
         106         107  0.801616440496078     
         106         108  0.843033636536302     
         109         110  0.822604887635756     
         109         111  0.791306739406699     
         112         113  0.799766517101520     
         112         114  0.809020510008528     
         115         116  0.831308345768581     
         115         117  0.870723086633914     
         118         119  0.831910849580587     
         118         120  0.844780645977188     
         121         122  0.817292418619211     
         121         123  0.829065112355524     
         124         125  0.843308184684130     
         124         126  0.811023336579624     
         127         128  0.851959324275658     
         127         129  0.870875271267607     
         130         131  0.811372504197157     
         130         132  0.805136215688192     
         133         134  0.810123523606802     
         133         135  0.821870498847387     
         136         137  0.789936430210131     
         136         138  0.877807087612501     
         139         140  0.848761880432292     
         139         141  0.804702063951995     
         142         143  0.867477627278794     
         142         144  0.837537877486614     
         145         146  0.846663430062239     
         145         147  0.909091537774285     
         148         149  0.811354907174044     
         148         150  0.824177884654736     
         151         152  0.828103293806972     
         151         153  0.878417080603857     
         154         155  0.816503814224188     
         154         156  0.911799651875280     
         157         158  0.801965556080310     
         157         159  0.846464737037318     
         160         161  0.817690886837220     
         160         162  0.853997929058235     
         163         164  0.842098595818686     
         163         165  0.821902755635477     
         166         167  0.844610595989696     
         166         168  0.824366739877406     
         169         170  0.831122410126536     
         169         171  0.777823922944338     
         172         173  0.782768232491164     
         172         174  0.837544750354419     
         175         176  0.835637935787637     
         175         177  0.801270081245279     
         178         179  0.837431638198777     
         178         180  0.869190521769336     
         181         182  0.758444551453273     
         181         183  0.823564262459400     
         184         185  0.885039246953489     
         184         186  0.824885327408637     
         187         188  0.873594580698312     
         187         189  0.852194588225477     
         190         191  0.840781301278222     
         190         192  0.816847485438664     
         193         194  0.858717299474823     
         193         195  0.831662135215594     
         196         197  0.835044995547973     
         196         198  0.802681216565446     
         199         200  0.828082984466880     
         199         201  0.792435863973669     
         202         203  0.839889505796486     
         202         204  0.836557047393638     
         205         206  0.786261612204598     
         205         207  0.808385053585147     
         208         209  0.769888193271923     
         208         210  0.863099472671044     
         211         212  0.822301961159360     
         211         213  0.825411813447671     
         214         215  0.830006481269685     
         214         216  0.793610750133123     
         217         218  0.839067335049134     
         217         219  0.817078270182666     
         220         221  0.836898890895178     
         220         222  0.811164959714797     
         223         224  0.899662435377982     
         223         225  0.776204356144590     
         226         227  0.795160111034846     
         226         228  0.871878442084442     
         229         230  0.795286188422134     
         229         231  0.814923411594190     
         232         233  0.874420141844315     
         232         234  0.867786642327827     
         235         236  0.826253504674581     
         235         237  0.822092114163494     
         238         239  0.884704751757245     
         238         240  0.808524920487229     
         241         242  0.862235608908330     
         241         243  0.875152935961139     
         244         245  0.793643442454286     
         244         246  0.817937103837151     
         247         248  0.809806882375428     
         247         249  0.798439592918911     
         250         251  0.891256114182139     
         250         252  0.843803293503064     
         253         254  0.838883591821151     
         253         255  0.836124626844378     
         256         257  0.865983544899743     
         256         258  0.835482616420317     
         259         260  0.848437023390758     
         259         261  0.895158197030557     
         262         263  0.794372392499142     
         262         264  0.818494948339702     
         265         266  0.872356701362185     
         265         267  0.786924909348529     
         268         269  0.819195819635014     
         268         270  0.880400900970653     
         271         272  0.818204453828545     
         271         273  0.828585395639473     
         274         275  0.861489852057138     
         274         276  0.808746838651033     
         277         278  0.813578178606078     
         277         279  0.818159764354318     
         280         281  0.830152191969576     
         280         282  0.834112224501246     
         283         284  0.898091358688776     
         283         285  0.791041078532823     
         286         287  0.851701328859460     
         286         288  0.835215589987537     
         289         290  0.904304881639531     
         289         291  0.797665004118420     
         292         293  0.784433230210916     
         292         294  0.871143513965791     
         295         296  0.911566714079367     
         295         297  0.775041435134499     
         298         299  0.836858095060821     
         298         300  0.788176967307367     
         301         302  0.813561790000484     
         301         303  0.812007323416697     
         304         305  0.834594091825265     
         304         306  0.880670202342578     
         307         308  0.805106099218650     
         307         309  0.848565480918719     
         310         311  0.817516797769900     
         310         312  0.800897475354003     
         313         314  0.823941205797207     
         313         315  0.824423701572136     
         316         317  0.826709077243161     
         316         318  0.863537505840916     
         319         320  0.861040944156222     
         319         321  0.849081461926039     
         322         323  0.844007616561079     
         322         324  0.815142293138349     
         325         326  0.868712389380054     
         325         327  0.815251851867860     
         328         329  0.861300796804938     
         328         330  0.823199927593453     
         331         332  0.845757491488244     
         331         333  0.882048786163983     
         334         335  0.839079846086300     
         334         336  0.788533561047735     
         337         338  0.827240639668765     
         337         339  0.808270240142809     
         340         341  0.816474854349969     
         340         342  0.913792395376823     
         343         344  0.854325450788867     
         343         345  0.857040801053215     
         346         347  0.829387647318291     
         346         348  0.818361189859159     
         349         350  0.825898535549307     
         349         351  0.814357752829158     
         352         353  0.811454367282435     
         352         354  0.901003626562964     
         355         356  0.796775972472611     
         355         357  0.840287995573906     
         358         359  0.882481407346452     
         358         360  0.818595728199591     
         361         362  0.859323121028970     
         361         363  0.841067469893726     
         364         365  0.793249097591146     
         364         366  0.794269798998786     
         367         368  0.803978936236168     
         367         369  0.827696103691492     
         370         371  0.814857620980971     
         370         372  0.820904824600328     
         373         374  0.822467632763426     
         373         375  0.806877759179802     
         376         377  0.819350597777424     
         376         378  0.853821464778613     
         379         380  0.817073136461155     
         379         381  0.844553763988192     
         382         383  0.822488632331015     
         382         384  0.832813100012989     
         385         386  0.890041913521556     
         385         387  0.804867780079204     
         388         389  0.798781232746041     
         388         390  0.858710912453286     
         391         392  0.914651749294891     
         391         393  0.808670138813257     
         394         395  0.853688459446095     
         394         396  0.857891690156036     
         397         398  0.854037149231872     
         397         399  0.842294373024103     
         400         401  0.807912471983679     
         400         402  0.880925482936305     
         403         404  0.808194869285848     
         403         405  0.825065985877728     
         406         407  0.819146267252518     
         406         408  0.827174995188174     
         409         410  0.820327200619180     
         409         411  0.775445883454295     
         412         413  0.796907304551109     
         412         414  0.824342971128179     
         415         416  0.808785965896819     
         415         417  0.874304493015888     
         418         419  0.860987567159883     
         418         420  0.801911292141596     
         298         422  0.106677300450617     
         421         422  0.760563753963671     
         421         423  0.820353377203430     
         424         425  0.831585652418674     
         424         426  0.812722021066020     
         427         428  0.822750046816010     
         427         429  0.820496549678807     
         430         431  0.817036205284799     
         430         432  0.812526729293777     
         433         434  0.863210142961351     
         433         435  0.835690631949437     
         436         437  0.871384588133895     
         436         438  0.808483414584126     
         439         440  0.897544249513779     
         439         441  0.793619954139172     
         442         443  0.813617577221168     
         442         444  0.786208361436644     
         445         446  0.876263966587059     
         445         447  0.795451591015345     
         448         449  0.786073450454574     
         448         450  0.889730504712754     
         451         452  0.796603946251346     
         451         453  0.885275665390076     
         454         455  0.802334724095043     
         454         456  0.839146358301234     
         457         458  0.818326598907379     
         457         459  0.829994275619644     
         460         461  0.783368409340588     
         460         462  0.824415601533049     
         463         464  0.840134187418498     
         463         465  0.850973146166065     
         466         467  0.814671594109122     
         466         468  0.854343134702124     
         469         470  0.856910398216882     
         469         471  0.884888951043639     
         472         473  0.862110908224481     
         472         474  0.845991928737386     
         475         476  0.803507852959071     
         475         477  0.850816109693130     
         478         479  0.866955680229496     
         478         480  0.860588848291651     
         481         482  0.832503653687165     
         481         483  0.839861573388054     
         484         485  0.889388820061773     
         484         486  0.789862828183756     
         487         488  0.834978539060135     
         487         489  0.888753297739711     
         490         491  0.884966582890237     
         490         492  0.787548108747387     
         493         494  0.816659429123052     
         493         495  0.848488791464719     
         496         497  0.897655673046706     
         496         498  0.858646180776656     
         499         500  0.889994685507470     
         499         501  0.789991677847004     
         502         503  0.848975652521912     
         502         504  0.831906942704093     
         505         506  0.806165775292977     
         505         507  0.843321686597983     
         508         509  0.763751582910268     
         508         510  0.848928650973439     
         511         512  0.824156890932591     
         511         513  0.884224614675718     
         514         515  0.877049744666079     
         514         516  0.869227140662249     
         517         518  0.864172939035173     
         517         519  0.835953854568010     
         520         521  0.798778023195672     
         520         522  0.859676341306973     
         523         524  0.791132050842258     
         523         525  0.831543787550668     
         526         527  0.794108784867136     
         526         528  0.862918701160940     
         529         530  0.860809051616178     
         529         531  0.814526416523895     
         532         533  0.853713506197896     
         532         534  0.859186302623129     
         535         536  0.831476132289043     
         535         537  0.861350011657762     
         538         539  0.887030942607499     
         538         540  0.821347675309041     
         541         542  0.874050658044517     
         541         543  0.829281590319674     
         544         545  0.836919567258530     
         544         546  0.831792688251055     
         547         548  0.854873458549778     
         547         549  0.851763230384458     
         550         551  0.868042689648880     
         550         552  0.841954263554400     
         553         554  0.901236349588601     
         553         555  0.830968291302393     
         556         557  0.814138858267353     
         556         558  0.799894540828932     
         559         560  0.892242859411301     
         559         561  0.789258054041078     
         562         563  0.826528311295959     
         562         564  0.786232098503542     
         565         566  0.838569063010606     
         565         567  0.828756525715564     
         568         569  0.863630869517316     
         568         570  0.853696307291885     
         571         572  0.798291103056499     
         571         573  0.779299127346536     
         574         575  0.857114693602792     
         574         576  0.828730307882186     
         577         578  0.853612209777049     
         577         579  0.869973792999325     
         580         581  0.843250529558062     
         580         582  0.853624872654462     
         583         584  0.824931137827425     
         583         585  0.912498172317845     
         586         587  0.901959643539672     
         172         588  0.117219297738136     
         586         588  0.738223204824449     
         589         590  0.813769188656310     
         589         591  0.786649834990963     
         592         593  0.890317606383023     
         592         594  0.768022634906128     
         595         596  0.832584029770663     
         595         597  0.854721714746201     
         598         599  0.805407887509746     
         598         600  0.820090857204185     
         601         602  0.812762437137808     
         601         603  0.801676708344092     
         604         605  0.835098563301406     
         604         606  0.867602407137993     
         607         608  0.873550671820871     
         607         609  0.843528556864784     
         610         611  0.912774052892068     
         610         612  0.817230620291476     
         613         614  0.853730835774711     
         613         615  0.826446380709254     
         616         617  0.790304035309123     
         616         618  0.857671033037321     
         619         620  0.817942389271376     
         619         621  0.861430780727193     
         622         623  0.850256552318171     
         622         624  0.852886000692361     
         625         626  0.841121393164868     
         625         627  0.829708370921480     
         628         629  0.793300333894286     
         628         630  0.829710017759099     
         631         632  0.816437950213604     
         631         633  0.849404859340142     
         634         635  0.918037103776956     
         634         636  0.796540367512794     
         637         638  0.859712916831206     
         637         639  0.809368016680813     
         640         641  0.821224924859519     
         640         642  0.788532933600613     
         643         644  0.900742169181802     
         643         645  0.829911901038974     
         646         647  0.857598194472857     
         646         648  0.872808962552208     
         649         650  0.808056210473462     
         649         651  0.876592319446428     
         652         653  0.802667407973934     
         652         654  0.852850910048510     
          30         655  0.104413896995336     
         655         656  0.777843244317854     
         655         657  0.809581632597414     
         658         659  0.865297952405460     
         658         660  0.811259470707602     
         661         662  0.801623916268311     
         661         663  0.849103644607636     
         664         665  0.851468103672269     
         664         666  0.859349705095838     
         667         668  0.870648002176424     
         667         669  0.794304149979791     
         670         671  0.821677678810679     
         670         672  0.838420599902602     
         673         674  0.813444720976588     
         673         675  0.815943912035330     
         676         677  0.907457130825863     
         676         678  0.813890270819376     
         679         680  0.880173597136022     
         679         681  0.817854008588167     
         682         683  0.833597276098310     
         682         684  0.862547419909592     
         685         686  0.831741683420307     
         685         687  0.863825890787887     
         688         689  0.864738906478394     
         688         690  0.795786471398585     
         691         692  0.870709153745616     
         691         693  0.839198558317313     
         694         695  0.830719528701980     
         694         696  0.807395328204391     
         697         698  0.816886289134249     
         697         699  0.827893294344586     
         700         701  0.799289615374330     
         700         702  0.815550070940275     
         703         704  0.833993431099832     
         703         705  0.850228810833417     
         706         707  0.809624861631513     
         706         708  0.785261447230905     
         709         710  0.846935610314339     
         709         711  0.815908723802883     
         712         713  0.776489738919195     
         712         714  0.844915506734314     
         715         716  0.808306168263859     
         715         717  0.836433355247091     
         718         719  0.860647739023801     
         718         720  0.825563570556945     
         721         722  0.845158932794158     
         721         723  0.894514748645102     
         724         725  0.793118700045286     
         724         726  0.837020210767986     
         727         728  0.856667043799952     
         727         729  0.817666559162197     
         730         731  0.796500280753834     
         730         732  0.919351312953628     
         733         734  0.808821045517363     
         733         735  0.864266410720455     
         736         737  0.861885996212583     
         736         738  0.831142305250079     
         739         740  0.863679032060837     
         739         741  0.841576567688147     
         742         743  0.819543087139060     
         742         744  0.888457422604963     
         745         746  0.853876565080889     
         745         747  0.800624190750619     
         748         749  0.825194185841380     
         748         750  0.791792231990583     
         751         752  0.860234253350725     
         751         753  0.853335676915937     
         754         755  0.789656602012411     
         754         756  0.851370006846170     
