$coord
            9.8183201476          -14.7463640913           -3.2644853479     O 
            8.1797863003          -15.0623349195           -2.4861060904     H 
           11.0229309445          -14.7142213690           -1.8891336601     H 
           -1.5666310572            7.5780085938            7.6162263322     O 
           -1.9645147089            8.9612837838            8.7583319816     H 
           -0.6336509246            8.3755475294            6.2249733539     H 
           -1.2795928253           -4.6867603272           -4.4058485142     O 
           -2.4817186893           -6.0510025586           -4.3206821102     H 
           -2.2120629794           -3.2414111162           -5.0914948534     H 
           -9.8893689396            3.5358634096           -1.7867324182     O 
           -8.2843979962            3.3928442375           -2.6747862448     H 
           -9.8182652306            5.0135156409           -0.7422732260     H 
           -6.1057774833            4.1692205508            1.8036897819     O 
           -5.7850799545            5.5412586081            0.6222451307     H 
           -5.9223550020            4.8862192831            3.4909861299     H 
           -7.5823742836           -7.3359014720            5.5857793901     O 
           -8.4669019755           -5.7346021484            5.3809407014     H 
           -6.5418269876           -7.1282051944            7.0743215816     H 
           -0.7775996474           -9.4971879797           -6.8160502764     O 
           -1.8716160504          -10.5861438785           -5.8289738253     H 
            0.6679871743           -9.2138003988           -5.7193885270     H 
            0.6361173078          -11.1863267583            0.4532871008     O 
           -0.2054335748           -9.8237331258            1.3803595332     H 
            1.3326330521          -12.3926831240            1.6445054222     H 
           -1.7106840360           -7.0423797755            1.8988478878     O 
           -1.9802160450           -7.0999166436            3.7345396352     H 
           -3.3458444972           -7.4367932195            1.1383609676     H 
            3.8524134864            2.8928533284           -9.0991452227     O 
            2.7937519263            3.6528790489          -10.3677735111     H 
            5.2039234791            4.1053265787           -8.6433522497     H 
           -4.3366979738           -1.0443850592           -6.3100564603     O 
           -4.0035598639           -0.9334439560           -8.1152749175     H 
           -5.9622269517           -1.9214518676           -6.1859139903     H 
           -2.4656608300            8.5978906747           -5.6664620728     O 
           -3.3417813466            9.7695546090           -6.7744563343     H 
           -2.2931066250            7.0200528700           -6.5893877377     H 
           -6.4974985868           -7.9528568121            0.7107141607     O 
           -7.5050748046           -6.7647189210           -0.2604905878     H 
           -6.9332019046           -7.6829512566            2.4875651926     H 
           -5.4741466597            3.4671694844           -4.2603732039     O 
           -5.2537698372            1.8218563451           -5.0676869958     H 
           -3.7907518556            3.9553087994           -3.6883086055     H 
           -0.5767975948            4.2797722536           -2.8947165366     O 
            0.1929785859            2.7236736027           -3.5313114643     H 
            0.4330772723            5.6241779086           -3.6512516823     H 
            1.1785549984            0.3691939047           -5.4670732132     O 
            2.3986679252            1.2418550196           -6.5171936933     H 
            2.0161832266           -1.1491331117           -4.8234846172     H 
           -4.9984124214           -0.7412872080            5.8607053323     O 
           -4.4598244292            0.7191212986            4.9045664086     H 
           -6.5859442275           -1.3922601984            5.1818065351     H 
           -9.4662442422            0.0230638956           13.7430361581     O 
          -10.8606065576            1.1811285400           13.5102031357     H 
          -10.1976989323           -1.6527627217           13.7554334190     H 
           -2.3703716987           -7.9429695539            6.7619095760     O 
           -2.5833639433           -6.5444835797            7.9515599183     H 
           -0.6511306189           -8.5528517081            6.9562231125     H 
           -6.5222656684            1.8695962328            9.9283210463     O 
           -5.9615098379            0.5570893687            8.7469370681     H 
           -7.6354097249            1.0646213439           11.1518724546     H 
           -0.2526280808           -3.0339394660            4.9959470881     O 
            0.5870786895           -3.8616471040            6.4146236628     H 
           -1.9018632530           -2.5018029745            5.5981968747     H 
            7.3209774201            0.8277865912            3.0567795098     O 
            8.2815388577            1.3186448310            4.5432685991     H 
            7.4750722620            2.2872048975            1.9003086847     H 
            3.3027746147           -6.0608102387            1.0485527823     O 
            3.9942037702           -5.0376655556            2.4462566485     H 
            1.5653123413           -6.4228413536            1.4719998191     H 
            0.1643999353           10.4876119085           -1.6181115250     O 
           -0.3978866261           12.1025708399           -0.9602062441     H 
           -0.6797200229           10.1508728412           -3.2125258716     H 
           -4.8141711637            0.7737447390           16.1200500566     O 
           -4.0205361275            2.0827765360           15.0910433644     H 
           -6.5167298241            0.5556952262           15.4814305877     H 
          -11.4243203604            0.3507814897            8.1012108313     O 
          -11.0565277219            1.1988242392            6.4915041015     H 
          -11.6738221765            1.6826939854            9.3522235264     H 
          -12.2173572627           -0.6537014502           -0.4926279447     O 
          -11.1982952372            0.8816725893           -0.5767718352     H 
          -13.0647176577           -0.7124957745            1.1364269753     H 
            7.6116230745            4.9948629750            0.3433082639     O 
            5.9627386133            5.6479529763            0.8452590610     H 
            8.8439594409            5.9006626796            1.3525945909     H 
           -5.7620805796           -7.5383539196           -4.7772249868     O 
           -4.9811868592           -8.9673813805           -3.9077504642     H 
           -7.5048619697           -8.0256225421           -5.0254718198     H 
            3.6401011771           -3.7468955130           -3.6488223024     O 
            4.8434089326           -4.4158327450           -4.8735403352     H 
            4.6581849632           -3.4301254428           -2.1443330554     H 
           -9.4611816485          -13.7488289400           -5.7788197352     O 
           -9.9413341537          -12.0788584060           -5.1663446222     H 
           -8.4771873493          -13.4168850338           -7.2816409435     H 
           -9.8533830095           -4.8931628003           -1.6847918871     O 
           -9.0994345910           -4.2975802798           -3.2667427776     H 
          -10.8444434474           -3.4317953708           -1.0968066026     H 
            2.2066587001            4.8745939922            9.6336714474     O 
            1.7556953451            3.1865153387            9.1003169962     H 
            0.8407894886            5.9661987386            9.0129261220     H 
            5.4320540495           -3.7940773148            4.8113890227     O 
            6.8433508689           -4.9437055101            5.0986098106     H 
            6.1860099892           -2.2245603069            4.2815599869     H 
            2.7974224425            0.9705697514            5.3224755540     O 
            4.2167530984            1.0236533106            4.1468366774     H 
            1.9584432239           -0.6699834451            5.1413607624     H 
            3.1548104611            5.3911852922            2.5580251907     O 
            1.6756980553            6.4622042145            2.4776005413     H 
            4.0540282672            5.8438864489            4.1221419299     H 
           -7.0428559768            7.2376098189           -7.3461132207     O 
           -5.9758945534            7.1144152929           -8.8306353440     H 
           -6.5816697299            5.8049076674           -6.2772726385     H 
          -10.5526453731            8.2544121682           -3.5562487014     O 
          -10.6847456943            6.9411298668           -4.8441583444     H 
          -10.1827220191            9.8718264171           -4.3598103138     H 
            4.9292773091           -5.7472197093           15.0663817192     O 
            6.6960337587           -5.3695086136           15.2376221206     H 
            4.1067805453           -4.1608002456           14.6399724877     H 
           -3.2329144191           -3.7723393758            9.6687722222     O 
           -2.9197994955           -3.8430029501           11.4852315833     H 
           -5.0660649093           -3.6687823033            9.4716244254     H 
            1.9863694370           -4.6122025100            9.2595259256     O 
            1.9522585816           -6.2741164845           10.0886397862     H 
            1.6158276697           -3.3848485596           10.5526316719     H 
           -1.7101449892            2.9937648846            4.5880720566     O 
            0.0780881917            2.5441476537            4.6594065762     H 
           -1.7833829110            4.5702150882            3.6750949890     H 
           -1.5773924104           -5.6935423251          -14.8046769738     O 
           -0.5977781842           -4.2728147031          -14.1241016479     H 
           -0.6488421177           -6.3103898599          -16.2271084598     H 
            7.0204442732           -5.2243852756            9.9978954536     O 
            5.2805227243           -4.8186675848            9.5263397582     H 
            8.0748067602           -4.3915394800            8.7341888818     H 
          -15.4666810428            3.0661606275            5.9462848090     O 
          -14.1556325145            4.2721572885            6.4149271050     H 
          -16.5973638310            2.8379509998            7.3758808145     H 
          -16.8817259275            8.3598082285            4.9558749070     O 
          -16.0587379490           10.0186529468            5.0829628650     H 
          -17.9067339498            8.4717226865            3.4365290313     H 
          -17.8971445827           -7.1581680158            2.6305597330     O 
          -19.4249026096           -7.0712070282            1.6512339024     H 
          -16.6777294958           -6.1353694176            1.6504495838     H 
            5.2199945789          -14.4097294349            7.8618454215     O 
            6.0165196974          -12.8220951885            8.3839840624     H 
            3.9635759484          -14.7938682885            9.1091195827     H 
           12.5354123667           -9.5074374216           10.8838944784     O 
           12.9113180334           -9.0664605750           12.5954896184     H 
           13.1223837347           -8.1040290307            9.8210085265     H 
            5.9030268101            3.4087723429           -4.0283143682     O 
            7.0394588390            4.1406480261           -2.7737395352     H 
            4.8375033215            4.7950119153           -4.5971705275     H 
            8.0755203003           -9.8650446487           -3.1327048090     O 
            6.2824102549           -9.9081989268           -2.7546959297     H 
            8.6674257552          -11.5995740849           -3.2724009773     H 
          -14.7582675886           10.4940408429           -7.6904294599     O 
          -13.0704557050           10.9858037859           -8.2361314284     H 
          -14.7787676698           10.6532464520           -5.8604468508     H 
           12.1521960757            3.3910467041            2.2641299932     O 
           12.3093113442            1.5589200530            2.4238738520     H 
           13.7678431343            4.0288401775            2.8771554825     H 
            0.4692911865            3.3622461831          -12.9747852200     O 
            0.7974119092            1.5514338190          -13.0638940048     H 
           -1.0319121855            3.6445739235          -13.9961305811     H 
          -15.1512580131           -4.6222583610           -0.6688487432     O 
          -15.4721644156           -5.7130178011           -2.0829216826     H 
          -15.8530178850           -2.9786036280           -1.1048640648     H 
           -6.1097388529            5.6248577611            6.6978686631     O 
           -6.3684143943            4.1959947733            7.8428788879     H 
           -4.3148733853            6.1035882337            6.8335305134     H 
            5.6631144583          -10.1041081688            2.5021673592     O 
            5.4192394513          -11.3701860065            1.2019770387     H 
            4.9460366967           -8.5113970330            1.8170250589     H 
           -3.7623398543          -12.2634016942            3.7018790140     O 
           -3.7363933282          -10.7324450210            4.7030134141     H 
           -5.5011153788          -12.5680241494            3.2331149598     H 
            5.6707165393           -1.8007235742           -8.8045616607     O 
            4.9266020110           -0.1446436071           -9.0556129685     H 
            4.2946584128           -3.0116267507           -8.7252953814     H 
            5.3744616142           -2.3587292326          -14.5866947110     O 
            6.2548075662           -3.6714953052          -13.6488324844     H 
            6.4368397453           -0.8588141701          -14.4927991055     H 
           -0.8178175767            0.7169274604            9.3031530059     O 
           -1.4849435201            1.4763052624            7.7798138654     H 
           -1.6547222468           -0.9236605018            9.4374053651     H 
           -1.8280965497          -10.1072024017          -11.7626323144     O 
           -2.0029690832           -8.4807805978          -12.5859992007     H 
           -1.5223874920           -9.7960766407           -9.9631288096     H 
            3.4421746089            1.1837390894           -0.2803448107     O 
            3.1223083345            2.6655735131            0.7567852914     H 
            4.2637206572            1.7945442438           -1.8153543828     H 
           -3.3149022443          -11.4218742999           -2.8192751540     O 
           -1.9240515042          -11.5036011763           -1.6202967129     H 
           -4.2515900453          -13.0011036393           -2.6806239618     H 
            9.4853383609           -6.8432049117            5.3144832665     O 
            8.9059229028           -8.3543789469            6.1867104996     H 
            9.6446537487           -7.2106353718            3.5023174231     H 
           -6.4755886591           -4.8164951453          -13.2089275047     O 
           -5.3147901469           -5.2530253552          -14.5426768348     H 
           -5.5752615095           -5.3206378592          -11.6412692770     H 
          -11.9784346208           -8.1891506821            1.7893100875     O 
          -12.3193320924           -7.2977542064            3.3830319251     H 
          -11.2777052644           -6.9129452154            0.6872920707     H 
           -2.0885114071            3.7518069395           -8.2739629666     O 
           -1.3258845082            2.4125053715           -7.2975688506     H 
           -1.2439053598            3.7504726222           -9.8930400229     H 
          -18.2005944156            3.2401816008            1.7113884720     O 
          -17.2510210242            3.2212592741            3.2862335984     H 
          -18.1094281721            4.9456878922            1.0428718182     H 
            7.7427979878          -10.0589450667            8.9023424956     O 
            7.1593608739           -8.4232755790            9.5659138741     H 
            9.3448821204          -10.3270785430            9.7464814648     H 
           -0.1365096690            8.2998536335           13.7057688492     O 
           -1.0433004050            6.7611158741           13.2558763003     H 
            1.1582264472            8.5700058079           12.4249871172     H 
            8.8362341936           -0.6453239648           -4.9740505556     O 
            7.9742551212            0.9546145003           -4.6996575773     H 
            7.9024041407           -1.4706176847           -6.3267037531     H 
            9.9231419370            8.2296237979            3.5429644796     O 
            8.5009316190            8.2888526075            4.6828979711     H 
           11.4418212512            8.6046540346            4.5277207216     H 
           -8.8175180937           -3.2406598995           -6.3387830184     O 
          -10.4030204514           -2.2767662518           -6.3224581943     H 
           -8.9758065774           -4.6231511116           -7.5347610878     H 
            9.2140752622          -12.9884085599            4.4869419538     O 
            8.2230095243          -14.2263221626            5.3712943636     H 
            8.0023288213          -11.7277340873            3.8810545808     H 
           -4.3174465101            3.5127229398          -14.5278444990     O 
           -4.4206467991            2.0823243444          -13.3697274883     H 
           -5.9050879303            3.4473282312          -15.4934417545     H 
           10.4729764866           -1.5763093038          -10.6714628353     O 
            8.7611171568           -2.0771108738          -10.2610283333     H 
           10.6069427798           -1.5320260083          -12.5216533991     H 
          -15.9158858839           -9.9947102194            7.8654167243     O 
          -15.4132482677          -11.1509640114            6.5366349270     H 
          -14.6116055085          -10.1054607808            9.1403121243     H 
          -19.2801567248           -1.8101411542            2.3243855817     O 
          -19.9620886617           -3.0898642298            1.2022033634     H 
          -20.4031898043           -1.6023284564            3.7638585592     H 
          -15.4439390410           -9.8480645032           -1.5592736829     O 
          -17.0127921262           -9.9945680771           -0.6640637865     H 
          -14.2515971170           -9.1265261209           -0.3276114792     H 
          -14.9770037019           10.2541201476           -2.4632389978     O 
          -14.4883634830           11.7451703441           -1.5376270940     H 
          -13.4367735001            9.2032770392           -2.5458734712     H 
          -11.9665110215           13.9640489109           -0.1406546179     O 
          -10.7030537227           15.0128185948            0.7335895057     H 
          -11.3910874213           13.9808965555           -1.8847735666     H 
           -5.7368387901            8.1483293209           -1.6536882702     O 
           -4.6280768200            8.0055615663           -3.1192772891     H 
           -7.4661134454            8.1086262730           -2.2870936765     H 
           -2.7796571463           11.4443280571           10.9322338794     O 
           -1.8743148351           10.5314013025           12.2892292840     H 
           -1.7392957352           12.8440428871           10.4261125920     H 
            1.1543331439           10.0262335698            4.1452812861     O 
            2.6603633395           10.5842796586            4.9935074495     H 
            0.3122281881           11.4995649637            3.4343278986     H 
            1.2184524545            8.5590230149          -10.1315565336     O 
            2.9037345692            8.8297106540          -10.8838482931     H 
            0.7283255528           10.1647918473           -9.4427669842     H 
            4.5557659318            5.7154777798          -15.2948675553     O 
            4.9996913709            7.2774362980          -14.4664975929     H 
            2.9347481885            5.1749130155          -14.6327378563     H 
           11.6846837523            3.5698553581           -3.0178174837     O 
           11.5849201761            3.6545960057           -1.1869793290     H 
           13.2632759091            2.6821782098           -3.3764969419     H 
            5.9622123543            9.2091071771          -11.5843664645     O 
            6.4904678672           10.6757313810          -10.5844483387     H 
            6.6282464324            7.7798244987          -10.5832257854     H 
           -4.6323520374           11.9838357062           -9.1887773566     O 
           -6.4605132819           12.0845677271           -9.2232606140     H 
           -4.2438554480           10.7088975048          -10.4543937653     H 
           -9.2058822513           -2.7956040874            3.7838551611     O 
           -8.8404079007           -2.1265799934            2.1051410115     H 
          -10.8408102100           -2.1406226148            4.2303747245     H 
            1.1068802265          -14.8577111949           -3.8085924208     O 
           -0.2063175698          -14.8492724062           -5.0950916750     H 
            0.2478972443          -15.3742501225           -2.2664770461     H 
           16.7522761445           -4.7651543035           -2.8179938941     O 
           16.1578588541           -5.7732034557           -1.3688810262     H 
           17.5453051703           -5.9128159018           -4.0133186199     H 
            2.3563663363           -9.9080788264            6.4981778588     O 
            3.1665386219           -9.5922190020            8.1045552517     H 
            3.6611067161          -10.0016575068            5.1987014722     H 
            5.5664209630           14.3769187591           -1.8764881454     O 
            7.2977748972           14.5422752142           -2.4641287785     H 
            5.5098191767           12.7004966776           -1.0800588117     H 
          -11.9381805930           -4.5233655367           12.8958098980     O 
          -13.3727108565           -3.7391607542           12.0336112328     H 
          -12.0147492782           -6.3002528034           12.5091630300     H 
          -14.1918994240           -2.8933045785          -10.8368033175     O 
          -14.2635966719           -4.5311839352          -10.0396709843     H 
          -15.7724516949           -2.0740096819          -10.4830702406     H 
           -9.6171871919           13.1167151814           -4.6491665379     O 
           -7.9682204439           13.2984185460           -3.7744862922     H 
           -9.4234472547           13.6933753605           -6.3532562745     H 
           -9.8027314091           10.8266911027           -9.3857379540     O 
           -9.9469289610           10.0559657437          -11.0401495336     H 
           -9.0072577603            9.4764991880           -8.3892433401     H 
            5.4217975154            0.2430868004            9.4504164759     O 
            4.3130063181           -0.6132361425           10.6214287649     H 
            4.3963471794            0.6260720625            7.9430524889     H 
          -10.8316614495           -8.9897486538           -4.5047154226     O 
          -12.2208096253           -8.6182818332           -5.6289819077     H 
          -10.8356558107           -7.6653976596           -3.2259978464     H 
            3.2384844218           -9.2359474402          -10.8582244993     O 
            3.7140337270          -10.4623286976           -9.5610571558     H 
            1.7096891027           -9.8942408039          -11.6273335336     H 
            2.9919386237           -8.9549418726           -3.3454085663     O 
            3.0276669506           -7.1420340466           -2.9928017918     H 
            2.1352683674           -9.7757793167           -1.9169683215     H 
           -9.6730427596            9.8721037391            1.9598764501     O 
          -10.4361520960           11.2491674077            1.0074376265     H 
          -10.9301516789            8.5225309818            2.0220078686     H 
          -13.0290569514           -0.6981427840           -5.4545019678     O 
          -12.8402506130           -0.6718645166           -3.6113720072     H 
          -12.6821402252            1.0307579523           -5.9947521583     H 
          -18.6917958994            8.1289496833            0.1987396834     O 
          -17.4038034733            8.9057087421           -0.8796879484     H 
          -20.1757266601            7.8196297808           -0.8098467844     H 
           11.5886922830            8.7249890768           10.1676399158     O 
           11.8799765991            6.9832460185           10.6273338733     H 
           12.7398810780            9.0929961665            8.7894520545     H 
          -11.5851480107            4.1059304759           -6.6770217363     O 
          -12.6762953771            4.7649662276           -8.0181252307     H 
           -9.9937679930            3.6727908223           -7.4998804654     H 
            2.6276428488           10.2276114399            9.7247592223     O 
            4.4402866469           10.4656759644            9.7394596701     H 
            1.9118449719           11.7458826383            9.0033899055     H 
            7.5174203723            2.2131988364          -13.2936475337     O 
            6.5729458902            3.4414647438          -14.3139867242     H 
            6.8309322268            2.3001899441          -11.6107555463     H 
           -1.1401112072          -11.1434467483           13.8175414892     O 
           -2.3246989366          -11.9953309734           12.7264941829     H 
           -2.1056267167           -9.8898380327           14.7391412613     H 
           12.6270234312            7.3816288818           -6.2574744865     O 
           13.5757392668            8.6713826979           -5.3649715861     H 
           12.1989106554            6.0606898987           -5.0276985872     H 
          -14.5886177267           -1.5420322325            4.0552094529     O 
          -14.6744175781            0.1318281668            4.8335765679     H 
          -16.2807822471           -1.8177671807            3.3524827087     H 
           12.1801782010            3.5036844599           11.0221290025     O 
           10.7413713031            3.2023688017           12.1419429724     H 
           13.1159232719            1.9366291951           11.0073008147     H 
          -21.7563446370           -1.5350468671            6.7831893990     O 
          -21.0744909390           -0.2028711194            7.8248522503     H 
          -20.8510106912           -3.0630657173            7.2659932636     H 
          -11.6797828414            6.4053795301            7.0233608876     O 
           -9.9004883216            6.2642296154            6.6876749647     H 
          -11.9346737197            7.7641008149            8.2206900920     H 
          -13.2151144828            6.3050777407            1.8588586097     O 
          -14.4833405237            6.8605940337            3.0705295872     H 
          -14.0597424812            5.6310958800            0.3613834258     H 
          -12.6055819513            3.6937845230           11.7641506226     O 
          -11.3516564287            4.9103604327           12.3444568346     H 
          -14.0264803992            4.6946808763           11.1575778967     H 
           -4.5660849423           -7.5432697766           15.5573969775     O 
           -5.9627298953           -7.8339066590           16.6652148558     H 
           -5.2224087099           -7.6162161369           13.7945823989     H 
            2.8000762370           -8.9122579468           11.5896385158     O 
            3.7262828361           -8.0691105829           12.9426414393     H 
            1.4151656745           -9.8196119187           12.4190136944     H 
           -3.7894985608            7.5899026920          -11.5328786101     O 
           -1.9726339051            7.5740665001          -11.3262062410     H 
           -4.1935691571            6.2912927409          -12.7821971328     H 
            7.6718886889            8.6450263755           -4.2414476933     O 
            9.2983780992            8.5454808464           -3.3602245348     H 
            6.4618204994            8.8539725020           -2.8825893223     H 
           11.4026154962            2.7659534036           -8.3856070609     O 
           11.2942904465            2.2202469426           -6.6496039127     H 
           11.1116920457            1.2563316440           -9.4181240067     H 
            6.3542093904           12.1445156640            4.3801200358     O 
            6.7382756168           11.8625148800            6.1617015971     H 
            7.9792392608           12.6059610931            3.6190210042     H 
            5.8252293844            6.7146770591            6.5412684780     O 
            4.6238051539            6.3766274569            7.8916198999     H 
            7.1663455986            5.4507088719            6.7367129529     H 
            9.6715187752            3.5325398633            6.6398800128     O 
           10.7219016754            3.6006589355            8.1515251077     H 
           10.7413303644            3.9085508982            5.1751075437     H 
            9.9682765110           -6.9433618714            0.4132268836     O 
            9.0873565276           -5.3520895707            0.0405545618     H 
            9.3397824721           -8.1537863874           -0.8338349902     H 
           14.9160196629           -6.8051822387            1.3314704812     O 
           15.4050794900           -8.4069364734            2.0759926814     H 
           13.1128581377           -6.8855645604            0.9681316697     H 
           22.1956599811            3.5467051080           -2.1460739377     O 
           23.4525848495            2.7329477217           -1.0735181980     H 
           21.5752523701            2.1455962187           -3.2035575673     H 
           -4.9559063942            9.7603573534            3.8540198035     O 
           -3.7114894440            8.8205341787            2.8969828167     H 
           -6.5164101927            9.6996534615            2.8940501744     H 
           12.7781715858           12.8972866368           -8.1771690324     O 
           14.0585848389           12.4420688869           -6.9519382278     H 
           12.9468919228           11.6851453080           -9.5403101394     H 
          -19.5751176872           -1.0534594956           -8.7321666029     O 
          -19.0963092225            0.5399295438           -9.5017995150     H 
          -20.6556148170           -0.5182461699           -7.3272898151     H 
            3.0638600967            3.6659559971           14.4674308380     O 
            2.8359484710            4.2321227815           12.7089869859     H 
            2.1138085833            4.8308925314           15.4800944086     H 
          -14.3978787603            6.1470231089          -10.2856953598     O 
          -14.7703511477            7.7595033058           -9.4537396868     H 
          -15.9920564850            5.2966106951          -10.5758480068     H 
           -8.3035375725           -3.4536561282            9.2427160678     O 
           -9.3399625158           -2.0622766044            8.6214060876     H 
           -9.1944124347           -4.0855872817           10.7021163808     H 
          -14.9070264677            4.3370314841           -2.5254950615     O 
          -13.2102829383            4.1006168973           -3.1854290296     H 
          -15.9193625720            5.1884069792           -3.7949844778     H 
           -3.9104412011           -5.6942722095           -9.1615093901     O 
           -2.0960712186           -5.6856503575           -8.9812781908     H 
           -4.6110841208           -6.4841971724           -7.6465372803     H 
            7.5113253311           -2.7310753841           -0.5812420687     O 
            7.4120733143           -1.3925758630            0.6692445220     H 
            8.1579049614           -1.9671741308           -2.1360187526     H 
          -18.3503407104            6.5258157696           -5.6602925557     O 
          -19.8453820049            6.3704377013           -4.5797378104     H 
          -18.0494592390            8.2819800469           -6.0083760434     H 
           13.7771302144           -5.7662724322            7.7046279394     O 
           12.2030709642           -5.9615243284            6.7262563246     H 
           15.1107820837           -5.5322357633            6.4851714535     H 
            9.5839894823           -1.7449751569            7.3698308608     O 
            8.1715721475           -0.7823370383            8.0653139434     H 
           11.0541844986           -1.3362948612            8.3838518161     H 
           19.9754961328           -2.6917058834            0.3620717797     O 
           20.9436948158           -4.2511822500            0.5958205381     H 
           18.8150083271           -3.1434730215           -1.0287418651     H 
           16.7077211200          -11.1419212660            3.5465557768     O 
           15.8018623633          -11.8725045925            4.9942893310     H 
           17.9909284728          -10.0263719896            4.2987173088     H 
           11.8814969727            8.5329463857          -11.2276003515     O 
           11.8735388278            7.9102137197           -9.4920043752     H 
           10.1585735058            8.8756247640          -11.6885270308     H 
            3.5859770734           16.0592132173            2.6914440947     O 
            4.2793165479           16.1511440809            0.9963832242     H 
            4.5883414321           14.7259630756            3.4987953917     H 
           -2.1803744825           -3.1480317945           14.5627599858     O 
           -2.7628737064           -4.6987982088           15.3475928015     H 
           -3.1785491000           -1.7519480565           15.2991043638     H 
           12.6481672882          -13.1241892097            0.7511271182     O 
           11.3367999162          -13.1288615533            2.0493445217     H 
           14.2181033614          -12.9053040433            1.6543404671     H 
           14.4882279371           -2.5130809047           -7.7386457226     O 
           13.1621828037           -2.1851938715           -8.9807529282     H 
           13.7615224373           -3.7552313472           -6.5879946621     H 
            2.4110831828           -1.4037412003           13.4847451640     O 
            0.7475701148           -1.9768372216           14.0529889557     H 
            2.5901986884            0.3219866523           14.0966847077     H 
            7.6228367532           11.5450767085            9.2959712984     O 
            8.9803321227           10.3002052069            9.6125674852     H 
            8.1528804890           13.0627972935           10.1230839143     H 
           -0.8664702542           14.1076808898            1.7028210628     O 
            0.6869603170           15.0949953730            1.9919918813     H 
           -2.2650011036           15.0248949001            2.4005958480     H 
           -1.5775361415            6.8701595116            1.2255934441     O 
           -1.4708751561            5.6074555757           -0.1122652056     H 
           -0.9638485102            8.3991027729            0.3759191300     H 
            4.9540954284            9.7301634445           -0.0239519077     O 
            5.2846620788           10.1113676410            1.7379191211     H 
            3.1403462698            9.7901254094           -0.3056815930     H 
           16.6014913124            1.4471700203            0.4011925734     O 
           15.3244131324            0.4244246416           -0.4349827279     H 
           18.1832013046            0.5942490188            0.1705420089     H 
            0.2466826914           14.4614028326            7.5130504206     O 
            1.2690456143           15.5871648483            6.5243872104     H 
           -1.4476941743           14.4956181925            6.7703712181     H 
          -16.4819331622            6.7227918318           10.0542995050     O 
          -16.5690951113            7.1241587123            8.2665382210     H 
          -15.7423340971            8.2091110491           10.8023118095     H 
           -9.0547235648            6.9902343428           13.4942242516     O 
           -7.7981267313            6.4388712786           14.6719714003     H 
           -8.1664121606            7.8404451924           12.0967588052     H 
          -14.4847196675           12.7772315288            4.6663497426     O 
          -14.1297321077           13.4333149601            3.0076881603     H 
          -12.8817011424           12.8539044346            5.5652814488     H 
           15.8617098598            1.2891030926           -4.8558978810     O 
           16.3031239198            2.6822198252           -6.0005699578     H 
           15.2727483445           -0.0777913087           -5.9665341729     H 
           -9.4500456584           -7.2264215350           -9.6029744011     O 
           -9.1015536401           -6.6239372595          -11.2878535688     H 
          -11.2367685518           -7.5492556071           -9.4473084127     H 
           -9.7421489572           -0.8238084811          -12.4413794323     O 
           -8.7830351187           -2.3054989058          -12.9223941331     H 
          -11.3887381922           -1.4150878774          -11.8850479234     H 
          -18.4719967519           -5.4463209217            7.2822415733     O 
          -18.4218808405           -7.0251142107            8.1834960032     H 
          -18.3179568782           -5.9520490346            5.4854996386     H 
          -12.6388250158          -14.0619569163           -1.1698809507     O 
          -11.9931089849          -14.6849726262           -2.7483030788     H 
          -13.7078931638          -12.6075836256           -1.5876849929     H 
           -5.4336447299           13.1907108966           -1.9896050883     O 
           -3.9959786089           13.6338480977           -3.0631568983     H 
           -5.3277123110           11.3877008715           -1.5682164774     H 
          -11.1720406620           -8.8944784190            9.9777249003     O 
          -10.4642725224          -10.3551886795            9.0729283860     H 
          -11.4049170794           -7.6179364744            8.6688545868     H 
          -21.3969837823            5.6777025152            6.6297469602     O 
          -19.9822584446            6.7751025116            6.2837824808     H 
          -20.8005489191            4.4220948340            7.7982461497     H 
           18.5072683586           -4.8078185705           -9.7858809504     O 
           18.9859549721           -6.1874480719           -8.6955407560     H 
           17.1117467508           -3.9471039075           -8.9089922364     H 
            2.8938248809          -14.9819693626            3.3100630407     O 
            1.5620503033          -16.2074820451            3.4155894365     H 
            3.6274341605          -14.7937927677            4.9963402651     H 
           -6.2635029721          -11.5392201560           -9.3848313956     O 
           -4.8876689783          -11.2273036307          -10.5650868371     H 
           -7.1975083684           -9.9665892688           -9.2763599388     H 
           12.8605841657           -1.6729751044           -1.7488002869     O 
           11.6947263881           -1.2643721875           -3.0911903200     H 
           14.0776361720           -2.8592989708           -2.4329565447     H 
           -9.8189895853            6.6188825266          -12.5249796339     O 
           -8.8546464081            5.4971540179          -11.4258892699     H 
          -11.5699915586            6.3974488454          -12.0293335914     H 
           10.8198582080           13.5866324413            2.2783114250     O 
           12.4451555209           12.7696087366            2.3149219987     H 
           10.6316426165           14.2099875870            0.5734637097     H 
           22.1556622422           -7.2211558352            0.2992316820     O 
           20.9060254267           -8.4216885323           -0.3447228399     H 
           23.1269001293           -6.6640896202           -1.1438678712     H 
           15.9579397301           10.9188131468            1.2670161344     O 
           15.8313410563            9.1359166579            0.7763951542     H 
           17.7748972796           11.2345945829            1.2025023874     H 
           11.8205170453           -7.8427462299          -10.0689069933     O 
           12.0321558874           -7.0075875256           -8.4304681216     H 
           11.3939911804           -9.5722911495           -9.6520017680     H 
           -3.0128692599          -15.0548708484           -6.9048153732     O 
           -4.1203222193          -15.9883770215           -5.8110821873     H 
           -4.0534643949          -13.8546205094           -7.8090247790     H 
           17.6349847199            0.6781242087            7.6426133908     O 
           16.6314261845            0.1777647123            9.0748001806     H 
           17.4822055199           -0.7421584274            6.4237835199     H 
          -16.9164701724           -4.0277866203           -5.6646690398     O 
          -15.5736267437           -2.7710516229           -5.4101695060     H 
          -18.0494202597           -3.1774550766           -6.8528138246     H 
            9.7185297651           -2.8241031325           13.6362337174     O 
            8.6526442142           -3.6971289673           12.3998568750     H 
            9.0072283059           -1.1437420346           13.8444759276     H 
           10.5760296340           13.7745513207           -2.9909867705     O 
           11.0736555828           12.0496232767           -2.5656857330     H 
           11.3679629308           14.1641896160           -4.5762142457     H 
           -9.0201194534            2.9888458268          -16.0982786341     O 
           -9.5415192686            4.5083330829          -15.1969167209     H 
           -9.5208376889            1.5842714375          -15.0327561912     H 
          -14.5393365550           -7.5805969004           -8.0341470072     O 
          -15.5057995499           -6.3202321568           -7.0006157458     H 
          -15.6647559753           -8.9614822298           -8.3422454818     H 
            7.6657833031           12.1625438261           -7.9183196060     O 
            7.7715221215           10.9209274335           -6.5379388935     H 
            9.3794416697           12.7840954114           -8.1255152098     H 
           11.9203075342           -5.9002426886           -5.2614076676     O 
           12.4114455519           -7.3145273425           -4.2001770594     H 
           10.0874880623           -5.7451088065           -5.2520166403     H 
           19.6894439334           -7.8495812038           -5.7366039128     O 
           21.1498254687           -6.8147206097           -5.2700036041     H 
           19.7566520117           -9.3511652428           -4.7137279382     H 
           17.0944167068           -3.0521770533            4.4581533481     O 
           18.1478870436           -2.7784579439            2.9529687179     H 
           15.3700558248           -2.6263369148            3.8882462812     H 
           -4.5426139026           14.3403826196            5.5670006190     O 
           -5.9310522005           14.4337889249            6.7353169783     H 
           -4.5813200820           12.5734400919            4.9122200181     H 
            0.9917102770           -1.8338201670          -12.6274821781     O 
            2.6842461071           -1.9830314783          -13.4913593819     H 
            1.2048316763           -2.7862252921          -11.0591130830     H 
           -7.6116791689            2.8191570974           -9.6080034378     O 
           -8.1990500264            1.3593761510          -10.5631712795     H 
           -5.8090675418            2.6798621885           -9.3597323664     H 
          -13.2984916912          -12.6283245208            4.0627127606     O 
          -13.4991841881          -13.8996845373            2.7823026804     H 
          -12.7851997682          -11.1053590657            3.1646450276     H 
            7.6667797248            5.8337563122           -8.4523896346     O 
            9.2065539177            4.7373143194           -8.5062819020     H 
            7.7387123712            6.7412631900           -6.8440380388     H 
            7.9155772684            2.1033854720           13.3509496844     O 
            6.6051386343            2.8883294465           14.3490315532     H 
            7.0750955549            1.6871369354           11.7523073367     H 
           -1.8447503319           14.2302072750           -5.3506434698     O 
           -2.7016980852           13.8656503320           -6.9191247812     H 
           -0.0896586229           13.7291012949           -5.5597761296     H 
          -25.2553590183           -0.6274101999            2.8103889307     O 
          -24.6766572774            1.1226363877            2.5687908248     H 
          -24.4359004455           -1.1949954161            4.3380983287     H 
            9.7935992140          -12.1651172329           -7.8912201845     O 
            7.9632828302          -12.1411573392           -7.9086638583     H 
           10.2023852709          -13.4706508630           -6.6873615729     H 
           -4.6394779815          -12.7632013872           10.0131719199     O 
           -6.0649890677          -13.1707463070            8.9485026401     H 
           -3.1190450903          -13.3254638763            9.1018991886     H 
           -2.8036890391            3.9634315125           12.5848713701     O 
           -4.3713984556            3.6704408802           11.6605484404     H 
           -1.6425909963            2.8158847393           11.7048464322     H 
            4.5596975945          -12.2261644811           -6.9860768127     O 
            3.6224048679          -13.7433971961           -6.6344286039     H 
            4.0603584789          -11.0560118727           -5.6523174917     H 
          -21.6846516625            0.7460959426           -4.4492293427     O 
          -22.9192278638           -0.2884546186           -3.5651015777     H 
          -20.0511979836            0.4456761536           -3.5728409479     H 
          -15.4529833247           -2.1322985806            9.9427487644     O 
          -14.0675862272           -1.3754974481            8.9631489195     H 
          -16.3559769411           -3.3057410946            8.8480723079     H 
           -3.8464678645           -0.5797632761          -11.4371542099     O 
           -2.1209517333           -1.0133200319          -11.8723179069     H 
           -4.8966817074           -1.9217651027          -12.1150509519     H 
           13.7449185071          -10.1749852116           -3.1806178591     O 
           13.0750398056          -11.0824503139           -1.7115903028     H 
           13.3771465240          -11.1917780046           -4.6349487761     H 
            7.3021529060           -6.1353021557          -11.5317720079     O 
            6.1304222835           -7.5108192767          -11.8045170613     H 
            9.0250477095           -6.8084755484          -11.4354799377     H 
           -0.5987684235          -14.0499229561            7.2830138103     O 
           -1.6672928952          -13.8850074491            5.8011361577     H 
            0.5575304028          -12.6154849354            7.1660266908     H 
           -7.7502452205           16.0458523713            1.5872730572     O 
           -6.9009525243           15.6703049672            3.1589681953     H 
           -6.7666894966           15.2016325341            0.2812701071     H 
           -8.2994704005          -12.6775106944            1.1783426673     O 
           -7.8394872803          -10.9555800336            0.6783944650     H 
           -9.9748163804          -13.0168404729            0.4902635627     H 
            5.3018732766          -14.0825869509           -1.0217483879     O 
            3.9027851422          -14.2324433603           -2.2035913391     H 
            4.6943355578          -14.9010448113            0.5039326641     H 
           19.4953818303            7.2904730328           -4.4356063458     O 
           18.8383748245            6.5259070055           -5.9727443052     H 
           20.7540431615            6.1150649627           -3.7957821859     H 
           12.3764085312            3.9299396782          -13.9089689861     O 
           10.6726731222            3.2914558687          -13.6205935024     H 
           12.4386802075            5.5934228253          -13.1412407054     H 
           12.4822144829           -1.6357957048            3.1930988569     O 
           11.1186519013           -2.0895903290            4.3262453103     H 
           12.1513716982           -2.2055180975            1.4783370750     H 
          -19.0450278432            3.9639545594           -9.9714611888     O 
          -20.5957835688            4.5329269289          -10.7077775880     H 
          -18.9328119440            4.7204300287           -8.2769250209     H 
          -24.8430541647           -2.3602541167           -1.7795770893     O 
          -26.5361403595           -2.7098518228           -2.3060410553     H 
          -24.9738468505           -1.7487128939           -0.0009277254     H 
          -12.6212557344           10.1214795813           10.7059613357     O 
          -11.5155938562            9.6336123240           12.0682802795     H 
          -11.9615118359           11.6428439196            9.9650624672     H 
          -17.3991708302           -0.0615747268           -2.0519271690     O 
          -18.0609409635            0.1457832255           -0.3456433871     H 
          -16.3586497088            1.4511209142           -2.2864243486     H 
          -23.0919994616            3.8652904171            2.1237715746     O 
          -23.0907419280            4.7574476337            3.7269782386     H 
          -21.3175681073            3.2950386158            1.9649571454     H 
          -22.3728468818            5.5109548487           -2.7324351201     O 
          -22.9570478061            5.1697393826           -1.0166550651     H 
          -22.3115229804            3.8235231314           -3.4985511210     H 
          -20.5995350186           -5.1831147240           -1.4768530328     O 
          -22.2318919369           -4.4064826752           -1.7951613643     H 
          -19.5072820060           -4.6986595631           -2.8598556062     H 
           14.7302156162           -4.3900129596          -13.2308722896     O 
           13.6312135361           -5.5846596258          -12.3935108566     H 
           16.3952235962           -4.7268377388          -12.5462500870     H 
            2.6916587521            7.2227206976           -5.4259859607     O 
            2.0706529863            7.1933168995           -7.1553752727     H 
            2.9094090795            9.0103397926           -5.0637832440     H 
           19.8450719005           -7.5321035628            5.1110203286     O 
           21.1109214260           -7.4807902653            3.8007149336     H 
           18.9016200341           -5.9654181094            4.9641974415     H 
          -10.5543521299            2.3428651619            3.6149927792     O 
          -11.6886962450            3.7233534551            3.1769968568     H 
           -8.9110210108            2.8580815795            3.0031579564     H 
           -1.7440888528          -16.0921934270            0.4862847959     O 
           -2.3038560353          -14.6652320939            1.4883192621     H 
           -3.2215697224          -16.6798667025           -0.3981752421     H 
           -8.9345071428          -12.1362946754            6.8396286832     O 
          -10.3154108398          -12.7688215412            5.8091701529     H 
           -8.3856656352          -10.5732528939            6.0270918856     H 
          -13.1198446349           -5.9677700684            6.1210012891     O 
          -13.7625860236           -4.3589316822            5.4844826352     H 
          -14.5622925252           -7.0407884740            6.5044493552     H 
           20.5045956015            5.4708003135            2.2709675370     O 
           20.8640531681            4.6755401912            0.6389025451     H 
           21.4868665972            4.5580137361            3.5167802044     H 
           20.8713326041           10.2675615628            0.3753964904     O 
           20.9270264380            8.6532612541            1.2622845653     H 
           21.1199956158            9.8698215082           -1.3780553558     H 
           13.6237843308           -1.5826400178           10.6329508241     O 
           12.4576955240           -2.0863710978           11.9910730601     H 
           13.9551342938           -3.1405830799            9.6929026172     H 
           11.5486926942            9.0041223542           -1.2102014338     O 
           12.9396603386            7.7965619845           -1.1939051378     H 
           10.8530366433            9.0040784785            0.4897708704     H 
           14.3103731069            9.2217504994            5.8363178123     O 
           15.0819276809           10.2200719581            4.4984880741     H 
           15.1046780493            7.5496915943            5.7023168662     H 
           11.2814865268           -1.4120606044          -15.6164372793     O 
           12.7163649817           -2.5278787771          -15.3934052792     H 
           11.9258417979            0.2445256924          -15.9881832602     H 
           20.7798764269           -0.2386882097           -9.7325702200     O 
           19.4143991193            0.6925382944          -10.5121677679     H 
           20.3301150488           -2.0077301466           -9.9946029977     H 
          -18.6345803523            1.7844200318            9.7618217723     O 
          -18.2938178651            3.0678394518           11.0013624049     H 
          -17.5270598886            0.3346440635           10.1518041537     H 
            3.0011390813           12.4611974318           -5.8001329827     O 
            3.6739497325           13.2982713231           -4.2844769647     H 
            4.3599016311           12.6605957010           -7.0080907097     H 
           -6.2225314865          -15.5845009432           -2.3378162319     O 
           -6.9550893512          -14.8009342926           -0.8202481016     H 
           -7.4732676948          -15.2270792362           -3.6532694740     H 
            7.0326681609           -6.1498352161           -6.4616032660     O 
            7.2385898205           -7.8738305119           -5.8900181792     H 
            7.0852383921           -6.1000778890           -8.3085169510     H 
           15.8771453677            6.2955428606           -0.9207777237     O 
           17.1639089244            6.6061359577           -2.2008208274     H 
           16.1290326238            4.5461515240           -0.3686564804     H 
           -6.1376146399           -8.0519851488           10.8919785550     O 
           -5.3984933627           -9.7073634544           10.5043226600     H 
           -7.9579928661           -8.2840844004           10.8505764923     H 
           -7.1866847130            9.5017407296            9.6267247499     O 
           -6.7157561260            8.1963753843            8.3808720475     H 
           -5.6304059260           10.3497420993           10.1259318734     H 
           -9.6474991934           12.5046635660            6.4207182153     O 
           -9.4966637102           11.5817369726            4.8259562975     H 
           -8.7960654118           11.4272259105            7.6530920080     H 
           16.7168585988            4.9454053048           -8.1275317235     O 
           16.5203420124            3.8406876329           -9.5763184525     H 
           15.0837194442            5.7771350519           -7.8704409184     H 
           16.0327804968            1.1911877957          -11.7493431129     O 
           15.5973056030           -0.5530085484          -12.0407562986     H 
           14.7438868885            2.1881259459          -12.6352554617     H 
           20.5541265978           -0.3909371890           -4.7674327841     O 
           18.7396170920           -0.0505428487           -4.5351327572     H 
           20.8192633897           -0.2089605137           -6.6084491380     H 
           23.2516632179           -4.5932248033           -4.1390567399     O 
           24.7504807121           -4.1744676952           -5.0585289625     H 
           22.1945420916           -3.0511791516           -4.1659956603     H 
           24.0755754403            0.4449105069            1.3819978432     O 
           23.7376555835            0.9236896453            3.1092601164     H 
           22.7540010344           -0.7440677143            0.9318674162     H 
           18.5889138794          -10.5913367884           -1.3414310657     O 
           18.2707066751          -11.2690879020            0.3248680040     H 
           16.9185220616          -10.2450190199           -2.0448651671     H 
           22.2700492687            2.3107882551            6.0810508031     O 
           20.6653105381            1.6851227997            6.7469344594     H 
           23.3045929370            2.7199179213            7.5054856690     H 
           13.7153227323          -12.9452561225            7.1396792997     O 
           13.5309652546          -11.9617037367            8.6684424512     H 
           12.0638340918          -12.9665110116            6.3443214000     H 
           15.7146874560           11.0677588209           -4.1472071190     O 
           15.5842263054           11.3893794134           -2.3439736129     H 
           17.2961204710           10.1940849886           -4.3998130093     H 
           16.2272888395            4.7422129609            4.8694361642     O 
           17.6941407138            5.0034055721            3.7743564459     H 
           16.6406030783            3.3157546940            5.9599621898     H 
            1.5392925121           -4.9157275069           -8.6763260175     O 
            2.1657096584           -6.5634204217           -9.2394237895     H 
            0.9603366237           -5.0233455098           -6.9220660321     H 
           -6.6006005237           -0.9936936867           -0.6697311902     O 
           -4.8846194523           -1.6284471943           -0.8270244724     H 
           -6.3196398272            0.7675176660           -0.3249247929     H 
           -1.5175555359           -1.1534172171            0.0654789419     O 
           -1.1982058971           -2.4303631767            1.3152890813     H 
            0.1308232040           -0.5259710896           -0.3933667304     H 
           19.6232432095            1.2576508739            7.1743655575     H 
$end
$set
 chrg  1
 ewin_conf 50.0 
$end
