    0.04521942
    0.04611289
   -0.16651411
   -0.07302538
    0.07024850
    0.06978583
    0.06236338
    0.05422186
    0.05806268
    0.04927513
    0.07085376
    0.06282726
   -0.35875194
   -0.29609419
    0.17578828
    0.18929948
   -0.63397635
    0.32398152
    0.32809687
   -0.62346044
    0.31655950
    0.30692422
   -0.64862211
    0.33720081
    0.31301521
   -0.62210735
    0.28526811
    0.34098761
   -0.64755928
    0.32013948
    0.32784217
   -0.63986672
    0.34956534
    0.28230766
   -0.62942351
    0.33868104
    0.27956315
   -0.64507486
    0.34572110
    0.27959687
   -0.63940937
    0.29995223
    0.31632955
   -0.62336776
    0.29759337
    0.32659620
   -0.62709195
    0.34379664
    0.28181379
   -0.63241995
    0.31472604
    0.31713035
   -0.63554847
    0.31716795
    0.32090010
   -0.61867991
    0.33950202
    0.28432570
   -0.64536560
    0.34555012
    0.27886769
   -0.63843156
    0.32069790
    0.31687429
   -0.63410426
    0.31245564
    0.31009996
   -0.63306888
    0.30665906
    0.31451112
   -0.63325753
    0.32749695
    0.32337359
   -0.63715110
    0.31951258
    0.32863306
   -0.62357171
    0.31692459
    0.31443936
   -0.62655000
    0.28432136
    0.34141137
   -0.63223524
    0.31048568
    0.32664141
   -0.65472334
    0.31872495
    0.31025437
   -0.61925885
    0.28566100
    0.33577259
