$coord
           -6.1723583806          -10.9908661449           -9.5999799806     O 
           -4.7088274364          -11.8951709694          -10.1859642638     H 
           -5.7039488847           -9.1989722739           -9.6848401022     H 
            5.5257848096           -2.6948245577            4.8904176364     O 
            6.2570696829           -3.1471554227            3.2551422512     H 
            6.8567325397           -2.0132943218            5.9339070787     H 
            4.9422923929            1.6091918133           -4.9828294625     O 
            4.2392633644            3.2014496222           -4.4141979568     H 
            6.6262654331            1.9704393184           -5.6207850791     H 
            6.0299198049            0.1253019858           -0.1096804233     O 
            5.9187089145            0.4904120440           -1.9052590451     H 
            4.3038082838            0.2158713158            0.4922230069     H 
            4.2026982843           -3.3865708458           -4.3247419232     O 
            5.9950243480           -3.3841739379           -4.7705451659     H 
            3.6597672940           -1.7094948181           -4.7992378531     H 
           -3.3797176831          -12.1085947843            0.7455237496     O 
           -1.8298465250          -11.4119644820            0.0077133057     H 
           -2.7992366467          -13.0831671884            2.2112138178     H 
            9.6179677201            0.8816851966            3.4511490539     O 
            9.0110169265            2.1089474104            4.6655678232     H 
            8.2976749451            0.6723052544            2.1609188908     H 
            0.9140296864           -5.5324065911           -1.3493606815     O 
            2.4498093335           -4.6853684960           -1.9064406660     H 
            1.3019219165           -7.3263214495           -1.4427001319     H 
            2.9024813037           -8.0937511296            3.3004487099     O 
            2.3722550960           -6.3237372078            3.4093773527     H 
            4.7319403819           -8.1501945822            3.6201505225     H 
            0.6297559918            5.7783633926            1.9809779339     O 
            0.2837566956            5.9233891122            3.7884063779     H 
           -1.0185319125            6.0957930910            1.1850944540     H 
           -0.4623751869            6.6692923398            6.8011512919     O 
           -1.4249608254            5.5082530563            7.8463732895     H 
           -1.1988316894            8.3360596474            7.0318588363     H 
           -1.6373913467            1.3783840443            6.0120352691     O 
           -1.5686327345            0.9716786213            7.8014642148     H 
            0.1148120824            1.6492297929            5.4934055657     H 
            2.2327279948           -7.6214100152           -6.2677432048     O 
            1.3734594070           -7.0431654692           -7.7862409373     H 
            3.0305291973           -6.1181123119           -5.5346718221     H 
           -5.7195975555            4.2345699810            4.7139522825     O 
           -6.7572635890            3.2824663547            3.5234318686     H 
           -4.2441801963            3.2403702689            5.1698382126     H 
            9.7485687643            3.8880465366           -1.3568080531     O 
            8.2173918792            4.0790747737           -0.3389853835     H 
           11.1527877545            4.5031371631           -0.3592440941     H 
            0.8439467314           -1.7573168960           -8.2183002038     O 
           -0.5157067549           -1.6636248237           -9.4512830368     H 
            2.2030889972           -2.8375569400           -8.8607641976     H 
           -3.6958489484           -1.0332257167          -10.1746774540     O 
           -4.4750768720            0.1254705712           -8.9461054577     H 
           -4.4808117717           -2.6622106889           -9.8782209368     H 
          -12.8513006678           -1.7719405310           -0.2189443740     O 
          -11.6308552507           -2.0259555930            1.1272495455     H 
          -13.3829478234           -3.4168215921           -0.8071638469     H 
           -8.3683402427           -5.4023936083           -0.6884453552     O 
           -7.9098378609           -7.0426104591            0.0495711087     H 
           -8.5191537596           -4.2577948588            0.7501744196     H 
          -10.8586323124            2.9282470656            6.0985140800     O 
          -11.1564040435            1.6770296329            4.8173514287     H 
           -9.3694194785            2.3010407645            7.0297828484     H 
           -3.1494278050            6.5410304375           -5.2686285750     O 
           -3.7550359057            4.8317905904           -5.5312999206     H 
           -1.4608937774            6.5807687878           -5.9807762297     H 
            9.7908852572            2.7176329574           -6.2471570814     O 
           10.2096843307            4.1827769128           -7.2817743960     H 
            9.9732468122            3.2901782815           -4.5074468236     H 
           -3.3614677770           -5.5634631734            1.1474120596     O 
           -1.6833148244           -5.6453107809            0.3973361671     H 
           -4.0716377964           -3.9334976717            0.5088720524     H 
           -7.8843549428           -4.5697553240           -5.7592009556     O 
           -9.0476907732           -5.8392313190           -6.4427405197     H 
           -7.9092504304           -4.7183652310           -3.9331722102     H 
           -4.7751829984           -2.4395882051            5.5683276770     O 
           -3.9320180423           -3.8472025790            6.3756063673     H 
           -3.4726416199           -1.1421135341            5.3541455963     H 
           -9.9479503191            0.1427574305           -3.9300249279     O 
          -10.7539854628            1.7945759882           -3.8971436900     H 
          -10.5510289155           -0.6290875696           -2.3795016545     H 
            5.2945738369           -6.7676130254          -14.2972965235     O 
            7.0024923087           -6.1065019514          -14.3578438418     H 
            5.4531918186           -8.5776225675          -13.9160224024     H 
           10.4156502526          -11.8933606593           -2.1148278420     O 
           10.2774936980          -10.0481717058           -2.3327488538     H 
            9.9465987153          -12.5825922643           -3.7644047116     H 
          -12.9171415076           -6.7678909961           -1.7371615967     O 
          -11.1104355561           -6.3306263550           -1.6866254264     H 
          -13.0913425123           -8.2360944832           -2.8374327750     H 
            9.3082313875            8.3001912206            3.6272383655     O 
           10.4621423339            8.3341310883            2.1918673023     H 
           10.3777794036            7.5923132765            4.9568703740     H 
          -19.2487731404           -3.5916378701           -8.0121898020     O 
          -18.4964760744           -2.6021628460           -6.6550665384     H 
          -18.4362808785           -5.2342810026           -7.9168108193     H 
           -6.2565325160           -6.8471546926            9.7230215063     O 
           -7.1823438929           -6.6961842778            8.1352537399     H 
           -6.5483259676           -8.5750264673           10.2987446979     H 
            3.3935427199            5.8285856444           -2.6160064045     O 
            3.7710197791            5.2553461305           -0.9090207612     H 
            2.0269106293            7.0508798369           -2.4875434105     H 
            8.9727526854           -5.0506011638            8.6310955059     O 
            9.8333133790           -6.0458120438            9.9129909135     H 
            8.4309455641           -3.4853740125            9.4196551592     H 
           11.8181186299           -3.4238415179            4.9211744955     O 
           11.0523320035           -1.8517100261            4.3204409668     H 
           10.7521688003           -4.0415466080            6.3046842735     H 
           -7.8564426421           -9.8486184346            1.4443683668     O 
           -6.2291816498          -10.6738482186            1.1699141326     H 
           -9.1745684920          -10.9190889775            0.7331491459     H 
           -1.0043975616           11.3002557173            2.7960932877     O 
           -1.8103507466           12.8080358808            2.1060970602     H 
            0.2905587957           11.9124278728            3.9466616319     H 
            0.6564820559           -3.4660370240            4.0147773207     O 
           -1.0047347082           -4.0552684868            3.5424028848     H 
            1.0209243090           -2.0512375978            2.9112007254     H 
           -8.7802031249            2.7059065274            0.8652945748     O 
           -8.4340192814            3.9341454635           -0.4435133184     H 
          -10.5775337309            2.8414083205            1.1652406729     H 
           10.9198925959           -1.0703606612           -1.6445869830     O 
           12.6229441673           -1.3218908108           -0.9986695999     H 
           10.4723413172            0.7139753724           -1.4751349364     H 
            9.0852492872          -13.2212457909           -6.8367083844     O 
           10.2195796070          -12.6165650062           -8.1147654140     H 
            7.4251249186          -12.5508834255           -7.2853864697     H 
            4.7076283662            4.0486249196           -9.9775080496     O 
            5.4716903104            5.4209419759           -9.0419608386     H 
            4.3800028633            4.7117102177          -11.6776995436     H 
           -5.7456724369            1.9783396717           -6.6469007754     O 
           -6.8952210516            3.1216587557           -7.5186021657     H 
           -6.8648923038            0.9731658365           -5.5965585694     H 
           -7.1277573383            2.4300042868          -12.7237808556     O 
           -8.9401465549            2.0197765221          -12.6502371890     H 
           -6.5198271362            1.6389568167          -14.2356881358     H 
           12.3321267713           -4.9831359851           -8.5589205054     O 
           13.4983973540           -6.3791520492           -8.3066510165     H 
           13.2096440079           -3.4037740579           -8.1609613701     H 
           14.3822472867            4.3405880941           -4.6452635841     O 
           13.3712627485            5.8522739467           -4.3128858215     H 
           15.5239286206            4.7760204550           -6.0254493670     H 
            7.9382081379           -4.4970509218            0.7752547097     O 
            8.7651461353           -3.1293483184           -0.1405538932     H 
            6.9844806587           -5.4781754775           -0.4599752710     H 
          -17.4918130069           -4.2739286223           -2.5191814164     O 
          -19.2354371824           -3.8873586167           -2.9616700394     H 
          -17.3255170043           -3.7145525698           -0.7646106590     H 
           -5.2736172732           11.3663834279           -0.1169474593     O 
           -4.9486845603           11.8884024028           -1.8421330926     H 
           -6.9301962530           11.9999060048            0.3349417568     H 
           -5.7822997999            9.5575113830           -8.4028489739     O 
           -6.5009521687            8.6269051495           -9.8223716212     H 
           -4.8755702626            8.3157792943           -7.3603462507     H 
            7.5786874842           -7.7854178830           -7.2599090842     O 
            8.6942801949           -8.4063661643           -8.5714467959     H 
            6.5386983392           -6.4675793625           -8.0392939298     H 
            0.2986808299            3.2297424477           -7.4623490777     O 
            0.4146996275            1.4077626144           -7.2956237207     H 
            1.9284420260            3.7303740406           -8.1541265781     H 
           14.2766856029           12.4352022330            4.6087227862     O 
           12.7443475865           13.3744212693            4.2754770377     H 
           14.1136231368           11.8066550467            6.3392738182     H 
            8.0089925880            4.4095764140            7.2028243031     O 
            6.5944502919            5.5995001133            7.0103926703     H 
            9.1158548791            5.1313697563            8.4418326335     H 
            6.5420422814            7.1191786529           11.7171935937     O 
            5.7024521110            8.0655914406           13.0105711729     H 
            5.2485924297            5.9498499316           11.0259010442     H 
           13.7849549873           -0.4130206699           -7.1989982228     O 
           15.0835750748           -0.4345020292           -5.9041309628     H 
           12.4434406669            0.7555992742           -6.6614363601     H 
           -8.1698296837            6.7712572230            8.9837627679     O 
           -8.1984660701            5.5091608082           10.3282996607     H 
           -7.1702688857            6.0912318237            7.6000676684     H 
           -7.0879935597            0.9062883726            8.6969916491     O 
           -6.4221284133           -0.5200113212            7.7354898190     H 
           -5.6473603543            2.0154451246            9.0148743404     H 
          -13.5666667132           -3.1924776324           -5.9663235423     O 
          -12.1189033924           -2.2326335652           -5.3587610658     H 
          -14.8161200842           -3.2080943265           -4.6228719966     H 
          -24.7703303968            2.1730311541            0.4372597859     O 
          -24.7823732715            1.2841241782            2.0204207093     H 
          -24.4268543403            3.9309889563            0.8237540124     H 
            7.8390132206           -7.9938582467            4.3428612656     O 
            8.1827029465           -7.1404160268            5.9172084656     H 
            8.2005902107           -6.7872203586            3.0036601669     H 
          -13.2082696224            2.1563059117           -7.8885726106     O 
          -11.9514905915            0.9134295138           -8.4581251863     H 
          -14.2537816238            1.3480608742           -6.6175857742     H 
           -8.0256533695            7.4989552849          -12.5684358124     O 
           -9.7648116121            7.4917013188          -13.0979596483     H 
           -7.5116951154            5.7324970370          -12.6571804907     H 
            2.8407934990           -4.6849774163           12.6731988555     O 
            3.0201937237           -5.6960713796           11.1238126336     H 
            1.2198633913           -5.1126269317           13.4299151339     H 
          -11.5355029065           -1.6171221857           11.8374305882     O 
          -11.4489643410           -2.2192621554           10.0844829519     H 
          -12.0795611128            0.1450149438           11.6715307258     H 
          -19.6979138045            1.0202111557           -0.4583139975     O 
          -21.5036636038            1.3045635789           -0.6337998093     H 
          -18.9711247021            2.6895250340           -0.1529397114     H 
            7.0987820712            9.0595800982           -1.7866239067     O 
            8.8021743449            8.5971332587           -2.3771431715     H 
            5.9607672558            7.7738437355           -2.4827929157     H 
           -4.2653044827           -8.7118038147            5.0601887135     O 
           -2.5748111431           -9.1755155804            5.5523067401     H 
           -4.0898819849           -7.5854399722            3.6192124526     H 
          -17.4027980737            0.4919762920           -5.0829223247     O 
          -18.1119869597            0.5301294908           -3.3833701371     H 
          -18.6399806269            1.2577221916           -6.1898089788     H 
           -3.7154413427           -1.4531386044          -15.1681156322     O 
           -2.3860271367           -2.6756841811          -15.4466119504     H 
           -3.6945675838           -1.1315744097          -13.3339222715     H 
           -0.3499855440           -6.8491391507          -10.5166373708     O 
            0.0567632122           -5.9983213372          -12.1162739926     H 
           -0.4752636495           -8.6675994569          -10.8293596979     H 
           -2.2675923998           -4.4003927177           -5.1493669407     O 
           -1.2356507404           -3.3955381454           -6.2898955085     H 
           -1.1003916752           -4.8624787751           -3.7933039105     H 
           -0.0595750029            9.6691681156           -1.9545388976     O 
           -1.5120774026            8.9264810402           -2.7728069804     H 
           -0.5076366479            9.9803917213           -0.1838806422     H 
            2.4135687408           -1.2391284130            8.9215836327     O 
            1.8395292458           -2.2401122762            7.5036310105     H 
            2.3603053933           -2.3016627028           10.4161589667     H 
          -12.7226772823            4.4009383446           -3.1609393437     O 
          -14.1324167482            4.7291478670           -4.2725797683     H 
          -12.3949986736            5.9394553256           -2.2275196971     H 
           -1.2017602002          -11.1985512167           -5.2369300810     O 
           -2.6072843003          -10.3326143242           -4.3931010790     H 
            0.1595406297           -9.9462931340           -5.2563329927     H 
           -5.2109199672            9.4264899949            5.1293433756     O 
           -3.7175887299            9.9779426113            4.2077381817     H 
           -5.7391611180           10.8628792333            6.1278372213     H 
           -3.3396062008            4.1732305852           10.3150714985     O 
           -3.0716914134            3.1836031478           11.8330038326     H 
           -3.7840770458            5.8627716597           10.9072271741     H 
           -9.4466504579           -7.4518197239            5.6935239746     O 
           -8.4769994718           -8.3303365781            4.3985367372     H 
          -10.1396103563           -8.7303254101            6.8357955676     H 
          -21.9609212115            5.8951600983           -3.8324435192     O 
          -20.2998811740            6.0274073362           -4.6044184769     H 
          -22.6699102250            4.2784080971           -4.3198907304     H 
          -11.2763844023            9.8172088617           -8.6261618532     O 
          -10.5058340207            8.1159667904           -8.2445120323     H 
          -10.1715333253           10.5561945126           -9.8609302265     H 
          -22.4722095798           -3.4324639146           -3.3109525999     O 
          -23.2756410871           -3.6237879026           -1.6125346044     H 
          -23.1844353042           -4.6949901736           -4.3916761710     H 
          -13.6824499656           -7.0023903933            3.1212889741     O 
          -12.0784470752           -6.9632399363            4.0633406658     H 
          -13.2834273880           -6.9921883076            1.2973870962     H 
            6.4910579752            8.2380482521           -7.4534112469     O 
            8.2007330169            7.8751150565           -8.0261678425     H 
            6.5069821112            9.9732922259           -6.8776292364     H 
            3.9959985374            9.7210220896            2.0839833129     O 
            2.6735909827            8.4557452805            1.8077852302     H 
            5.3424071393            9.3279597610            0.8855695252     H 
            2.9637180069           -0.0346586484          -13.1422786162     O 
            1.7125960876            1.0840483486          -13.9515853540     H 
            3.0232360746            0.4360966240          -11.3842221140     H 
           -0.6398297240            2.7255211828          -15.1890749929     O 
           -1.7948741032            1.4150476375          -15.7505956804     H 
           -1.4721523892            3.5189833598          -13.7143127036     H 
           18.7803411008           -5.6422077188           -7.6846447400     O 
           19.5304860759           -4.1259827775           -8.4191866247     H 
           17.6032668063           -5.0616513984           -6.3826088317     H 
           16.0856225436            1.5979095600          -11.1675887218     O 
           15.2694312853            0.7414220333           -9.7263237370     H 
           14.6655107374            2.1016013617          -12.2095467362     H 
           -1.5294376601           11.5003165967            8.3182560868     O 
            0.1930622714           11.6879852020            8.9621089884     H 
           -1.9817293814           13.1138126856            7.5677447504     H 
           13.5614433319            3.7245618842            1.9852234376     O 
           12.5267716905            2.2689396219            2.4457566470     H 
           15.1062629420            3.2191689244            1.1597880232     H 
           16.0773050541           -5.8190598612            6.6112218059     O 
           16.9756142377           -6.1770786936            5.0248118249     H 
           14.6204202189           -4.8049891441            6.1099558433     H 
            5.9560926613            4.8592480006            1.8240540805     O 
            6.9766584054            6.1071366803            2.7067880045     H 
            4.9897288886            3.9233879872            3.0820860031     H 
           -9.6240621521           -1.1153667671           -9.2309364887     O 
           -8.9693751867           -2.1719735500           -7.8828314242     H 
           -9.2939839684           -1.9685890594          -10.8132940627     H 
          -17.4446769200           -3.7877415912            2.4950578691     O 
          -18.8984620339           -4.9155302359            2.6540733557     H 
          -15.9907342919           -4.8522108363            2.9282952743     H 
           -9.2334907938           -2.4052281561            3.2876832351     O 
          -10.2515488749           -2.9167480628            4.7474999797     H 
           -7.5037766315           -2.3635615200            3.9166044514     H 
            6.0076126261           12.7830692230           -4.8530679637     O 
            4.6106511758           13.7354495921           -4.1760642920     H 
            6.4433275963           11.5515480008           -3.5089082269     H 
           -4.0923086635            1.9261108714           15.0316138180     O 
           -4.5694111869            0.1738418508           15.1017620952     H 
           -5.6593136181            2.8457096221           14.8251961150     H 
           13.1446320125            6.2116194110            6.2409535410     O 
           12.9093088473            4.7820488118            7.3685838537     H 
           13.4742835629            5.4547650165            4.5774464073     H 
            3.3567093476            2.1713254494            5.2762599761     O 
            3.3594471183            2.6954446024            7.0403016118     H 
            3.9693192754            0.4385308416            5.2009405011     H 
           18.1518073532           -0.6796660503           -4.5266101718     O 
           18.2179173893            0.8823903871           -3.5550112881     H 
           18.9171476819           -1.9754924718           -3.4446773331     H 
           17.6460731716            5.4457029835           -8.4057186450     O 
           17.2292377639            4.0960594749           -9.6247740600     H 
           17.0145361615            7.0205075547           -9.0624606311     H 
            8.8030486898           -2.5507123176           -5.8748828950     O 
            9.9277509228           -3.7069940866           -6.7395623516     H 
            9.6854779742           -1.9426917780           -4.3684911687     H 
          -24.1130405927            1.1860611917           -4.6488008151     O 
          -25.1767902067            1.5712598601           -3.2197978349     H 
          -23.3785956254           -0.4664319856           -4.2447729113     H 
          -22.5374588838            6.8115813745            1.0613554594     O 
          -22.2423837003            6.5569022989           -0.7677662249     H 
          -22.4342311899            8.6063971048            1.2804223891     H 
           -9.9940241654           13.3362826594            0.8099148106     O 
          -10.4595195468           13.4311844606            2.5657719434     H 
          -10.8743111087           11.8665001372            0.1190678725     H 
           -7.9433253494            6.5634182123           -2.6878739406     O 
           -6.2014868337            6.5207402879           -2.0981108729     H 
           -8.3742966211            8.3338918656           -2.8368967828     H 
            7.7964845167           -0.1594976250          -10.1567029099     O 
            6.7234493653            1.3275896296           -9.9936985610     H 
            8.3064868968           -0.6093541448           -8.4314910418     H 
          -11.4501176266           11.7207498298            5.7515354260     O 
          -10.6934681800           10.2111458901            4.9350929690     H 
          -12.1370968380           10.9906825911            7.3392475610     H 
            0.4392479962           13.8856800120           -7.6690020242     O 
            1.8924499407           14.5699879354           -8.5009678534     H 
           -0.8515929674           13.5865450777           -9.0439945518     H 
            9.8631681565           -4.5452897812          -12.9908735927     O 
            9.4023584917           -2.8061985989          -13.2372290725     H 
           10.7398340953           -4.5720767104          -11.3613351458     H 
          -12.0425606115            1.8240536351          -13.3386483529     O 
          -12.6620040287            3.5293357205          -13.1152605819     H 
          -13.1888410611            0.6868496016          -12.4869701812     H 
           -2.4145701473           -1.0398975304           10.6790422884     O 
           -4.0033044757           -1.4478374025           11.5089301128     H 
           -1.8520195104           -2.6195837746            9.9125006798     H 
          -10.4798375559           -8.0049343192           -8.3599718703     O 
           -9.3413399848           -9.2659207782           -9.0005011351     H 
          -11.2339892156           -7.1984318085           -9.8463662896     H 
           -4.6774264941           -8.3012288240           -3.0921811156     O 
           -4.2472276483           -6.8516826401           -4.1384021989     H 
           -4.3506905231           -7.7155223681           -1.3751112191     H 
          -17.4112314889            5.5655622488           -0.4032802821     O 
          -18.1907677259            7.2140457991           -0.1221655411     H 
          -17.1703019735            5.4795133519           -2.2156062339     H 
          -13.2136007549          -10.8159252966           -4.8089263783     O 
          -14.0061430011           -9.9005323279           -6.1978077856     H 
          -11.4338083774          -10.9994461342           -5.2653336100     H 
           19.6559312757            2.6310716883            3.7155747947     O 
           18.0986702078            1.6536998289            3.9945479131     H 
           20.1153767284            3.2048600184            5.4224477393     H 
           -2.7756123052            4.6084171793          -11.1001547986     O 
           -4.3732955776            3.7235563718          -11.1567807604     H 
           -1.8026769828            3.9911294062           -9.6274106565     H 
           11.6142329669            8.4409816032           -3.6322067577     O 
           11.5881384257            9.9579105967           -4.6896174076     H 
           12.5928706441            8.8651974953           -2.1244349141     H 
          -24.3750545141           -4.0388750187            1.1894585177     O 
          -23.4782290624           -5.5517681121            1.7180172368     H 
          -23.7293425976           -2.7097398080            2.2885191240     H 
            4.4089977171            7.8879749532            6.6997837044     O 
            2.7217363652            7.1471077935            6.8560452641     H 
            4.4285890562            8.7181582429            5.0396943285     H 
            1.0957378288            0.8971473485           13.7617952346     O 
            0.0579173948            1.7830076631           14.9564371646     H 
           -0.1013442029            0.0126552794           12.6472411462     H 
           -1.8511149013           -6.0763677126           14.1278105399     O 
           -3.4438378229           -5.2092707886           14.0364691931     H 
           -2.0772702266           -7.7380929150           13.3875517911     H 
            7.6743269425           -4.6076885464           14.0410636689     O 
            8.1540263712           -6.3282047186           14.3283716540     H 
            5.8748600040           -4.6404771035           13.5799857588     H 
            1.3087399872            8.7133539635           -7.1806186959     O 
            1.1642853597           10.5187720555           -6.9090062929     H 
            3.0613561686            8.2641791919           -6.9330890589     H 
            9.4715756386            3.2693369192           13.3208347059     O 
            8.4909386482            4.7274410580           12.7726115094     H 
            8.2631910016            2.2899182975           14.3298519394     H 
           -5.7265727928          -15.5667491356           -2.0047533120     O 
           -6.7740327510          -14.6157160739           -3.1722792620     H 
           -4.8461033554          -14.2561010088           -1.0233567843     H 
           -4.3255609137           13.0924528871           -4.9116119971     O 
           -5.1975915755           11.9234035729           -6.0246859978     H 
           -2.7363500966           13.4646685287           -5.7051104499     H 
           -2.8855191342           16.0174077431            6.0817047076     O 
           -4.6179419305           15.6406350042            6.5203725092     H 
           -2.8329905028           16.1934323068            4.2554517071     H 
           23.7075798195            1.8141366658           -5.4266254379     O 
           22.9853256380            0.7441319975           -6.7189013294     H 
           23.5052322987            0.9782948785           -3.8044649061     H 
           15.5477100979           -1.7385066611            0.2331020940     O 
           16.5407594506           -0.3222716498           -0.3344064998     H 
           15.5276549315           -1.6307919925            2.0743817387     H 
          -13.2543463466            3.0214222917           10.7118984797     O 
          -15.0773495019            2.8494916467           10.5497749656     H 
          -12.5992579573            3.1791481561            8.9960187832     H 
            4.1594364474          -11.8825554862           -8.0095665592     O 
            3.7448792125          -10.1516088191           -7.4596409802     H 
            3.9007559097          -12.9167936387           -6.5112424187     H 
          -12.8701931366            8.8806697516            9.4803292052     O 
          -11.2523643593            8.0027619847            9.4886261815     H 
          -14.0403896218            7.7461694620            8.6460549894     H 
            1.1376250143          -10.5662011212           -0.6573301103     O 
            1.9291009738           -9.9131983408            0.8899567727     H 
            2.3185938459          -11.7022966146           -1.4372544538     H 
          -18.8849563218           10.4637744866           -0.6346735922     O 
          -17.8695359370           10.8949861802            0.8305333043     H 
          -17.9422302663           10.9762547535           -2.1023881085     H 
          -16.0617741220           -0.0332402241            5.4512413513     O 
          -16.8531730965           -1.4242651457            4.5173587856     H 
          -15.3956486811            1.1105972505            4.1544911667     H 
           17.5688337464            8.2841949490            7.1836184002     O 
           17.3318311932            9.7617455185            8.2060563254     H 
           15.8434847820            7.5671863755            6.9826584343     H 
          -15.1529887851           -1.8557651980          -10.6946921587     O 
          -16.9123594411           -2.2625529255          -10.3990269194     H 
          -14.3368954575           -2.1523347982           -9.0571018677     H 
           12.8385429021           14.4323752039           -1.5219388057     O 
           11.6940188996           14.0880829227           -0.1205020796     H 
           14.5226470026           14.0826417384           -0.9369861075     H 
           14.8405657866            9.8592000008           -8.1341292428     O 
           13.7516507865           11.3192702733           -8.0345569182     H 
           15.5593011746            9.7086550953           -6.4329502235     H 
           12.6421447373          -11.5258974688            2.7472611421     O 
           11.8971576158          -12.2239223235            1.2337776019     H 
           12.5989044353           -9.6845977280            2.4261509920     H 
            0.3513857171          -10.4422837468            6.7890185196     O 
            1.4842030359          -11.3230295004            7.9810486144     H 
            1.4505135204           -9.5480439685            5.5567053529     H 
           -6.2813114022          -13.2802837010            6.0586037611     O 
           -5.8232850525          -11.5965974965            5.4363512629     H 
           -7.2478328509          -14.1283568795            4.7355123151     H 
          -12.3875481246           -2.9960990603            7.0968470259     O 
          -13.7286274000           -1.7959605035            6.6351540253     H 
          -13.2377845259           -4.6075147847            7.3632769318     H 
           12.7682377863           -6.7307000342            1.3362454541     O 
           11.6337863948           -6.5432120588           -0.0915110423     H 
           12.2556749876           -5.4525078973            2.5823519157     H 
           19.0149902169           -2.2768371540            8.5474479062     O 
           20.4915585844           -2.2136684728            7.4495347228     H 
           18.1843199483           -3.8936991845            8.2069177032     H 
           11.4101009184           -8.4021201574           11.6571761334     O 
           12.3823853769           -9.2419133366           10.2926382912     H 
           12.6409021162           -7.7196550986           12.7935352916     H 
          -20.8659970410           -7.5253577138            2.3748157769     O 
          -20.3224343064           -8.4182874786            3.9111742355     H 
          -20.1841507889           -8.4288818699            0.9424823514     H 
           -4.4703624487            9.0721512582           11.5467494926     O 
           -6.0439582551            8.6593027153           10.6790275487     H 
           -3.5131020107           10.1200164094           10.3548934255     H 
           -6.8010455430          -11.8106153617           10.8688693639     O 
           -6.6293844972          -12.5866957044            9.1965878167     H 
           -5.1210432351          -11.8392113372           11.5949423203     H 
           -8.7025641283          -15.8021216409            2.3042886215     O 
           -9.9093346642          -14.8182888641            1.3193803832     H 
           -7.4791718816          -16.3423252158            1.0469023436     H 
          -15.8152755474          -11.3807822611            2.5013194441     O 
          -15.0371560188           -9.7587189055            3.0468736854     H 
          -16.8068100663          -10.8919944277            1.0243491844     H 
           10.8070539630           -9.7180625379          -11.0001506435     O 
           12.4958375301           -9.7323367134          -10.2783399392     H 
           10.7603415923           -8.2842389932          -12.1238836631     H 
           13.5247211348           10.7453625655            9.4630267707     O 
           13.6599625449            9.1136594382           10.2806095012     H 
           11.7048644125           11.0171099794            9.2764805391     H 
            8.5519249754           10.8158815679            8.5418225025     O 
            7.8207723312            9.5800958210            9.6860442981     H 
            8.2347500911           10.2093320764            6.8555934167     H 
          -18.8675361351           -9.6654619584            6.4551757122     O 
          -18.0261164871          -11.0147099000            5.5603490535     H 
          -17.4959399862           -8.6703326163            7.2057799901     H 
           13.7809373921            5.7316977976           11.6122744524     O 
           12.3219417675            4.9995518844           12.4415743698     H 
           15.1498454563            4.5919039701           11.9650633910     H 
            4.3426833247          -14.5330102917           -3.6825518258     O 
            5.6952635387          -15.6931234211           -3.9932320310     H 
            2.7814308113          -15.4857748011           -3.5748720142     H 
          -13.9776396340            2.6672759258            1.7994866833     O 
          -13.9243849411            1.2049374845            0.6809590879     H 
          -15.0689788841            3.9016687563            0.9694235030     H 
          -11.5098069617          -10.7134840785            8.9841856978     O 
          -11.9813312864          -12.2021233303            7.9828680533     H 
          -10.1789086372          -11.2386349769           10.1173153786     H 
           -1.5707832168          -14.5622262387            4.7468183856     O 
           -3.2124255511          -14.7352847806            5.5571042743     H 
           -0.7757231503          -13.0933714567            5.5674050087     H 
            4.6054688412          -16.3442340540            6.6637497052     O 
            6.1630898370          -15.4323917335            6.3358152901     H 
            3.8329595446          -16.6155308210            5.0417813844     H 
           10.5900558544           -7.0122636919           -3.3100742944     O 
           12.1609633075           -6.2442425754           -3.8721755893     H 
            9.4614499378           -7.0821327288           -4.7728911685     H 
           12.5443604799            1.5045662644            8.1859910980     O 
           11.0990520757            0.5690943245            8.7846214117     H 
           13.8024155671            1.4163710618            9.5321801674     H 
           -6.6019422114           -2.9382248489           12.9428337960     O 
           -8.3367228681           -2.3327504122           12.8619634317     H 
           -6.5911556528           -4.3877022660           11.7927341133     H 
           -2.8317172845           12.7393536759          -11.0528655058     O 
           -4.0910771058           11.7208248166          -10.1518606665     H 
           -1.8117533977           11.4821400521          -11.9434502580     H 
           17.7604735791           -6.6787280345            2.0033761012     O 
           18.7311795204           -5.4691543284            1.0043808791     H 
           15.9970506444           -6.5485666500            1.4514483959     H 
            3.2306057825           11.4827656001           10.0647345413     O 
            3.8244821025           13.0556070234            9.3792622260     H 
            3.8721033124           10.1917344339            8.8841052820     H 
           -9.3969118276            5.4740837855           -7.4067860582     O 
          -10.8544246518            4.3406974115           -7.4662331637     H 
           -8.9667281493            5.7369210041           -5.6184020551     H 
            6.0939529049          -12.3085265916            0.9476558605     O 
            4.8551340288          -13.6740881938            1.0043904319     H 
            7.4915048629          -12.8087388989           -0.1206647640     H 
          -12.3662711166            8.8300852969           -0.3197513145     O 
          -11.0931992206            8.1170294094            0.8231344818     H 
          -13.8027972527            9.1921271027            0.8002805177     H 
          -12.7611879585          -14.4424652159            5.8275340303     O 
          -11.4306652478          -15.2811076130            4.9075866077     H 
          -13.9262790672          -13.7622456092            4.6016983629     H 
          -16.5490026331           -2.9579850856           11.5988557728     O 
          -14.7752279316           -2.6111542920           11.9880093198     H 
          -17.3320493469           -1.3122054190           11.4799348045     H 
           -7.2035019984           13.5046024761            7.7553188873     O 
           -8.8716748981           13.0774917579            7.0539906452     H 
           -7.2825258825           13.1879044319            9.5359622403     H 
           -8.6003531310            3.4303712495           12.8778607373     O 
          -10.4086431299            3.6346304941           12.9574033937     H 
           -8.3003485959            1.9942903811           11.7676481025     H 
          -17.0785848099            6.1475730749           -5.5423569157     O 
          -16.4733537860            7.8942476115           -5.4442603862     H 
          -17.1517606357            5.6636259253           -7.3370602012     H 
          -18.1209942897            1.7819605310            9.6647615007     O 
          -17.5158613826            1.0628044157            8.0621707348     H 
          -19.3584780637            3.0189601518            9.1937788999     H 
           -2.3116389004           15.9176624298            0.9163191317     O 
           -3.8725243150           16.3518362953            0.0206919228     H 
           -1.0008060879           15.8015808635           -0.3592087922     H 
           20.7919168503            5.7198729424           -4.3221088858     O 
           19.8074289404            5.7446873244           -5.8767131226     H 
           22.1182665650            4.4644459252           -4.6855770781     H 
          -12.7238724941           -5.9603702136          -12.4027184813     O 
          -13.6444433415           -4.3921579633          -12.0459113347     H 
          -11.2070939980           -5.4172256193          -13.2683086953     H 
          -15.6123215933           10.2232863060            3.2384867513     O 
          -15.7903177757            8.6744900299            4.2529819498     H 
          -14.4096443710           11.2545327573            4.1735350200     H 
          -17.9245828126           -9.2583291172           -1.7002352227     O 
          -17.2152427022          -10.1620021563           -3.1025593749     H 
          -17.5482876195           -7.4583394732           -2.0469756724     H 
          -19.7342914522           -3.9474183382            7.3392323890     O 
          -20.2296285356           -5.6880284336            7.4206010472     H 
          -18.6474259860           -3.6312563425            8.7754511314     H 
          -20.2139791903            4.2835131631            5.0734518528     O 
          -20.9471048113            5.2716848230            3.7126653250     H 
          -20.8043995704            2.5568027723            4.8252129496     H 
          -15.7328099945           -7.4671469003           -7.8957838946     O 
          -14.6869953295           -6.1477668114           -7.1306156725     H 
          -15.1762738593           -7.5743213682           -9.6241181467     H 
          -17.1343161824            4.2875545157          -10.1802440196     O 
          -18.6212544619            3.2238468824          -10.1565702203     H 
          -15.6982216738            3.2269399377           -9.6578989708     H 
            7.3532686333           -0.2412094254            9.1383487132     O 
            7.4737760389            1.5270655549            8.6412747870     H 
            5.5374422531           -0.5532819279            9.3134125660     H 
           11.7546652112           -1.4362700151           12.6524252503     O 
           10.4852260588           -2.6180416192           13.2227252350     H 
           10.9739627850            0.2080843192           12.8714364330     H 
            0.7748020918           -4.3008470525          -14.6671692355     O 
            1.6269229231           -2.7550618471          -14.0763589118     H 
            2.1453716807           -5.3509835287          -15.2643328383     H 
            4.8507005165           -4.3408663787           -9.8797730365     O 
            4.7864965488           -5.2108043099          -11.5095891312     H 
            5.9589565043           -2.8779914691          -10.1122960503     H 
           -5.0759722672           -6.0186230470           -9.5880943387     O 
           -5.6020238358           -5.5444376924           -7.8765507386     H 
           -3.2236381951           -6.2437641168           -9.6351650249     H 
           20.2069646470            4.1534045227            8.4492636352     O 
           19.2373280460            3.1961151124            9.6485868170     H 
           19.3459507750            5.7782255332            8.2408067057     H 
           15.3914930509           -5.3172433077           -3.7931676558     O 
           15.6272664919           -4.2625131857           -2.3175013169     H 
           15.6934583648           -7.0694058089           -3.3061079305     H 
            6.0136534867            0.3577243465           15.5871466213     O 
            4.2876411226            0.4217479614           14.9706045912     H 
            6.5754948429           -1.3570852867           15.3511068508     H 
            6.9906780080          -10.2940493206            9.4407443585     O 
            8.4565632253           -9.8996145006           10.4406719720     H 
            7.5945941776          -11.2147297078            7.9373982966     H 
            2.2115173885           14.3599044398            5.7900290625     O 
            3.2385441496           14.8954238302            4.3654867747     H 
            0.8827753744           15.5834820606            5.9917100487     H 
           16.3285075664            0.8674245741           11.5813563319     O 
           15.1361702054           -0.1618041008           12.5167057625     H 
           17.4366220330           -0.3201946185           10.7149222421     H 
            0.6125333670            7.7790761678           12.7074226984     O 
           -1.1588385979            8.1898351688           12.8216328141     H 
            1.4482450289            9.2852929393           12.1038409640     H 
            2.8343747915          -13.0804683559           10.1812611439     O 
            3.2727178092          -14.5509641603            9.1531676609     H 
            4.4015864612          -12.1201228634           10.3123643849     H 
           15.9082360962           -0.2781109472            5.0111752801     O 
           16.9922624852           -1.0753155901            6.2769203559     H 
           14.4413418727            0.3629330556            5.9502213234     H 
           18.2374681843            7.2460757085            2.2409588566     O 
           18.6890414518            5.4690968849            2.5117693039     H 
           18.1415751142            7.9648789748            3.9311365589     H 
           -1.7879729641          -10.7174692127           11.6002730321     O 
           -0.3809480766          -11.7799753824           12.0564854533     H 
           -1.4979355630          -10.3361382638            9.8310317775     H 
           24.8917168187            4.5559213406            2.1095772063     O 
           24.3853720046            4.7115265191            3.8418431451     H 
           24.2817046101            6.0902078326            1.2607572986     H 
           14.0475086550          -10.2525739776            7.8905328800     O 
           14.9534945659           -8.6911624804            7.4676978948     H 
           13.5139096939          -10.9584949624            6.3011309656     H 
            3.6642151486           -6.6004282864            8.1781670656     O 
            4.9901676646           -7.8375485162            8.4877975888     H 
            4.3610987069           -5.2928558519            7.0872727503     H 
           21.7867261042           -7.6481378278           -4.1107035642     O 
           20.8744559471           -7.0810145782           -5.6247076137     H 
           21.0496559453           -9.2243715690           -3.6073873135     H 
           17.6507755942          -11.6546940804            0.9999880301     O 
           18.1133784655           -9.9513166303            1.5408392813     H 
           16.1194043469          -12.0420413904            1.9319705949     H 
           -0.5541142989          -15.7534068272           -3.0547926241     O 
           -0.8012482409          -14.0707213728           -3.8029461593     H 
           -2.2544942540          -16.3783046218           -2.7942176402     H 
            5.5686856446           -8.0047579733           -1.9960860049     O 
            5.8595298985           -9.4652012044           -0.9348562646     H 
            6.0191859414           -8.4074744924           -3.7063296571     H 
          -15.5327942217            5.9954878605            5.9647234450     O 
          -17.2062441079            5.2536160535            5.6980172865     H 
          -14.3009396071            4.8520939018            5.2583899089     H 
           22.5015362128            8.4926754409           -0.1508615508     O 
           22.3226083298            7.7973296256           -1.8298703485     H 
           20.8802329168            8.1739257452            0.6942081453     H 
           -8.0635943799          -11.7395146500           -4.8409110395     O 
           -7.3962356043          -11.7939541811           -6.5526511734     H 
           -7.0792753768          -10.4224107861           -4.0083871321     H 
            9.6162441782           13.4694527781            2.4605282035     O 
            8.0235051264           14.2798644953            2.0623176551     H 
            9.1996281142           11.7220042261            2.8341044400     H 
            4.6761216918           14.6543100289            1.3315593327     O 
            3.6647421512           15.1523219167           -0.0987003181     H 
            4.3371335582           12.8427649501            1.5491370377     H 
          -21.0853892337            1.2241865660           -8.8445287704     O 
          -20.9154254230           -0.5845171217           -9.0345955266     H 
          -22.5437573601            1.4849319075           -7.7771800476     H 
          -15.0518988923           -7.0816866256            8.6320492680     O 
          -13.8341686542           -8.3780624961            9.1039140841     H 
          -15.5690826118           -6.1742696115           10.1290294916     H 
           22.3009689545           -1.7515718068            4.6623298146     O 
           24.0863283931           -1.6405224276            4.4131765991     H 
           21.5788290428           -0.1896489840            3.9934664065     H 
           11.1295187032           12.9106539467           -6.0007463490     O 
           11.8698588469           13.7090920126           -4.5017226018     H 
            9.3325570161           13.2267027342           -5.8598981298     H 
           17.6814984684           12.7363504758            0.5859963922     O 
           19.4361791198           12.4080555136            0.9014130658     H 
           16.8216625973           12.7025858921            2.2075568568     H 
           -8.0014880365           -4.0213506247          -13.3426515325     O 
           -6.8121527146           -3.1708130293          -14.4421933686     H 
           -6.9923561302           -5.0129168249          -12.1692313825     H 
          -21.7196802427           -0.5768287301            4.0195192146     O 
          -20.5213352171           -0.5363532409            2.6152839292     H 
          -21.0316341483           -1.7221740203            5.2896382596     H 
           -9.2883273057           11.4111319640           -4.1166672015     O 
           -9.6723995322           13.1618888839           -3.8830750635     H 
           -9.7440871832           10.9666735676           -5.8395788549     H 
            3.4284307069            5.9538275178          -14.5258443806     O 
            2.1980398534            4.8847411210          -15.3517954437     H 
            2.4077314063            7.3183577550          -13.7987140661     H 
           17.5848574772            3.1210531692           -1.3027979469     O 
           18.9315706438            4.2500218122           -1.8581828335     H 
           16.1507028108            3.6495513413           -2.4468549856     H 
           -9.5945267064            7.5899178685            3.6187226836     O 
           -7.8304552064            8.0372038885            4.0160031875     H 
           -9.9519275220            6.0359895276            4.5278913854     H 
           -6.5892344329           16.6510752335           -1.7851202858     O 
           -6.0007335669           15.5358295203           -3.1188060600     H 
           -7.8842760309           15.7552406719           -0.8588966533     H 
           -1.5588865481           -5.4190204507            8.3889076313     O 
           -0.0546178118           -6.4243210646            8.1605725902     H 
           -2.9566257186           -6.4411209680            9.0039268458     H 
           13.5386452927            8.8900118754            0.9727218305     O 
           13.7577792184           10.2728278042            2.1698516189     H 
           15.1270934152            7.9704775455            1.0482897753     H 
            2.2208950237          -15.7436991230            1.4550785357     O 
            1.2502744007          -15.9140987205           -0.0962687346     H 
            0.9456938541          -15.4530408281            2.7394426064     H 
            2.9331450907            4.0238596553           10.1864948129     O 
            1.7408308046            5.3088543829           10.7655039776     H 
            2.5894038555            2.5954386322           11.3024474984     H 
           16.8565455371            9.3726715880           -3.4213945369     O 
           17.0485896456           10.6348160769           -2.1085463448     H 
           18.4212102997            8.4554071426           -3.5089420052     H 
           15.2342193958           -9.2627005492           -8.3119046614     O 
           16.7753298503           -8.2951894753           -8.5527841308     H 
           15.3277900492           -9.9099891823           -6.5924919744     H 
            0.0387213695            8.7129051212          -12.0366547578     O 
           -1.2675581763            7.4190455850          -12.0433978318     H 
            0.6439900624            8.6858682915          -10.2758153665     H 
            7.1510601863            2.2868672533          -15.5540127966     O 
            6.2833224714            3.8851729836          -15.6453605860     H 
            5.9662636953            1.1525548619          -14.7317294126     H 
            8.3842975412          -13.0047517503            5.4299787852     O 
            7.3752400625          -12.3361252481            4.0265708194     H 
           10.1058432173          -12.6699015528            4.9034675951     H 
          -14.7951309935           10.5367215779           -4.6884910618     O 
          -13.7515124737           10.6264981747           -6.1856187545     H 
          -13.6602274168           10.0761248458           -3.3191530116     H 
           -4.0141457055            6.6430131081            0.5289023156     O 
           -4.6884324383            5.9903174711            2.1209717867     H 
           -4.4189077650            8.4512384274            0.5222888255     H 
            1.3107388966           14.4654095386           -2.6637319404     O 
            0.8200878415           14.8238439380           -4.3844246816     H 
            0.8596946879           12.6713576795           -2.4025701140     H 
           20.3756322169           -3.8017938220           -1.2556066754     O 
           21.1941978019           -5.1835329640           -2.1896592646     H 
           21.6627413241           -2.6502886190           -0.6561808674     H 
           22.6406480261            0.7534089539           -0.4027096754     O 
           21.0065620711            1.4232088488            0.0576180184     H 
           23.8201226379            1.9402586712            0.3821278751     H 
           15.4306860438          -10.4266157389           -3.2667615861     O 
           16.4672698579          -11.0219353311           -1.8331513629     H 
           13.7452910214          -11.0640431410           -2.9125521486     H 
           20.4084100239           -0.9020149526           -8.9585681333     O 
           19.4950552087           -0.5867559332           -7.3731922222     H 
           19.4258775517           -0.0768422538          -10.2498678804     H 
          -13.5216153196            7.0020438773          -12.5565271503     O 
          -13.1111503317            8.0766427628          -11.1314495009     H 
          -15.1742352814            6.3198277209          -12.1744813564     H 
          -11.7730289210          -12.6616603930           -0.1805496837     O 
          -13.3085096621          -12.2942995978            0.7914251792     H 
          -12.2025387578          -12.4535886824           -1.9398519883     H 
           11.2471710222            2.7802860544          -12.5606289735     O 
           10.1041670902            2.8337110773          -14.0036772733     H 
           10.3700869705            1.6235404163          -11.4134985419     H 
           -0.8873128054          -11.8714295422          -10.2096902305     O 
            0.7837493918          -12.5534505634          -10.4177157645     H 
           -1.1263904970          -11.7552743663           -8.3644123090     H 
            6.1177658615          -11.4936020176          -12.7430637307     O 
            5.3115173350          -11.7253387009          -11.1097556622     H 
            7.9024735643          -11.3728901238          -12.3906708869     H 
           10.9902679499            6.6398647219           -9.2366586264     O 
           11.2786180959            5.5538355940          -10.7001678993     H 
           12.4781171281            7.6917928176           -8.9478835990     H 
            0.7920169657            0.6701603929            0.7211400128     O 
           -0.8531724345            0.3320457018            0.0154823860     H 
            0.8645464908            2.4803540447            1.0652156032     H 
           -4.4088388789           -0.6421221693           -0.8066292458     O 
           -5.7929997710            0.5159818240           -0.5288472715     H 
           -4.4153107181           -1.1093072343           -2.5632425588     H 
          -16.1046334998            9.0375418536           -5.4118336760     H 
$end
$set
 chrg  1
 ewin_conf 50.0 
$end
