$coord
           -7.5279543278          -13.8467038060           -7.7033799466     O 
           -6.7025752174          -12.3566973983           -8.3876335748     H 
           -8.5499933897          -13.2345588376           -6.3154381165     H 
            7.2238016677           -7.1251170991           11.8284239156     O 
            6.3969825688           -6.0546831697           10.5363891226     H 
            6.0770603193           -7.1403988749           13.2379755510     H 
            4.3093512531            2.4228155218           -5.2092582232     O 
            4.2390457593            3.8843232564           -4.1256130953     H 
            3.5088610548            1.0486799397           -4.2938982956     H 
           10.0417488531           -3.5235432768            0.5310268708     O 
            9.9693229565           -4.5966128019            2.0203764202     H 
            9.9878692934           -4.6438084885           -0.9252598744     H 
            4.8766516604           -4.6032524742           -2.7921921533     O 
            5.1794164468           -5.2149915559           -1.0804848158     H 
            4.3576177565           -6.0157341047           -3.8048284690     H 
            1.4234348097           -9.1306090711           -3.4866309340     O 
            0.6597679333           -7.5106154225           -4.0067464862     H 
            1.3804840085           -9.2077792557           -1.6531049344     H 
            6.3536157413           -1.6289918116            4.8644523820     O 
            7.8560840687           -0.6128760850            4.5791708805     H 
            6.1793779198           -1.9357321208            6.6614421451     H 
           -0.5337843523           -4.9476929955           -5.1997771575     O 
           -1.4035699416           -3.7913246321           -4.0017243415     H 
            0.8537406194           -3.9953172215           -5.9603795414     H 
            6.1432422565           -9.7226597885            6.5936637047     O 
            7.2398223769          -11.1754081062            6.6207532570     H 
            7.2015887835           -8.2933249036            6.1013234499     H 
           -0.9198531314            3.8808732102            3.6734154189     O 
           -0.0559839614            2.2596010979            3.5545393561     H 
            0.1524951083            4.8948726941            4.7842856341     H 
           -1.4469673861           10.4940109985            6.6421449159     O 
           -0.7439160235           10.2329637283            8.3227699340     H 
           -1.5383251497           12.3221053630            6.3056547177     H 
           -1.5029538922           -0.1455653132            7.6923055482     O 
           -3.1906032247           -0.6586497216            7.1691213596     H 
           -0.4233673665           -0.4975765708            6.2282961634     H 
            5.9399966450           -6.9228848326           -7.3661287955     O 
            7.4271046995           -6.6360810818           -8.3754791262     H 
            4.7283935988           -5.6370809675           -7.8519858765     H 
           -5.6374846939            4.0131675900            5.3071338232     O 
           -6.1102645495            2.3006824798            5.7686532938     H 
           -3.8711765999            3.9498360723            4.7381125330     H 
            9.1053456528            2.1556134648           -3.0091441735     O 
            7.8855529117            1.4173327151           -1.8148290202     H 
           10.7717525564            1.8043418200           -2.2984050622     H 
            2.8949420978           -2.6697911586           -8.0658129015     O 
            2.1365746215           -1.9564059650           -9.5834373125     H 
            4.2536882169           -1.5830806242           -7.5224118181     H 
           -5.9135612522           -0.5126093650          -14.5616790107     O 
           -7.3718388103            0.3766124465          -15.1812738873     H 
           -4.7317971086            0.7757662873          -13.9675812543     H 
          -12.2318693539           -1.9624051616            2.4827425016     O 
          -12.6225389092           -3.4583704884            1.5129882834     H 
          -11.8519852066           -2.6144955373            4.1905750085     H 
           -9.0671417022           -3.6859609300           -2.0236620281     O 
          -10.2889122195           -5.0527950904           -1.7796537846     H 
           -8.5880434703           -3.6838728028           -3.8014036444     H 
          -11.8865271182            4.1330772192           -0.7939779298     O 
          -10.1622099755            4.2149390875           -0.1927656961     H 
          -12.2488495757            2.3937015525           -1.3217932193     H 
           -3.7906173965           10.2383300683           -4.8379498851     O 
           -5.2118624701            9.3711845592           -4.0282966740     H 
           -4.4278302786           11.0593804751           -6.3481839894     H 
            8.0561581484            3.3248093446           -8.6292019638     O 
            8.6044813400            5.0465603099           -8.2247596257     H 
            6.7067744020            2.9341713193           -7.4479740169     H 
           -3.5774584702           -7.6261456293            0.6642269416     O 
           -5.0241644076           -8.7198223733            1.0467916887     H 
           -3.8898214457           -7.1820654536           -1.0842237151     H 
           -7.6277288302           -2.6479817065           -6.8964534302     O 
           -5.9594922265           -3.1670341067           -7.4947469050     H 
           -7.4873668033           -0.9580003324           -6.2084289489     H 
           -6.3856655774           -0.9081557715            6.2897591146     O 
           -6.7694709283           -2.4252288165            5.3221516231     H 
           -7.1836245749           -1.0577564450            7.9483838718     H 
          -12.9862977328           -0.5005974044           -2.4027524473     O 
          -11.5059260258           -1.6176568311           -2.2918312047     H 
          -14.3526971847           -1.3587058008           -1.5571709312     H 
            7.7342894219           -2.0856596383          -11.0191154858     O 
            7.8274139866           -1.9995999770           -9.1705778139     H 
            9.4642069278           -1.8945692324          -11.6272663111     H 
            8.4899587265           -9.8323811787            0.7251626306     O 
            7.4872785321          -10.9804335774            1.7645042725     H 
            7.7134284147           -9.8482598183           -0.9603417739     H 
          -12.8286167331           -6.5124576266           -0.5522680468     O 
          -13.5391973272           -7.7393696810           -1.7009533095     H 
          -12.4325086108           -7.4164455876            1.0165584060     H 
            5.3142507556           11.7988534899            8.2812704234     O 
            7.0509932143           12.1340202842            8.7191320538     H 
            5.3470735196           10.8925765363            6.6384369614     H 
          -23.4604583623           -0.4017735140           -2.8273457799     O 
          -22.4418721472           -0.6587566714           -4.3269835010     H 
          -23.4974119383            1.4115216636           -2.6155050311     H 
           -7.8457236182           -6.6194237099            8.2033135058     O 
           -7.6651085377           -8.2629893692            7.4088538782     H 
           -6.1847060766           -6.0409848021            8.7374744109     H 
            6.1350324564           -0.3647854953           -0.0394351278     O 
            4.7107672297           -1.0637718235           -0.9518731602     H 
            7.3730279045           -1.7116050123            0.2535457656     H 
           11.7645032434           -3.0941898424            7.7202195724     O 
           10.6746656982           -1.6190082998            8.0608536223     H 
           11.9842697033           -3.9175588979            9.3561422964     H 
            9.5975691557           -6.4638306102            4.8440970402     O 
           10.0118021878           -5.0436490126            5.9637509288     H 
           10.8818145237           -7.7196385589            5.2711641798     H 
          -10.4210682184          -14.8439774880            3.9163558990     O 
          -11.8353893601          -14.5828775877            5.0426586615     H 
          -11.0334451070          -14.2571570997            2.2864178706     H 
            0.5961706514            9.1783487902            2.2858771210     O 
           -0.3065069009            9.4703006297            3.8602253145     H 
            0.0251579384           10.4804653992            1.0993745958     H 
            0.6217113107           -4.6579655802            0.7408012141     O 
            2.1013074163           -5.6359848785            1.2003766634     H 
           -0.8319701045           -5.7645230022            0.7470440002     H 
           -8.3460190285            0.9441614874            1.2696049921     O 
           -9.8075991268           -0.1319629972            1.6423038875     H 
           -7.0726265802            0.4533083151            2.4618372930     H 
            9.6384432256           -6.5769287017           -3.5815593794     O 
            8.1707817122           -6.6770590599           -4.6807714375     H 
           10.7542415781           -7.9433018157           -4.1237835371     H 
            0.8376425922           -7.4586062836          -10.7892568779     O 
            2.4750995776           -6.9182260307          -11.4208004953     H 
           -0.3574055720           -7.0729259487          -12.1022464110     H 
            4.5768898182            7.6297523941           -7.6792056900     O 
            2.8293145174            7.6088168609           -7.1204372650     H 
            5.5992144568            7.4720169189           -6.1686893851     H 
           -4.4739148392            4.5686928282           -4.9005940125     O 
           -3.7583396872            5.2794616825           -3.3570483023     H 
           -5.9552907803            3.5954719923           -4.3704348637     H 
          -13.3809193050           -2.2874861909          -12.2283624359     O 
          -12.8742307379           -0.6142680768          -12.8183018630     H 
          -11.7808062950           -3.2240760599          -12.3585659926     H 
           17.2304397757           -1.6288274853           -8.4087618090     O 
           16.4053592144           -2.7070222146           -9.6160332167     H 
           18.8333267144           -2.4543387335           -8.0126543818     H 
           15.1617107020            3.8063688614           -4.7996623991     O 
           14.3164983811            5.2471674355           -3.9825862003     H 
           16.8242692390            4.4068688396           -5.3193422306     H 
            5.3065252953           -5.8301828261            2.0858659563     O 
            5.7450501898           -4.3956851332            3.1620903291     H 
            6.6763310670           -7.0330988238            2.2046414971     H 
          -16.4815147661            2.6795942885           -4.3744010997     O 
          -15.1701433008            1.4434853933           -4.0901336520     H 
          -17.8214562504            1.8505978779           -5.3265875455     H 
           -7.1582061313           13.7125770760           -1.5342567870     O 
           -6.2541751637           12.3384019905           -0.6625096264     H 
           -8.7605328218           13.8215874820           -0.6584296241     H 
           -7.4703549236            2.3742416944           -9.8049295826     O 
           -5.8985623294            1.4928204190           -9.3250605013     H 
           -7.2454523987            4.1131386509           -9.3023419022     H 
           11.0273128883           -6.3771326292           -9.2023551023     O 
           11.6813986593           -7.6134886182           -8.0065764381     H 
           12.4816739578           -5.8146244601          -10.1590161731     H 
           -3.5956499489            6.5587554061           -9.4348089551     O 
           -3.8802157789            6.0208061919           -7.6875129615     H 
           -2.2944405022            7.8653193289           -9.3580149997     H 
           10.3017480373           10.7418403404            9.5811345697     O 
           11.9748322194           11.4471301102            9.5127084352     H 
           10.4000104706            9.3497160388           10.7713836343     H 
            7.8428748510            4.9226039123            6.7418050658     O 
            9.5934083719            5.4294839049            6.9975644870     H 
            6.8530752478            5.7378578664            8.0644838249     H 
            2.5387250567            5.9020780989           14.4190769138     O 
            1.2366278269            7.1324768678           14.0584990859     H 
            3.6940743684            6.1053623650           12.9865963587     H 
           12.8997398218           -2.9361957454           -4.8810192418     O 
           11.3998081949           -4.0108257921           -4.7668365842     H 
           12.6430664352           -1.7352224009           -6.2664713865     H 
           -7.5975689044            4.4512589676           10.2439565750     O 
           -8.5743153540            3.1640604855            9.3620558005     H 
           -7.8117472828            4.1420127959           12.0608022002     H 
           -8.2488961967           -0.9892383237           11.0589306235     O 
           -8.9885481358           -2.6141040070           11.5372625866     H 
           -6.9624578756           -0.6227982688           12.3268013125     H 
          -16.9770957055           -4.9869148929           -4.9418091184     O 
          -16.1262365486           -6.6009329112           -4.6187537564     H 
          -17.0525137881           -4.0986229132           -3.3221030915     H 
          -18.8460507103            2.2322963791            0.2820478006     O 
          -18.2418847622            0.5880019962           -0.3001475630     H 
          -19.9538890483            2.8893769823           -1.0688805277     H 
           13.0135382647           -9.5189436458            6.8893596906     O 
           13.6533181804          -10.9389071960            5.8959008407     H 
           14.4149464518           -8.5591308523            7.5707504138     H 
          -11.8188242076            1.8672904403           -7.1947965485     O 
          -12.1892104852            0.0617473156           -6.9869463937     H 
          -10.3089017191            1.9504117000           -8.2526541711     H 
          -10.8191632345            1.9888012792          -13.6116604672     O 
           -9.5141897082            1.9711405847          -12.3042870383     H 
          -11.3732689610            3.7184568042          -13.6987168710     H 
            0.7810726513           -2.7221411275           12.0078315969     O 
           -0.7175867364           -3.2982581795           11.0846429045     H 
            0.3351627574           -1.0398534555           12.6546598843     H 
          -11.0069343087            1.6206766385            7.6003463259     O 
          -11.4077132842            2.3371098310            5.9551464460     H 
          -11.2805632230           -0.1931296190            7.5211674974     H 
          -16.1613424710            0.4267984271            4.6902414954     O 
          -14.8247329020           -0.4863570118            3.7913723286     H 
          -17.4358943404            0.8288995483            3.4656695460     H 
           10.1797602650            7.8018266004           -7.6376399262     O 
            9.3114429299            9.2452335435           -8.4064478103     H 
            9.5673101064            7.7057000458           -5.8867585678     H 
           -1.0279948195          -13.5874776904            0.4497436950     O 
           -2.2027619550          -12.8318481312           -0.8043123416     H 
           -2.1106218990          -14.5108440877            1.5906446190     H 
          -13.7815645489            6.7049407182           -5.4945294953     O 
          -12.1877037494            5.9980064570           -6.0484178190     H 
          -14.8798409380            5.2548542989           -5.0818326337     H 
           -2.3889081876           -4.3962817384          -13.8672234030     O 
           -1.0588910007           -3.1581503326          -13.4860865686     H 
           -3.7228871879           -3.4314861037          -14.6460722284     H 
           -3.7374690524           -4.9381462648           -9.0370096710     O 
           -2.1628307600           -4.8297950879           -8.0775638827     H 
           -3.3105552782           -4.6405612598          -10.8141149374     H 
           -3.2714490800            0.5797961296           -7.7456703933     O 
           -3.5237389543            1.9756175643           -6.5658756111     H 
           -1.6434929636            0.9867688321           -8.5100879849     H 
            2.6612090605            6.0835351018           -1.1400645434     O 
            3.9360833976            5.3504478581           -0.0282993655     H 
            1.5253449122            6.9222854304            0.0390696620     H 
            4.5441312327           -4.2706147324            8.7579294709     O 
            3.5900024300           -5.2427522573            7.5108176517     H 
            3.2946906840           -3.4410489759            9.8099468222     H 
           -8.0598934077            1.4649167168           -3.7729048070     O 
           -8.1498397877            1.0704520684           -1.9715169010     H 
           -9.7462180436            1.8086955590           -4.4034376662     H 
           -5.2810974933           -7.3187537259           -4.2113290953     O 
           -4.0976764918           -6.5510986339           -5.3546854682     H 
           -6.9561341398           -7.2189924414           -4.9751467002     H 
           -4.9912822403           10.5882892613            1.7206874931     O 
           -6.1537225560            9.1747012861            1.9974971234     H 
           -5.3491090745           11.8002211609            3.0468389802     H 
           -2.5487520359            4.1973513235            9.8044159466     O 
           -4.3960023526            4.2948408509            9.8649866417     H 
           -2.1242946477            2.7467994037            8.7176755568     H 
           -7.4178473629          -10.8173418194            1.1249369669     O 
           -7.9677395325          -11.0055548371           -0.6253923275     H 
           -6.5920223429          -12.4163654614            1.5632359312     H 
          -21.9479488168            4.6175153320           -2.7626430501     O 
          -22.0960528183            6.1878091610           -1.8120616918     H 
          -21.1588225061            5.0801034665           -4.3684378025     H 
           -6.4803472139            8.9715359812          -12.7573433753     O 
           -5.6437387457            7.8548720004          -11.5349816682     H 
           -8.1905870866            8.3750123569          -12.9386851395     H 
          -22.0583400798           -3.9489667115            0.5027441842     O 
          -22.9559273881           -2.7349036089           -0.5581194439     H 
          -22.2957415995           -3.4426277648            2.2736284222     H 
          -11.2142108656           -8.6868095507            3.6670606048     O 
           -9.8538081370           -9.6975881949            2.9210986184     H 
          -12.2499110457           -9.8236464037            4.6537352807     H 
           11.7461440463           13.2497320754           -6.4088686797     O 
           10.5569190883           13.1048019669           -7.7861005994     H 
           13.1196656657           12.1001410216           -6.8248649073     H 
            5.2004763916            9.2551701139            4.0787681453     O 
            3.5319237423            9.4502077395            3.2814754183     H 
            6.3989688297            9.5565130505            2.6919412015     H 
            0.9474075254            3.0753111679           -8.9567963436     O 
            2.3725936319            2.6769317514           -7.8717855042     H 
            0.3277204164            4.6530991249           -8.2829500892     H 
            1.8049094842            5.1296501333          -14.8532036979     O 
            2.7159985323            3.5897875804          -15.1937404449     H 
            3.0373083509            6.1955214332          -13.9568808446     H 
           17.9606851636           -7.6474635509           -8.1840952854     O 
           19.5181300952           -6.7148842936           -7.9964770954     H 
           17.1365760509           -7.5628286584           -6.5327131585     H 
           22.6648841135            1.0748883011           -6.0141971596     O 
           22.1567304855            2.5256808686           -6.9770592589     H 
           23.5914244412            1.7184592429           -4.5229525082     H 
           -1.9221170658           15.3150185048            5.4862433070     O 
           -0.1028617250           15.7248513591            5.6530312402     H 
           -2.3305571052           15.7735745979            3.7590522291     H 
           10.5694741615            0.9063945066            3.2986511595     O 
           10.6493994657            2.6004085436            2.5661208770     H 
           10.8829651992           -0.2796247159            1.9400773926     H 
           14.8169639053           -5.1585341411            4.1715321522     O 
           13.8613355595           -4.3195911568            5.5037497549     H 
           15.5595725228           -3.8299069386            3.1067247493     H 
            5.6451353144            4.0309328286            2.2631115715     O 
            6.1642244816            4.2219561494            4.0151469234     H 
            5.7280409298            2.2433579944            1.8356364295     H 
          -12.9028900076           -3.0472195071           -7.1486445723     O 
          -13.1855440536           -2.9293684182           -8.9628130857     H 
          -14.4950798035           -3.5829920823           -6.3691823808     H 
          -16.9302488852           -9.9011144748            1.7057564598     O 
          -17.8334378732          -10.1562114513            3.2762651407     H 
          -18.1631606190           -9.3530411303            0.4323689752     H 
           -7.5999395095           -4.7507821999            3.0180147348     O 
           -8.8048149826           -6.0373200800            3.4907045985     H 
           -7.9350075383           -4.3222247617            1.2746945033     H 
            3.5708678797           13.0588109453           -7.2978621561     O 
            3.7806054204           11.9896807145           -5.7874454089     H 
            2.2655051289           12.2082044882           -8.2763316045     H 
           -8.5108738620            3.8718425051           15.1875479606     O 
          -10.1186921326            2.9836312995           15.0579872266     H 
           -8.9094306705            5.6754379788           15.4032733973     H 
           12.8300615308            5.8578676257            7.6035929717     O 
           13.4519125404            7.5394047981            8.0186426887     H 
           13.1620953166            5.7001219748            5.8076651425     H 
            1.5475414939           -0.6064439816            3.7513143840     O 
            3.3377660231           -0.7506931112            4.1904297923     H 
            1.1402470246           -2.1029541706            2.7616605018     H 
           18.4519807382           -0.4177923339           -3.4976482587     O 
           20.0415218383           -0.0053306954           -4.3315312446     H 
           17.2848300152           -0.7557319664           -4.8576331199     H 
           19.3241274253            6.0569629717           -6.7590357261     O 
           18.3493187319            7.5936198241           -7.0006130834     H 
           19.0337559148            5.0269431272           -8.2972102473     H 
           12.4369863473            0.9699955726           -7.9621823219     O 
           10.7532239815            1.7425528644           -8.0022030554     H 
           13.5182687542            2.1097135089           -6.9905442775     H 
          -17.3885327854           -2.6390889236           -0.4041488756     O 
          -19.1931937247           -3.1012053027           -0.2285459702     H 
          -16.6288307262           -3.5380535596            1.0530967189     H 
          -21.5195819176            9.0659114303           -0.2143161647     O 
          -20.5506447601            9.4228741651            1.2794908918     H 
          -20.5627632697            9.7720902125           -1.6173569288     H 
          -10.8233890245           13.4514160367            2.2730601353     O 
          -11.2818487898           11.8371260233            3.0139122702     H 
           -9.5597927222           14.1024361629            3.4227617489     H 
           -7.7466626219            7.9058277073           -2.7674992423     O 
           -9.1595146698            9.0657600576           -2.5748686476     H 
           -7.4897986302            7.1732779506           -1.1128629594     H 
            9.5513866909            3.4400928951          -13.4393841462     O 
           10.6453940041            2.0063927632          -13.7267829882     H 
            8.9232645772            3.2049560603          -11.7092530116     H 
          -12.0132802241            9.0858258690            4.9716254017     O 
          -11.5719785062            9.1501466873            6.7725741975     H 
          -12.5467976706            7.3096409400            4.7074390228     H 
           -0.4758337503           10.7094291835           -9.6951786076     O 
           -0.3941455846           10.4438543603          -11.5298783570     H 
           -1.8036177176           11.9239333102           -9.4369009876     H 
           12.4615177587           -0.9020988407          -12.5554703256     O 
           12.7887946714           -0.1497218318          -10.8809580965     H 
           13.5969695920           -2.3105491011          -12.7097165781     H 
          -15.5796326297            3.9982127082           -9.8481105176     O 
          -14.5958830132            5.0384669029          -10.9790840568     H 
          -14.3336780415            3.1571159307           -8.7493255302     H 
           -5.0755200286            0.0438599383           14.9770237247     O 
           -6.1216099233            1.4557665719           15.4985120211     H 
           -3.3739929596            0.7061952095           14.7466772051     H 
          -10.0475476074           -7.2918099105           -6.1320662963     O 
          -10.9685900904           -5.7127934260           -6.3720948619     H 
           -9.8100256886           -7.9601293980           -7.8423234729     H 
           -4.1776505205          -12.0895267877           -2.9670175228     O 
           -4.4959174126          -10.3926152089           -3.6083534476     H 
           -3.6573755522          -13.1638896775           -4.3582446882     H 
          -16.1697999275            6.6132304910           -0.5469051057     O 
          -14.4565063495            6.0278520935           -0.8966649912     H 
          -17.1586163519            5.0683939692           -0.3869021195     H 
           -9.7290377833          -11.6170548969           -3.3967712675     O 
          -10.0568725317          -10.0231957046           -4.2632026011     H 
          -11.2687552269          -12.0585570914           -2.5034687018     H 
           20.7956070631           -2.4685680133            5.8329004304     O 
           19.7268025096           -2.0938727208            7.2739534163     H 
           20.4835211727           -4.2453927725            5.4644356109     H 
           -2.5070609750            3.0618049149          -13.0088280812     O 
           -2.9127946061            4.1703787001          -11.5909110991     H 
           -1.0701067786            3.8746749186          -13.8257626981     H 
           13.5196912677            5.8432529177          -10.8577992444     O 
           12.2896749110            6.3241062486           -9.5732202126     H 
           12.5123794868            5.3125087304          -12.2834990279     H 
          -22.1985373217           -2.2822017749            5.2657964636     O 
          -20.7917047055           -2.6469476273            6.3846238909     H 
          -22.2893319749           -0.4561357676            5.1511507341     H 
            2.3376243922            5.9995720838            6.8499017650     O 
            3.5654550436            6.9228276788            5.8372792092     H 
            1.9116782490            7.0401123143            8.2722097748     H 
           -0.4529800219            1.8548368086           13.6845895681     O 
            0.8082816807            3.0733812369           14.2645061056     H 
           -1.2552303867            2.7101434982           12.2349001425     H 
           -5.2522222026           -5.1091622947           14.6477114504     O 
           -5.2159031350           -3.4027116539           15.3106676878     H 
           -4.5040870919           -4.9633897932           12.9775369943     H 
            2.4711626255           -6.9387991455           14.2015188224     O 
            1.2773330190           -7.4561937656           15.4557031852     H 
            1.8147186737           -5.3632740931           13.4654202340     H 
            0.0611399995            6.9735140408           -5.5238224600     O 
            0.6091691977            6.4264401278           -3.8712891270     H 
           -1.2010258043            8.2835577268           -5.2557578417     H 
            7.2518608636            3.9305729628           15.9676013406     O 
            5.7740562692            4.9581593499           16.2392509255     H 
            6.6397443511            2.5293617031           14.9322497119     H 
            1.2632916473          -16.4681375218           -3.1194546213     O 
           -0.1742451458          -16.8118564774           -4.1818135148     H 
            0.5996424472          -15.4424716075           -1.7299201090     H 
           -0.8355538475           12.2683351477           -1.2821471735     O 
           -1.5193837704           13.8332177537           -0.6132188940     H 
           -1.9742901645           11.6860699103           -2.6104117144     H 
           -3.2800404275           16.4491545051            0.4991663984     O 
           -4.8767933928           15.8133307788           -0.1839890922     H 
           -2.6802114473           17.7231276280           -0.6405292812     H 
           24.4094009478            2.8006981817           -1.6862927974     O 
           23.5439410966            1.6024157353           -0.6002679843     H 
           23.5729044997            4.4256510408           -1.5055248374     H 
           16.8262863342           -1.5543367604            1.5969389767     O 
           15.6830914048           -0.8230367051            0.3174143160     H 
           18.5559816567           -1.3996720158            0.9823308588     H 
          -11.1346105696            8.1551502009            9.8475645186     O 
          -12.5702694250            6.9935480975           10.0092454116     H 
           -9.6513466193            7.0464873714            9.7816554045     H 
            0.0780937939          -11.4144417581           -7.8465167883     O 
            0.4439331683          -10.7639012803           -6.1574434495     H 
            0.6263505594          -10.0579437692           -8.9884359959     H 
           -6.0432628394            8.7660808921            7.3306622522     O 
           -4.2835294540            9.1878879956            6.9007030021     H 
           -6.1876961862            6.9627470338            7.0094677266     H 
            2.0110952956           -9.8759297745            1.6262007784     O 
            3.5595781669          -10.7345519392            2.0552300501     H 
            0.7943663796          -11.2563302760            1.3606467956     H 
          -17.8729071826           10.1007757966           -3.8392261230     O 
          -17.2026601470           11.6446118584           -3.1445519280     H 
          -17.1322954450            8.7343100114           -2.8224116639     H 
          -14.5313481331            4.4077469778            9.8655767512     O 
          -15.9666095438            4.7157620195            8.7684384161     H 
          -13.3708029113            3.3434287996            8.8767260228     H 
           15.2027613171           10.4214361159            7.4800674216     O 
           16.8069143453           10.0141473494            6.6992229150     H 
           14.0450427507           10.5910106288            6.0550038233     H 
          -18.1572116096           -0.1214685234          -11.3895421927     O 
          -17.3457845887            1.5105623445          -11.0987929015     H 
          -16.8363691949           -1.2072443224          -12.0095117254     H 
           14.4760978752           14.1849915556           -1.7377807380     O 
           13.7443429453           13.9627408848           -3.3923473938     H 
           15.6130412769           12.7727070379           -1.4431186028     H 
           15.3456504437            9.4753575613           -7.0732185584     O 
           14.8241403948            8.6079212382           -8.5909668964     H 
           14.3477812448            8.7722229634           -5.7033341111     H 
           15.4276362452          -12.9526842138           -3.0770569818     O 
           14.0349638762          -13.6140680204           -2.0773110555     H 
           16.6681506552          -12.3534209202           -1.8914232516     H 
            1.3764082302          -13.5914380395            5.9329707560     O 
            2.8333073351          -13.6822116712            4.8185655822     H 
            1.9989373266          -13.0290215146            7.5446766976     H 
           -2.6860937955          -10.7903733259            5.0195751830     O 
           -2.4712568439           -9.7459395300            3.5388235861     H 
           -1.2650655196          -11.9792449368            5.0877682491     H 
          -15.9158803485           -5.1563638345            3.5868909849     O 
          -16.7289567672           -4.8370011313            5.1930786922     H 
          -16.0870254183           -6.9258226187            3.1571020635     H 
           13.4305519404           -8.1909343918            0.4283751885     O 
           11.6671875426           -8.6781720280            0.4805258947     H 
           13.6857819739           -7.0004959011            1.8189732556     H 
           16.2788669808           -6.3631256451            9.6736557024     O 
           16.6983231311           -4.5870473569            9.5729751539     H 
           14.9669429472           -6.4323130195           10.9444312254     H 
           11.9071272231           -5.2270102090           12.3440785239     O 
           10.2801047290           -6.0976948873           12.2264573287     H 
           11.6292846269           -3.8486262960           13.5085871320     H 
          -18.4805581787           -9.3213381338            6.6609522611     O 
          -19.9842769523           -8.4016075853            7.0695732046     H 
          -17.0837674633           -8.4352562463            7.5128965665     H 
           -5.4064715585           10.5461256429           11.9729408443     O 
           -5.8782348905            9.7213141700           10.3605641575     H 
           -5.7727454112           12.3065628394           11.7801289243     H 
           -6.6335743581          -10.1317003161           13.2663419930     O 
           -6.1126731905           -8.7176698628           14.2860788338     H 
           -5.2736379706          -10.3972139498           12.0694581889     H 
           -5.5142271098          -15.4274360469            2.2037982396     O 
           -6.8311545798          -16.0007544187            3.3169266795     H 
           -6.0005996983          -16.0489507860            0.5197107591     H 
          -14.9680170920           -9.5959768218           -4.1662988101     O 
          -14.4226175798          -10.0056370228           -5.9233585908     H 
          -16.4218531274          -10.6176511564           -3.8269573543     H 
            8.4088031504           -9.6428193757          -12.1649443812     O 
            6.9566550159           -8.6661860655          -12.6846236410     H 
            9.5151157527           -8.4367252557          -11.3144059304     H 
            5.6504366433            7.2704879550           10.6553821442     O 
            7.2876327458            7.1620831453           11.4936718330     H 
            5.3965452505            9.0263072897           10.1319633493     H 
           10.7450063134           14.1714377462            1.5027690026     O 
           12.2277593117           14.2351084387            0.3553062581     H 
            9.7605095166           15.6417054930            1.1193332758     H 
          -14.0540765578          -12.4008317990            6.5334255599     O 
          -13.2808585594          -12.1222624905            8.1675137157     H 
          -15.7892738558          -11.8791169108            6.6719042460     H 
           10.2577595377            6.4480874520           12.7069561460     O 
            9.4147013462            5.6107030689           14.1300561793     H 
           11.4459191846            5.2139322226           12.0640904870     H 
            3.8036755565          -15.0174136852           -7.5820712785     O 
            2.5753944476          -13.7099209293           -7.9800002755     H 
            3.2195736642          -15.7560196612           -6.0164351325     H 
          -13.1242915967            4.4165384673            4.0382575328     O 
          -12.8820376127            4.1670145764            2.2209430400     H 
          -14.8366927318            3.9325831087            4.5003135120     H 
          -10.8876026708          -10.7686282551           10.3703767845     O 
           -9.6576869371          -11.0887885490            9.0393573513     H 
           -9.8362546240          -10.6211131622           11.8677756758     H 
           -2.4761467399           -9.9068737277            9.9747456886     O 
           -0.7457393464          -10.3836181370           10.3270583880     H 
           -2.7291709324          -10.2761909794            8.1797098020     H 
            9.2268611297          -14.2549412104            6.4217198150     O 
           10.9213369953          -14.3463898687            5.7635084775     H 
            9.4118763382          -13.6671587131            8.1677806871     H 
           12.3508660366          -10.0920823614           -5.8821102848     O 
           13.6877960687          -11.0630763419           -5.0525815728     H 
           11.1354291878          -11.3001803301           -6.5329785343     H 
           14.9961221535            0.7995799254            5.4885181597     O 
           15.8941206037           -0.0968050708            4.1243178412     H 
           13.1890423232            0.6413105497            5.0865669230     H 
          -10.0025237458           -5.4782646554           12.6626805402     O 
           -8.5923737142           -5.6182206100           13.8311451388     H 
           -9.4807963052           -6.3906519868           11.1438102232     H 
           -5.5977217063           12.5854958628           -9.1473231478     O 
           -7.3101508780           12.7567909706           -8.5071765380     H 
           -5.7869146531           11.5616120235          -10.6720161482     H 
           16.1720383319           -6.4170344172           -3.5257311378     O 
           15.1557675477           -4.9863559691           -4.1165924501     H 
           15.1266764819           -7.2463665249           -2.2586522350     H 
            3.0119336250           15.7715002347            5.4993905086     O 
            3.8054728629           14.4712469166            6.5178435912     H 
            3.4384690004           15.4469244455            3.7358229382     H 
           -8.8845616552            6.9821164674           -7.5861351219     O 
           -9.1816991042            8.8067599246           -7.6333202666     H 
           -8.1143059966            6.7186086864           -5.9352931237     H 
            6.2307135445          -15.5101617592           -1.6075732625     O 
            4.7245594894          -16.3874371777           -2.1405134355     H 
            6.1888800050          -13.8740832673           -2.5067647281     H 
          -12.0023602484           10.5655633283           -2.7575517550     O 
          -12.9099524923            9.1527359471           -3.5275140644     H 
          -13.2076015485           11.5457359827           -1.7720456569     H 
           -7.4943921851          -11.4915804506            6.5474546166     O 
           -8.4279943562          -12.7255981054            5.5499959135     H 
           -5.7714475792          -11.5187652430            5.9088268171     H 
          -14.7598917746           -3.3782297941           12.4852474334     O 
          -13.1685932971           -4.2198292207           12.8452268856     H 
          -14.4104047065           -1.6355725010           12.9628117297     H 
           -6.8632763976           13.5758865630            5.6155084634     O 
           -6.9107189980           11.9685137748            6.5010358856     H 
           -5.3133369378           14.4338739941            6.0567492938     H 
           -9.4795473762            8.7751974856           14.7510666384     O 
           -7.8385740330            9.4117267692           14.2384317523     H 
          -10.4699463140            8.7929525020           13.1994870626     H 
          -14.8071789001           10.0595362501           -9.0680757754     O 
          -14.6349435836            8.7728548060           -7.7194483697     H 
          -16.4588025716           10.7690453318           -8.8787646370     H 
          -12.4766740931            1.1704445531           13.3243289937     O 
          -11.1325929419            0.5666226725           12.2080767276     H 
          -13.4254879630            2.4221116365           12.3785268774     H 
            1.1413160539           16.4332563345           -3.9351014446     O 
            2.0214031323           15.4955251076           -5.2421395324     H 
           -0.6306253742           16.3365637178           -4.3859725187     H 
           21.1806242343            7.0316653586           -2.0547387412     O 
           20.9744076830            6.8959850372           -3.8666002997     H 
           20.0408551792            5.7194646548           -1.3628820195     H 
          -16.6874133819           -6.3222378360          -10.3280477082     O 
          -17.3515476752           -5.4992402973           -8.8463021531     H 
          -15.7971186929           -5.0766204526          -11.3114334845     H 
          -16.8715757215            9.7057783679            3.2866951310     O 
          -15.2513817859            9.8197090812            4.1584086161     H 
          -16.5738596953            8.4841965923            1.9064947349     H 
          -20.2107939234           -8.1767569137           -1.7530539583     O 
          -19.6331934923           -7.2958520207           -3.2426262922     H 
          -21.1970449675           -6.9322885690           -0.8261941469     H 
          -14.4616706147           -7.3109186993            9.0048615572     O 
          -13.1241796265           -8.4487772058            9.5838168887     H 
          -14.9320363685           -6.2796701105           10.4340077334     H 
          -22.0712444983            2.8805150046            4.0750630900     O 
          -20.9836120246            2.6182631385            2.5878532677     H 
          -23.5594824883            3.7214573138            3.4854235802     H 
          -14.0402626190          -10.4952134429           -8.8984852299     O 
          -15.1073029159           -9.1869576295           -9.6364045462     H 
          -12.4215593873          -10.3352735153           -9.7311303040     H 
          -19.6438756416            6.1951270799           -7.1216290728     O 
          -19.0018995015            7.6908145696           -6.2988001569     H 
          -18.2289378971            5.4393160730           -8.0198453108     H 
            9.0095493862            0.6811815287            9.1251454804     O 
           10.3834629413            1.4361972773           10.0799081274     H 
            8.3320074228            2.0262395534            8.0596434435     H 
           10.2424987487           -1.0227582032           15.0061244665     O 
            8.6478200305           -0.8582739411           14.0643934913     H 
            9.9751901945           -0.1402920041           16.5648334448     H 
            0.7958352925           -0.8503049322          -12.3859374575     O 
           -0.3530084207            0.5908703412          -12.2517669011     H 
            2.2791074896           -0.2181382564          -13.2528056621     H 
            7.6840782784           -1.7495261489           -5.9918891074     O 
            6.7872603176           -2.8032259455           -4.7783274028     H 
            8.2389732847           -0.2400321862           -5.0969285878     H 
           -8.7061443840           -3.8471600497          -11.7449516757     O 
           -8.4714705082           -3.3564658544           -9.9744977621     H 
           -7.5808687673           -2.7752523058          -12.7267421244     H 
           17.6387016226            4.2875159254            8.8340920092     O 
           15.8163556068            4.4390339209            8.5447254854     H 
           18.2171855506            5.9430581477            9.2778624095     H 
           13.5194546695            0.4929004731           -1.4139458355     O 
           13.2365346763           -0.9823198155           -2.5258032694     H 
           14.4795260611            1.6821401521           -2.4549238153     H 
            5.6243208807           -0.0794304530           13.1746533770     O 
            4.2319595466           -1.1707369704           13.5629182890     H 
            5.3296584609            0.4990377243           11.4273965467     H 
            9.9495830390          -11.4636397422           10.5564973691     O 
           11.2217941387          -10.6329933388            9.5166520033     H 
            8.8168775975          -10.1255858388           11.0822884855     H 
            3.8588399683           14.9779151067            0.4228773153     O 
            2.6605775269           15.6325748947           -0.8006347697     H 
            5.4386378347           14.9504261393           -0.4876179226     H 
           13.0898977208            1.9465326403           11.9698392886     O 
           12.3023455356            0.9029368652           13.2696433622     H 
           14.4372023979            0.9393076063           11.2590897920     H 
           -0.6626034284            8.6157487890           11.2873006127     O 
           -2.1611627847            9.4393208421           11.9509336718     H 
           -1.2761563894            6.9671367245           10.6997461140     H 
            2.6370881578          -10.2124188963           10.0803172650     O 
            4.1883118534          -10.0085074769            9.0712679870     H 
            2.8646083414           -9.1955377204           11.5889114903     H 
           17.1578240747           -0.9672142628            9.5159446290     O 
           18.0800101898            0.5349321605            9.9642370485     H 
           16.1390466641           -0.4415785831            8.0285607445     H 
           18.6948477756            8.3021120942            4.3526487208     O 
           20.2481997431            7.3947367882            4.1366752101     H 
           17.3400736239            7.0642477836            3.9512054464     H 
           -3.2235617335           -5.0166599814            9.8230578939     O 
           -2.9768541137           -4.5374176850            8.0244721100     H 
           -2.7220289018           -6.8042279538            9.9487334471     H 
           20.1550555672            2.7283751605            4.4722588442     O 
           20.6128818608            0.9880083693            4.7663249980     H 
           19.2330562806            3.2575533828            5.9718756465     H 
           19.1236300666           -7.3683354547            5.2571879820     O 
           17.4525101364           -6.6000973653            4.8983696801     H 
           19.0361005446           -7.8497965835            7.0057413506     H 
            1.4206106914           -7.1644776641            5.9465919288     O 
            1.5153663177           -8.4047861516            7.2886601718     H 
            1.9673793545           -8.0326094657            4.4146147474     H 
           17.7422979765          -10.7197856705            1.4344143581     O 
           16.2220629860           -9.7662745773            0.9846086873     H 
           18.6025818883           -9.6977580940            2.6896854353     H 
           14.2321858175          -13.4998824110            3.9534451490     O 
           13.1700069746          -13.9431573494            2.5201349455     H 
           15.7830833031          -12.8615988896            3.1826249471     H 
           -2.9695614069          -15.6435339219           -6.4930485446     O 
           -1.8074974694          -14.6707599635           -7.5096795775     H 
           -4.6506182110          -15.3749648675           -7.2285133672     H 
            6.1752655424          -10.8734341769           -3.5746250976     O 
            6.9220645530          -11.1232644226           -5.2579389071     H 
            4.4593680732          -10.2579906480           -3.8361109884     H 
          -17.9088262207            5.3805715442            6.0773524584     O 
          -19.4974256530            4.5523547284            5.7131134509     H 
          -17.9720454757            7.0647119785            5.3602741221     H 
           17.3043295256            9.9788357610           -0.4249711193     O 
           18.8036863213            9.2677215892           -1.2402652682     H 
           17.6529733084            9.8208397640            1.3703078280     H 
           -7.2187995244          -16.5188421258           -2.3911058361     O 
           -7.8014574219          -14.8451177934           -2.8410990378     H 
           -5.9702930326          -16.9581498506           -3.6325776979     H 
            7.7693919397           10.3280031468           -0.0196421891     O 
            6.3559945537           10.9412989266           -1.0518253589     H 
            8.9022244960           11.7571811368            0.2005014613     H 
            7.7812103842           14.7572825524           -3.2049071515     O 
            6.5309459685           14.9558756897           -4.5042458916     H 
            9.3070429202           14.2347406198           -4.0703051582     H 
          -20.3407836947            0.5090485379           -6.9422563371     O 
          -21.1995910333            2.0547730413           -7.3605121360     H 
          -19.6538172453           -0.1027330575           -8.5525748397     H 
          -11.5766609829           -3.4832073154            7.1050326681     O 
          -12.9617488766           -4.6222403784            7.5041329860     H 
          -10.0656062985           -4.5157211946            7.3461146496     H 
           20.8028515237           -5.5509516556           -1.9775329325     O 
           21.2752597640           -7.1714752338           -1.3260566325     H 
           18.9883879895           -5.6957902121           -2.4318795946     H 
            7.6016608068            6.8009933870           -3.5847128962     O 
            7.9674948000            7.8841630999           -2.1472295140     H 
            8.2632353059            5.1009218420           -3.2434765645     H 
           11.1235070626            9.8951781017            4.3943413267     O 
           10.9247919733           11.4478017689            3.4434594213     H 
           10.1462961802           10.0614955665            5.9296323954     H 
           -9.4291144661           -8.8007292345          -10.9258798513     O 
           -9.1711340811           -7.0932009306          -11.5700481236     H 
           -7.7739040860           -9.5711319247          -10.9017934624     H 
          -17.7705111905           -3.0106035681            7.9767277244     O 
          -17.0988338429           -1.5478195669            7.0510947492     H 
          -16.9827548674           -2.9807916279            9.6250036844     H 
          -10.3131565425           11.8924936708           -7.3201514595     O 
          -11.9216821182           11.7109489246           -8.1828870810     H 
          -10.7154561938           11.8265350709           -5.5143672325     H 
            5.6392997870            7.5647153886          -12.5475677524     O 
            5.2148784787            7.4285845767          -10.7402147282     H 
            7.0347642306            6.4443109543          -12.8583255531     H 
           15.0881208873            5.1643619095            3.0738917965     O 
           15.2899286655            3.5699421388            4.0051555220     H 
           15.6942612959            4.7842265312            1.3846586777     H 
           -8.2148379921            6.7349149449            2.1423481682     O 
           -7.3377797763            5.5252380248            3.2542741485     H 
           -9.4662593060            7.5994824942            3.1623204623     H 
           -3.9999760577           15.9077456484           -5.1571549518     O 
           -5.2431363587           15.0955228465           -4.0835710098     H 
           -4.3380651844           15.3159018092           -6.8406392845     H 
           -2.7040485498           -4.4358282058            4.9721300239     O 
           -1.1576890600           -5.4315980914            4.9943604871     H 
           -3.8754479151           -5.2078458337            3.8025525640     H 
           10.2954913140            5.6985643125            1.3349654204     O 
            8.4698248171            5.4177923955            1.4047453602     H 
           10.6312408489            7.1138810058            2.4536993217     H 
            5.6365813242          -13.4941492870            2.8661623330     O 
            5.7731841274          -14.5300082228            1.3171624595     H 
            6.8515766303          -14.1456081726            4.0816826981     H 
            3.5655623930            1.3811472649            8.8352404147     O 
            3.3596770268            3.0630620857            8.1374201042     H 
            1.8957440255            0.6661274780            8.8927336725     H 
           13.1777449630            7.6913766100           -2.4400631484     O 
           12.0837317845            6.9893699644           -1.1282435071     H 
           14.5653084768            8.5297963412           -1.5606695890     H 
           15.4293346952           -5.4257123836          -11.7319238154     O 
           15.6786200331           -6.3421387487          -13.2700871867     H 
           16.3830294873           -6.3923736589          -10.4012851289     H 
           -1.2827995392            9.5741536541          -14.5146514036     O 
           -0.4074941206            8.0548408426          -15.0152373876     H 
           -3.0702442724            9.2149021488          -14.4800768663     H 
            5.2262831997            0.7778930595          -14.4121471285     O 
            6.0088121632           -0.2670032391          -13.0982801606     H 
            6.5073373448            2.0477354823          -14.7275137399     H 
           11.2168409011          -14.1267424140           -0.2212311553     O 
           10.4239345693          -12.4687758244           -0.0329845103     H 
            9.9071045481          -15.2268479857           -0.8497955878     H 
          -15.4526963746           13.2813672096           -0.1332125397     O 
          -14.0833535377           14.1535976276            0.7052002645     H 
          -16.2288307591           12.2383531539            1.1810355411     H 
           -2.8774161666            6.2639408090           -0.4656374505     O 
           -2.1600714590            5.3986383468            0.9840683889     H 
           -3.1324020541            7.9929952211            0.0451435050     H 
            3.7093146684           10.7096629353           -2.9189821700     O 
            2.2532293557           11.5918637420           -2.2173666814     H 
            3.4693339856            8.9199613821           -2.5318668608     H 
           21.8275251900           -1.2425927808            0.6600822966     O 
           21.7210808932           -2.7313213822           -0.4208438796     H 
           22.2176852607           -1.8181263123            2.3422788364     H 
           18.3210403151            3.4229149574           -0.2863506060     O 
           19.1633437879            2.9469831739            1.2837350766     H 
           18.4092461798            1.9748841378           -1.4450156297     H 
            8.1755304569          -12.4251649294           -7.8774209088     O 
            6.8223275915          -13.6741320001           -7.9586896086     H 
            8.1375161334          -11.5389385870           -9.5015857766     H 
           21.6003232435           -3.9569766259           -6.9014256586     O 
           22.5014590457           -2.3647274647           -6.8911616629     H 
           21.4883799954           -4.4607062601           -5.1323427349     H 
          -11.6628906853            6.9993485819          -11.9139453473     O 
          -10.6994392149            6.6768465244          -10.3795667818     H 
          -12.7448451993            8.4137665948          -11.4994339386     H 
          -13.3808576756          -13.0873030167           -0.0289837868     O 
          -14.5757348766          -11.8614529784            0.6886402088     H 
          -14.3327467093          -14.5586698370           -0.4697504656     H 
           17.9289898368            3.0715434219          -10.4239288614     O 
           17.5980572272            1.4065446937           -9.7000258448     H 
           16.2977842425            3.8617872539          -10.7179070616     H 
           -4.6594609275           -9.8973677282           -9.2895998418     O 
           -3.0033549708          -10.5939360293           -8.9049378721     H 
           -4.4244230912           -8.0602637864           -9.2262449683     H 
            5.0316294659           -5.6971281652          -13.1575038746     O 
            4.5001934263           -4.9089748870          -14.6952140765     H 
            6.0529260067           -4.4315808162          -12.2477243442     H 
            7.7994644398           11.7190720044           -9.8201145820     O 
            6.2879833410           12.2671977817           -8.8865814589     H 
            7.1428523569           10.7926666395          -11.2518897281     H 
            1.2356789633           -0.5358777450           -2.1937764583     O 
            0.4787658489            0.7929717762           -1.2239088868     H 
            1.0355884841           -2.1009969640           -1.2384966819     H 
           -2.1236420973          -31.6919847359          -20.3193139577     O 
           -2.4253383792          -29.9757858571          -20.8188043837     H 
           -1.1636173348          -31.6411183395          -18.7827513425     H 
           -6.0292612828           13.6845378605           11.6235273353     H 
$end
$set
 chrg  1
 ewin_conf 50.0 
$end
