           1           2  0.873174805494563     
           1           3  0.862135631622548     
           4           5  0.799347334980382     
           4           6  0.798014818098772     
           7           8  0.819638565681353     
           7           9  0.817505113508602     
          10          11  0.821354070906053     
          10          12  0.837433879720928     
          13          14  0.826861293855994     
          13          15  0.836009050819602     
          16          17  0.841646475642254     
          16          18  0.800703439928105     
          19          20  0.837984211210511     
          19          21  0.817684358180489     
          22          23  0.843277808687153     
          22          24  0.822189604345259     
          25          26  0.826022824497241     
          25          27  0.830659686679179     
          28          29  0.812022902826763     
          28          30  0.829465155332801     
          31          32  0.800179749308072     
          31          33  0.819339863374684     
          34          35  0.822546890934899     
          34          36  0.814999262562882     
          37          38  0.806564614183242     
          37          39  0.822464264416312     
          40          41  0.799743380169581     
          40          42  0.788241219643081     
          43          44  0.825253338769515     
          43          45  0.821990257033002     
          46          47  0.809150432804654     
          46          48  0.862457769128927     
          49          50  0.841813816397159     
          49          51  0.817343646550660     
          52          53  0.862255165452686     
          52          54  0.828151105841469     
          55          56  0.807108416297472     
          55          57  0.806058939890803     
          58          59  0.799776023027699     
          58          60  0.788533957177781     
          61          62  0.815991575639453     
          61          63  0.820713158280420     
          64          65  0.810257610759532     
          64          66  0.808647420033651     
          67          68  0.788415778276750     
          67          69  0.807380603107467     
          70          71  0.794669060927794     
          70          72  0.806690546453855     
          73          74  0.800808785094638     
          73          75  0.832095284306668     
          76          77  0.825623178757110     
          76          78  0.807112866101595     
          79          80  0.835860152907880     
          79          81  0.799319253782898     
          82          83  0.808723851915896     
          82          84  0.819073114826114     
          85          86  0.834915460262370     
          85          87  0.817820112416130     
          88          89  0.801878547740359     
          88          90  0.821513907452277     
          91          92  0.841097703422532     
          91          93  0.838066903555966     
          94          95  0.784031061002735     
          94          96  0.837039687239196     
          97          98  0.810547786744051     
          97          99  0.814000946549979     
         100         101  0.833621421278873     
         100         102  0.814394700685158     
         103         104  0.804362447907453     
         103         105  0.786186380495573     
         106         107  0.829310646517428     
         106         108  0.813256123077826     
         109         110  0.849988200599323     
         109         111  0.824887376236129     
         112         113  0.828943781727145     
         112         114  0.806890135390276     
         115         116  0.836795756278949     
         115         117  0.808733762549791     
         118         119  0.789011917972217     
         118         120  0.813001402523550     
         121         122  0.808675000705108     
         121         123  0.902858436545324     
         124         125  0.785548476432552     
         124         126  0.850965276985309     
         127         128  0.836298049365976     
         127         129  0.828557419244525     
         130         131  0.869156696490826     
         130         132  0.833524148901309     
         133         134  0.869907322860858     
         133         135  0.824232087639784     
         136         137  0.800067193575758     
         136         138  0.820466511310376     
         139         140  0.814381098733591     
         139         141  0.788584279553767     
         142         143  0.796256287333003     
         142         144  0.814447031265319     
         145         146  0.825406413344360     
         145         147  0.845625234927282     
         148         149  0.804457611001087     
         148         150  0.795066274427469     
         151         152  0.834908223176974     
         151         153  0.810524863504020     
         154         155  0.819771546200677     
         154         156  0.813978683925182     
         157         158  0.816717112206426     
         157         159  0.862447258617887     
         160         161  0.803771844573412     
         160         162  0.846310866732459     
         163         164  0.846562960246382     
         163         165  0.840722873516493     
         166         167  0.804659030829276     
         166         168  0.853344532364290     
         169         170  0.820857002890379     
         169         171  0.788678197654715     
         172         173  0.831618966043798     
         172         174  0.842088571261156     
         175         176  0.796994634625632     
         175         177  0.801246194080094     
         178         179  0.848059641844296     
         178         180  0.880637467697230     
         181         182  0.837085461049221     
         181         183  0.799315257284507     
         184         185  0.804353276932480     
         184         186  0.798733179123818     
         187         188  0.815011110939015     
         187         189  0.818437874174045     
         190         191  0.799332608622063     
         190         192  0.851559142679433     
         193         194  0.802990403574849     
         193         195  0.833917952869011     
         196         197  0.833112047523099     
         196         198  0.810281042700404     
         199         200  0.808381891551132     
         199         201  0.818828511875329     
         202         203  0.792804256128041     
         202         204  0.776498480432446     
         205         206  0.791984816350681     
         205         207  0.820269418239374     
         208         209  0.845227736698894     
         208         210  0.806149626953629     
         211         212  0.854537359550054     
         211         213  0.885906336962978     
         214         215  0.836444799360835     
         214         216  0.788016610021707     
         217         218  0.804684529450594     
         217         219  0.820597093097434     
         220         221  0.808381751292292     
         220         222  0.814553606589500     
         223         224  0.812654445518112     
         223         225  0.819210595432018     
         226         227  0.818974959483719     
         226         228  0.827085936580235     
         229         230  0.826713628278359     
         229         231  0.824040307758620     
         232         233  0.827248260675175     
         232         234  0.867614551823527     
         235         236  0.824244767750950     
         235         237  0.798409974833259     
         238         239  0.842533415927419     
         238         240  0.847886752277629     
         241         242  0.818329222425882     
         241         243  0.872362104359842     
         244         245  0.830863153322766     
         244         246  0.877420101967376     
         247         248  0.818230076341488     
         247         249  0.826001749501460     
         250         251  0.863148706209383     
         250         252  0.822399880694699     
         253         254  0.803300182067602     
         253         255  0.814169319890609     
         256         257  0.813570098737001     
         256         258  0.807458485651760     
         259         260  0.810960539287127     
         259         261  0.846343765128132     
         262         263  0.880415647723054     
         262         264  0.780726536402726     
         265         266  0.812656919836567     
         265         267  0.882449871153527     
         268         269  0.854009177221275     
         268         270  0.834706956291840     
         271         272  0.806652872056723     
         271         273  0.819266380044179     
         274         275  0.830922024851695     
         274         276  0.782603917719585     
         277         278  0.810360257537310     
         277         279  0.818228436032538     
         280         281  0.854472688792166     
         280         282  0.817227112097111     
         283         284  0.805265487185328     
         283         285  0.823350742965398     
         286         287  0.809307065705073     
         286         288  0.817145040451082     
         289         290  0.870438429343908     
         289         291  0.828425945681554     
         292         293  0.907247220628561     
         292         294  0.827935965105586     
         295         296  0.806395587022027     
         295         297  0.794762254713055     
         298         299  0.807794911508344     
         298         300  0.804922292912856     
         301         302  0.784518664870696     
         301         303  0.827125830590108     
         304         305  0.786438087340633     
         304         306  0.899111745011350     
         307         308  0.799459003290916     
         307         309  0.841418782580704     
         310         311  0.865251982590009     
         310         312  0.789958543514971     
         313         314  0.828963467264965     
         313         315  0.858227017234186     
         316         317  0.877905485458700     
         316         318  0.851624939901294     
         319         320  0.799245744521589     
         319         321  0.841619420597540     
         322         323  0.828743348626005     
         322         324  0.784761356184216     
         325         326  0.825975382387954     
         325         327  0.857268629645353     
         328         329  0.910976910713313     
         328         330  0.804332435233460     
         331         332  0.827557010566521     
         331         333  0.888048198709581     
         334         335  0.791435579152071     
         334         336  0.858197288936408     
         337         338  0.836122805190981     
         337         339  0.826694781315628     
         340         341  0.781390586074399     
         340         342  0.831763097406993     
         343         344  0.846343559614078     
         343         345  0.831190130579824     
         346         347  0.881744449828680     
         346         348  0.776763278498723     
         349         350  0.908805490436576     
         349         351  0.825474813120207     
         352         353  0.814456430449718     
         352         354  0.843063253399336     
         355         356  0.890498530130537     
         355         357  0.835815684732789     
         358         359  0.837429242338048     
         358         360  0.806444107280048     
         361         362  0.849778600731201     
         361         363  0.860407952961527     
         364         365  0.835678125825801     
         364         366  0.814356162086635     
         367         368  0.861607857882531     
         367         369  0.807589253471212     
         370         371  0.807793511784836     
         370         372  0.857730941871384     
         373         374  0.900423941852612     
         373         375  0.825808017092907     
         376         377  0.857939510790138     
         376         378  0.804765995475914     
         379         380  0.820364126503081     
         379         381  0.853545069858421     
         382         383  0.834548397939262     
         382         384  0.833809515226037     
         385         386  0.854141304301570     
         385         387  0.838039706137804     
         388         389  0.867968714580474     
         388         390  0.828168876611465     
         391         392  0.846506615640901     
         391         393  0.870631812412422     
         394         395  0.839534019209226     
         394         396  0.800763096795767     
         397         398  0.842145931625550     
         397         399  0.873554103995458     
         400         401  0.806290681028317     
         400         402  0.818894721543258     
         403         404  0.807242269798792     
         403         405  0.842666980173699     
         406         407  0.793955632309370     
         406         408  0.802835862729805     
         409         410  0.814439322466560     
         409         411  0.816044923945223     
         412         413  0.801372713866137     
         412         414  0.827534500413422     
         415         416  0.785549615136761     
         415         417  0.902517746195608     
         418         419  0.888873996849192     
         418         420  0.799410993072534     
         421         422  0.885372263816621     
         421         423  0.813158311112214     
         424         425  0.846905137105219     
         424         426  0.830627124339020     
         427         428  0.818647282428444     
         427         429  0.809856219125730     
         430         431  0.804957954952689     
         430         432  0.816204290150252     
         433         434  0.843516151009721     
         433         435  0.815508193195831     
         436         437  0.839860468347285     
         436         438  0.825464002822506     
         439         440  0.808143553382201     
         439         441  0.812911301024343     
         442         443  0.870075713878422     
         442         444  0.802536825794459     
         445         446  0.825456154342279     
         445         447  0.907203600537957     
         448         449  0.820422841000522     
         448         450  0.911951963150599     
         451         452  0.830059615456911     
         451         453  0.897086388308749     
         454         455  0.841114216164951     
         454         456  0.779905779633546     
         457         458  0.833156700284616     
         457         459  0.841033172169019     
         460         461  0.822237397124618     
         460         462  0.807630578054349     
         463         464  0.828996763881197     
         463         465  0.852052084842939     
         466         467  0.852809211483933     
         466         468  0.855159503879396     
         469         470  0.827701299287560     
         469         471  0.804593248910327     
         472         473  0.853722092280551     
         472         474  0.838127033697159     
         475         476  0.846087504707758     
         475         477  0.846977388619705     
         478         479  0.832550523218890     
         478         480  0.805647429756227     
         481         482  0.804290544972686     
         481         483  0.793032319101351     
         484         485  0.906098799395633     
         484         486  0.780243556329480     
         487         488  0.824645821918966     
         487         489  0.800090787361478     
         490         491  0.860882156484490     
         490         492  0.835154010077559     
         493         494  0.863502816583367     
         493         495  0.803178596027035     
         496         497  0.803091610388753     
         496         498  0.819941759702514     
         499         500  0.870398894555080     
         499         501  0.837698753951722     
         502         503  0.869063636086367     
         502         504  0.814588368004340     
         505         506  0.908037715935149     
         505         507  0.849522481434811     
         508         509  0.858526505531668     
         508         510  0.874235040776538     
         511         512  0.792944489819137     
         511         513  0.796539544116605     
         514         515  0.851059009393880     
         514         516  0.869331397897564     
         517         518  0.815637697039133     
         517         519  0.843181098670655     
         520         521  0.853891869136917     
         520         522  0.861490542782124     
         523         524  0.836104456441498     
         523         525  0.850481372672627     
         526         527  0.808162908995522     
         526         528  0.889636330770713     
         529         530  0.899157991894060     
         529         531  0.801559649979893     
         532         533  0.835539997427578     
         532         534  0.833398636326513     
         535         536  0.841593617525890     
         535         537  0.897162997044970     
         538         539  0.830702883703869     
         538         540  0.790423905252188     
         541         542  0.870919577701156     
         541         543  0.803024210487896     
         544         545  0.826875786792733     
         544         546  0.849339499222770     
         547         548  0.820516363319597     
         547         549  0.910091517168487     
         550         551  0.886392818314435     
         550         552  0.864685076735326     
         553         554  0.887895489795067     
         553         555  0.821963008953523     
         556         557  0.846523360963932     
         556         558  0.865503696848774     
         559         560  0.800781922095388     
         559         561  0.891848079746138     
         562         563  0.889263623654866     
         562         564  0.860504921827774     
         565         566  0.788245246649956     
         565         567  0.829730206744038     
         568         569  0.836878968791500     
         568         570  0.862356942434132     
         571         572  0.914144518890260     
         571         573  0.815541439212407     
         574         575  0.822923971726235     
         574         576  0.817326244546271     
         577         578  0.793776457895158     
         577         579  0.815920736623498     
         580         581  0.790299469835980     
         580         582  0.896905733461350     
         583         584  0.806339193627392     
         583         585  0.795269626899317     
         586         587  0.851918371145687     
         586         588  0.834628452508979     
         589         590  0.839787008733674     
         589         591  0.859600154161263     
         592         593  0.841273527403227     
         592         594  0.877348520057750     
         595         596  0.823205313696048     
         595         597  0.858464933524571     
         598         599  0.793477635438502     
         598         600  0.903818846642007     
         601         602  0.840177891027190     
         601         603  0.852948530195655     
         604         605  0.805790929234502     
         604         606  0.817507504291626     
         607         608  0.860022312225343     
         607         609  0.842714607577157     
         610         611  0.871690061128363     
         610         612  0.837534777786203     
         613         614  0.846010552143045     
         613         615  0.849322239220297     
         616         617  0.825175693316735     
         616         618  0.808322637656032     
         619         620  0.835512004836127     
         619         621  0.821620736156438     
         622         623  0.860704957223132     
         622         624  0.835341055143110     
         625         626  0.853005079462780     
         625         627  0.815626067625124     
         628         629  0.848793988198390     
         628         630  0.828484010728158     
         631         632  0.822903360728231     
         631         633  0.809942028230321     
         634         635  0.836229115317921     
         634         636  0.813179576970869     
         637         638  0.848505342517324     
         637         639  0.868116621193480     
         640         641  0.834219677225919     
         640         642  0.831077997956941     
         643         644  0.865758561675974     
         643         645  0.784951788500226     
         646         647  0.895283326790455     
         646         648  0.801195683906177     
         649         650  0.827176032239901     
         649         651  0.880927077782858     
         652         653  0.812942361233427     
         652         654  0.880376399897074     
         655         656  0.830582833635697     
         655         657  0.901762380800958     
         658         659  0.827312299351862     
         658         660  0.823028067037898     
         661         662  0.880559215538539     
         661         663  0.836656377649481     
         664         665  0.835094796027012     
         664         666  0.818999101720173     
         667         668  0.808355290430949     
         667         669  0.862640232741904     
         670         671  0.797086097358991     
         670         672  0.849641601547402     
         673         674  0.840364530947779     
         673         675  0.865656199803254     
         676         677  0.826596603583431     
         676         678  0.839735538771056     
         679         680  0.793905463890293     
         679         681  0.822813310226609     
         682         683  0.837453807612025     
         682         684  0.882104871694309     
         685         686  0.797462321460100     
         685         687  0.839089174783705     
         688         689  0.824336943622900     
         688         690  0.793960765939749     
         691         692  0.808646896887339     
         691         693  0.864752546870789     
         694         695  0.830081814207454     
         694         696  0.802270844998205     
         697         698  0.844541796143352     
         697         699  0.823312993926880     
         700         701  0.861350687684720     
         700         702  0.874440327353177     
         703         704  0.835294634174900     
         703         705  0.798643546824234     
         706         707  0.868523126803030     
         706         708  0.815375676876408     
         709         710  0.909170178412405     
         709         711  0.791177077418585     
         712         713  0.850559066258805     
         712         714  0.852835975088094     
         715         716  0.776298476371677     
         715         717  0.795267700861453     
         718         719  0.839306048359333     
         718         720  0.828617247595626     
         721         722  0.807888090108951     
         721         723  0.840818221637610     
         724         725  0.851088846839652     
         724         726  0.855835657896894     
         727         728  0.912788425954523     
         493         729  0.101522498682690     
         727         729  0.766838704421558     
         730         731  0.803190421422468     
         730         732  0.916709252909279     
         733         734  0.820656428847627     
         733         735  0.853063864931796     
         736         737  0.846484462705827     
         736         738  0.845310115974847     
         739         740  0.822282608574583     
         739         741  0.869839224028935     
         742         743  0.900446448916414     
         742         744  0.807344674165481     
         745         746  0.825774749766088     
         745         747  0.853414195398619     
         748         749  0.874279947634850     
         748         750  0.796836432766600     
         751         752  0.866077494187613     
         751         753  0.859360043745550     
         754         755  0.826575605973463     
         754         756  0.870746451044949     
