   -0.65411240
    0.33000975
    0.32894557
   -0.70886354
    0.34687148
    0.35471444
   -0.68535811
    0.34301573
    0.34485364
   -0.70275911
    0.35071318
    0.34726145
   -0.68063922
    0.33506300
    0.34250349
   -0.67624463
    0.33610054
    0.33803309
   -0.69388358
    0.34487209
    0.34529911
   -0.68978187
    0.34901996
    0.35485720
   -0.69440231
    0.34920143
    0.33685193
   -0.71892593
    0.34786790
    0.35112358
   -0.69634703
    0.34275203
    0.34845542
   -0.68561096
    0.35395989
    0.34652740
   -0.67741616
    0.34845813
    0.33764353
   -0.68705666
    0.35080317
    0.35190266
   -0.70915545
    0.34333117
    0.35788770
   -0.69589295
    0.33704573
    0.34907028
   -0.68407773
    0.35049226
    0.34251447
   -0.68432051
    0.34312445
    0.34476317
   -0.69673286
    0.34897854
    0.34732637
   -0.67282033
    0.33399939
    0.34497069
   -0.68973106
    0.35339516
    0.34793720
   -0.69064406
    0.33778128
    0.33244530
   -0.69482519
    0.34529689
    0.34728969
   -0.69297360
    0.34912720
    0.34860717
   -0.68206423
    0.34605992
    0.34168603
   -0.68762209
    0.33965644
    0.35029557
   -0.66317089
    0.32351446
    0.33064909
   -0.69450594
    0.33774831
    0.34733333
   -0.69742378
    0.33898837
    0.35143695
   -0.68993383
    0.34470447
    0.34996325
   -0.62012002
    0.31491233
    0.32091611
   -0.69646177
    0.34948072
    0.34487019
   -0.67554072
    0.34546392
    0.33322249
   -0.68328649
    0.34308825
    0.33859382
   -0.69618261
    0.33964450
    0.33665008
   -0.67067162
    0.34363935
    0.33855270
   -0.68294088
    0.34222826
    0.33826915
   -0.68299348
    0.33703727
    0.33265812
   -0.70050870
    0.35225823
    0.34351717
   -0.68636384
    0.35679663
    0.33840403
   -0.64398916
    0.30556630
    0.32925767
   -0.66321628
    0.33746492
    0.35992692
   -0.68647700
    0.33183633
    0.33647262
   -0.66882964
    0.33612955
    0.33455739
   -0.68899937
    0.33510897
    0.35653633
   -0.67044591
    0.33765187
    0.33525783
   -0.71258913
    0.36967313
    0.35295125
   -0.67702786
    0.34360755
    0.33379469
   -0.66833114
    0.33801952
    0.34530617
   -0.69023659
    0.35210221
    0.33201717
   -0.70461013
    0.35466742
    0.35171290
   -0.67308104
    0.33274861
    0.34392322
   -0.68179264
    0.34290534
    0.34340242
   -0.69333087
    0.34072906
    0.34709216
   -0.68231032
    0.36182733
    0.32314335
   -0.67723368
    0.34647467
    0.33557294
   -0.69475745
    0.33960388
    0.34804078
   -0.71358643
    0.34860266
    0.35661904
   -0.68846424
    0.34643348
    0.34162803
   -0.68231365
    0.34316874
    0.33320455
   -0.67797981
    0.34466935
    0.34427220
   -0.69525177
    0.34925223
    0.34683563
   -0.65461379
    0.33818663
    0.32881849
   -0.64920394
    0.30640194
    0.33980332
   -0.68694001
    0.35022886
    0.33703517
   -0.68441767
    0.34214509
    0.34606890
   -0.70133925
    0.34123247
    0.35131427
   -0.66853049
    0.35202703
    0.33855880
   -0.69554424
    0.33771875
    0.33759689
   -0.66636873
    0.31318833
    0.33820492
   -0.65731628
    0.31523732
    0.33246532
   -0.66734070
    0.33605663
    0.33586756
   -0.68889738
    0.35041290
    0.34731440
   -0.68015600
    0.35440905
    0.33814683
   -0.70086287
    0.34728262
    0.35158869
   -0.67043857
    0.35910064
    0.32213720
   -0.68591008
    0.33707590
    0.35986532
   -0.70314677
    0.35034820
    0.35335823
   -0.69322254
    0.34779155
    0.35409522
   -0.66491514
    0.34158709
    0.32303932
   -0.67272253
    0.33454700
    0.33467167
   -0.66946229
    0.31734234
    0.33346893
   -0.64683664
    0.33364021
    0.31352435
   -0.66272834
    0.32981217
    0.33046640
   -0.70893498
    0.34408890
    0.34009343
   -0.69674154
    0.35168695
    0.35165830
   -0.68408571
    0.33385998
    0.33476581
   -0.63721457
    0.32250154
    0.31618067
   -0.65994082
    0.33976885
    0.32520428
   -0.65272782
    0.34002346
    0.32461676
   -0.68162423
    0.33835233
    0.34344764
   -0.71574526
    0.35899636
    0.34331316
   -0.70072951
    0.35473626
    0.34303909
   -0.68492955
    0.34661071
    0.33416824
   -0.69501538
    0.34678903
    0.33864832
   -0.71096603
    0.34869333
    0.34882630
   -0.69746602
    0.34440892
    0.35290532
   -0.67699589
    0.34400498
    0.34439642
   -0.68276913
    0.34595611
    0.33636005
   -0.67960795
    0.35885797
    0.34424135
   -0.68667065
    0.33733620
    0.35292807
   -0.63982974
    0.31906634
    0.32448748
   -0.68357671
    0.33133655
    0.34484357
   -0.65687660
    0.33017491
    0.32092240
   -0.66862695
    0.32474936
    0.34324319
   -0.66962410
    0.32949113
    0.32058096
   -0.67681784
    0.34108880
    0.34906686
   -0.64769449
    0.30180868
    0.35136791
   -0.67531402
    0.33636964
    0.32624382
   -0.70428757
    0.34281295
    0.33016061
   -0.68559859
    0.32195423
    0.35305057
   -0.69094620
    0.34167237
    0.33856866
   -0.67361856
    0.32665094
    0.35925197
   -0.64964600
    0.31007900
    0.33831825
   -0.69265575
    0.34237320
    0.34809525
   -0.67482732
    0.33718879
    0.34889314
   -0.65930445
    0.32685419
    0.32145330
   -0.68169519
    0.32430015
    0.33918691
   -0.67488612
    0.33950964
    0.34347606
   -0.68439322
    0.34041250
    0.34405063
   -0.66159180
    0.33445630
    0.32538236
   -0.70059908
    0.35146699
    0.34934095
   -0.64314780
    0.32250939
    0.33051596
   -0.68660378
    0.33791262
    0.33857124
   -0.64516321
    0.32150235
    0.32688093
   -0.69637768
    0.34470863
    0.34654493
   -0.63662770
    0.32226744
    0.32042637
   -0.67269212
    0.33611766
    0.34085792
   -0.65150368
    0.34101788
    0.31787552
   -0.62682516
    0.30601235
    0.34415454
   -0.68871373
    0.34278987
    0.33494688
   -0.69260148
    0.35909089
    0.33865028
   -0.68858445
    0.34082578
    0.34218572
   -0.66307382
    0.31490364
    0.33610635
   -0.66010439
    0.31557810
    0.34180310
   -0.69443578
    0.34294803
    0.35458551
   -0.67299652
    0.34096910
    0.32461634
   -0.68661427
    0.34121851
    0.34250839
   -0.64389160
    0.31047860
    0.34970264
   -0.65049328
    0.31186595
    0.33692586
   -0.65319494
    0.32989782
    0.32022368
   -0.62185476
    0.34654436
    0.28819005
   -0.66778676
    0.34912378
    0.33863321
   -0.66104856
    0.33424213
    0.33753198
   -0.65891868
    0.33176582
    0.32685482
   -0.68547386
    0.35253845
    0.33461229
   -0.67383487
    0.34116030
    0.34347992
   -0.66045436
    0.33937313
    0.31161193
   -0.66230879
    0.33397645
    0.32842626
   -0.63778433
    0.32686441
    0.32019375
   -0.68135048
    0.33997577
    0.33875020
   -0.65221013
    0.31811573
    0.34696518
   -0.63248662
    0.33601135
    0.30157623
   -0.65367084
    0.33758804
    0.33422100
   -0.65349603
    0.35064221
    0.33017380
   -0.66694482
    0.34087944
    0.33928229
   -0.66655433
    0.33013853
    0.32741147
   -0.66711149
    0.32642275
    0.34158227
   -0.64261619
    0.32489217
    0.33717966
   -0.65693690
    0.32957118
    0.33463272
   -0.68167856
    0.34322648
    0.34801608
   -0.68315676
    0.32803771
    0.34289766
   -0.65242084
    0.35383997
    0.29180911
   -0.66596549
    0.32566035
    0.33358161
   -0.70951205
    0.35166012
    0.34673433
   -0.67411447
    0.34997592
    0.34333484
   -0.68942549
    0.33413804
    0.34111034
   -0.64930188
    0.32969555
    0.32882997
   -0.63914902
    0.30443040
    0.35316440
   -0.65073819
    0.33199256
    0.31052290
   -0.68735623
    0.34838428
    0.34142617
   -0.67673453
    0.33083072
    0.33177909
   -0.68170722
    0.33985977
    0.33717889
   -0.70056886
    0.33156840
    0.34918709
   -0.65109132
    0.31744641
    0.33466370
   -0.65530321
    0.34398760
    0.31655433
   -0.66466862
    0.32486863
    0.32708217
   -0.65558597
    0.33271354
    0.31950841
   -0.67077656
    0.34595512
    0.32159527
   -0.68474322
    0.32636493
    0.32503787
   -0.65920303
    0.33478577
    0.32086228
   -0.65007216
    0.30788312
    0.33546081
   -0.61471283
    0.28816452
    0.34397727
   -0.64302480
    0.30776722
    0.34352250
   -0.64090025
    0.33982020
    0.30714252
   -0.64656732
    0.33949106
    0.32216602
   -0.67624834
    0.32633309
    0.34485684
   -0.65313599
    0.32419335
    0.32307130
   -0.66853543
    0.33185229
    0.33589841
   -0.67268324
    0.31676281
    0.34150763
   -0.65567998
    0.36143222
    0.31151693
   -0.67268897
    0.34372274
    0.34656628
   -0.68082678
    0.34455764
    0.33713381
   -0.64657850
    0.32096502
    0.33373563
   -0.71182589
    0.33364443
    0.35397815
   -0.66938248
    0.34833991
    0.33348132
   -0.67667541
    0.32946637
    0.33949697
   -0.65226273
    0.35376572
    0.29572781
   -0.68483358
    0.34554691
    0.32019827
   -0.66880868
    0.32009942
    0.33410332
   -0.66393984
    0.34966745
    0.31868650
   -0.68072756
    0.31951274
    0.32334569
   -0.66581088
    0.33494761
    0.33256655
   -0.65926673
    0.33964120
    0.32641689
   -0.64383915
    0.31442100
    0.32701166
   -0.68969483
    0.34299864
    0.34859809
   -0.69919279
    0.33500311
    0.35281974
   -0.65115919
    0.33193806
    0.31772193
   -0.67501698
    0.34800646
    0.32302960
   -0.64852882
    0.33448267
    0.33614571
   -0.68136401
    0.37103758
    0.34458383
   -0.64480319
    0.31934829
    0.31672877
   -0.62593254
    0.32350855
    0.30823165
   -0.66329309
    0.33582314
    0.31311208
   -0.67976644
    0.34825405
    0.32010411
   -0.67046886
    0.34759811
    0.33967766
   -0.67009072
    0.33966099
    0.32627226
   -0.66193289
    0.32630466
    0.34969119
   -0.63957341
    0.33146520
    0.31020927
   -0.67787169
    0.34507765
    0.33068762
   -0.65624701
    0.33889230
    0.31552448
   -0.65102495
    0.32035923
    0.35374612
   -0.63486250
    0.33236009
    0.29600661
   -0.66829623
    0.32271046
    0.32577196
   -0.69048595
    0.33472173
    0.34925415
   -0.66600087
    0.32375626
    0.32288037
   -0.68277191
    0.34127170
    0.33507885
   -0.67081759
    0.32385404
    0.33860390
   -0.66200976
    0.34116553
    0.32930176
   -0.66862730
    0.33561536
    0.35598862
   -0.64833895
    0.35231573
    0.29657324
   -0.70219969
    0.33111377
    0.34629973
   -0.63312082
    0.31894352
    0.33900619
   -0.66614558
    0.33069279
    0.33448918
   -0.64865685
    0.33117324
    0.31650519
   -0.69892281
    0.34775514
    0.36257217
   -0.67007045
    0.34663845
    0.32082408
   -0.64766127
    0.29555586
    0.35464243
   -0.68110228
    0.32307398
    0.35104833
   -0.64665293
    0.35334648
    0.30120875
   -0.65096684
    0.33487280
    0.32264466
   -0.67661362
    0.35913276
    0.33460936
   -0.67788958
    0.33138365
    0.32321119
   -0.66627663
    0.34828473
    0.31170848
   -0.66446441
    0.34119216
    0.31376715
   -0.65295690
    0.33434082
    0.33194699
   -0.67201145
    0.33517945
    0.32380448
   -0.65571622
    0.35182515
    0.32116219
   -0.66521972
    0.32890336
    0.32160016
   -0.65816203
    0.32766291
    0.33750424
   -0.67245506
    0.31880781
    0.34648463
   -0.65661307
    0.33051615
    0.32094998
