           1           2  0.853115043522052     
           1           3  0.854733806220815     
           4           5  0.822229862195588     
           4           6  0.800326067558488     
           7           8  0.828818085079575     
           7           9  0.820826018991606     
          10          11  0.795114048549758     
          10          12  0.833350926611374     
          13          14  0.849631758331945     
          13          15  0.836640904513088     
          16          17  0.839263408264872     
          16          18  0.831183339064529     
          19          20  0.810175950724604     
          19          21  0.825889069876603     
          22          23  0.824328523802288     
          22          24  0.798463385164657     
          25          26  0.808452744332202     
          25          27  0.817754009118089     
          28          29  0.805465764467038     
          28          30  0.793463785093195     
          31          32  0.819290788309749     
          31          33  0.792609416298523     
          34          35  0.812022143516372     
          34          36  0.829730357422354     
          37          38  0.837383138895815     
          37          39  0.815041148697808     
          40          41  0.827382598873761     
          40          42  0.818259262052504     
          43          44  0.816346300114731     
          43          45  0.770109750210482     
          46          47  0.820011535144028     
          46          48  0.810422282799376     
          49          50  0.824305315391426     
          49          51  0.833303845310042     
          52          53  0.795374116634863     
          52          54  0.831720060522858     
          55          56  0.803478071147971     
          55          57  0.817984693626133     
          58          59  0.846885330013724     
          58          60  0.837030394753078     
          61          62  0.817190715945049     
          61          63  0.805386684473410     
          64          65  0.831356747318471     
          64          66  0.828415679820389     
          67          68  0.839627752784773     
          67          69  0.796406358281369     
          70          71  0.789149836841650     
          70          72  0.842183716188182     
          73          74  0.825471704932644     
          73          75  0.831260996707449     
          76          77  0.853438605278380     
          76          78  0.790026059456004     
          79          80  0.840172416400244     
          79          81  0.843991648614016     
          82          83  0.820679663684850     
          82          84  0.828111841615685     
          85          86  0.799548050174666     
          85          87  0.805682365066194     
          88          89  0.836141766516877     
          88          90  0.803408148157134     
          91          92  0.891405860706172     
          91          93  0.878841763167132     
          94          95  0.801865053302374     
          94          96  0.822014129986035     
          97          98  0.830462667519044     
          97          99  0.833306579570729     
         100         101  0.821877995223881     
         100         102  0.843540781967812     
         103         104  0.834046104560291     
         103         105  0.829164563046524     
         106         107  0.845711122707859     
         106         108  0.813620234275777     
         109         110  0.829116574595369     
         109         111  0.821581215861432     
         112         113  0.836294858815566     
         112         114  0.827058126761966     
         115         116  0.803878473965190     
         115         117  0.820352530292508     
         118         119  0.813944413156847     
         118         120  0.846550873363631     
         121         122  0.890494825213778     
         121         123  0.844518154304437     
         124         125  0.858900928074410     
         124         126  0.819627386252946     
         127         128  0.832846051907150     
         127         129  0.824007902182766     
         130         131  0.831135066412674     
         130         132  0.856818228839347     
         133         134  0.824786343666980     
         133         135  0.801781575022053     
         136         137  0.845189131440496     
         136         138  0.824263798002175     
         139         140  0.771119374165856     
         139         141  0.818251254449287     
         142         143  0.823108327565736     
         142         144  0.822954146083075     
         145         146  0.827632417044339     
         145         147  0.834885259586626     
         148         149  0.805395757642071     
         148         150  0.835805643409214     
         151         152  0.801538467776413     
         151         153  0.803605463940965     
         154         155  0.855977193012073     
         154         156  0.828959723296963     
         157         158  0.806370901075067     
         157         159  0.825197620826786     
         160         161  0.844603029736429     
         160         162  0.802930784603885     
         163         164  0.786835069795285     
         163         165  0.862503354387784     
         166         167  0.826343964362315     
         166         168  0.835668745333298     
         169         170  0.832560340597236     
         169         171  0.798701945789990     
         172         173  0.801011841955354     
         172         174  0.796722772990848     
         175         176  0.805705864968366     
         175         177  0.811826804173617     
         178         179  0.807279250197592     
         178         180  0.855217350197105     
         181         182  0.823056161397444     
         181         183  0.836731738527338     
         184         185  0.795090421411564     
         184         186  0.814378082916563     
         187         188  0.842776843865996     
         187         189  0.845603672665274     
         190         191  0.894293744420173     
         190         192  0.828001458134477     
         193         194  0.807672447849126     
         193         195  0.812824919356504     
         196         197  0.819547948927211     
         196         198  0.819171317640548     
         199         200  0.798621400835175     
         199         201  0.787420082130048     
         202         203  0.811190016748256     
         202         204  0.857836637819862     
         205         206  0.823889850510843     
         205         207  0.817995352392435     
         208         209  0.875894669011291     
         208         210  0.818806761720431     
         211         212  0.872041435914596     
         211         213  0.833813646878710     
         214         215  0.839841062346295     
         214         216  0.835863907413645     
         217         218  0.799275517037081     
         217         219  0.840325375079263     
         220         221  0.800408268572689     
         220         222  0.846716721215043     
         223         224  0.822809053641335     
         223         225  0.787844821132161     
         226         227  0.782653824519758     
         226         228  0.873618831965309     
         229         230  0.827260902994527     
         229         231  0.776137337562411     
         232         233  0.806416468301427     
         232         234  0.783852764288145     
         235         236  0.822834029266203     
         235         237  0.800023408679636     
         238         239  0.793831500305134     
         238         240  0.852685752592581     
         241         242  0.836251612263930     
         241         243  0.817319125409532     
         244         245  0.865949081348503     
         244         246  0.814283903088922     
         247         248  0.845734104560410     
         247         249  0.872483185680528     
         250         251  0.839743187623828     
         250         252  0.851077321738560     
         253         254  0.821176734758888     
         253         255  0.787706572874822     
         256         257  0.832786649856639     
         256         258  0.800390499758794     
         259         260  0.829921039324772     
         259         261  0.814452839252087     
         262         263  0.860295372978672     
         262         264  0.876513178095806     
         265         266  0.804985278945870     
         265         267  0.867449854512138     
         268         269  0.828589376374364     
         268         270  0.866172402555391     
         271         272  0.818957662058149     
         271         273  0.833415099392210     
         274         275  0.774219394171677     
         274         276  0.806698490171926     
         277         278  0.794316979031226     
         277         279  0.825065753015690     
         280         281  0.805630095709588     
         280         282  0.841566904754415     
         283         284  0.812603703972373     
         283         285  0.796027820970123     
         286         287  0.806510829226072     
         286         288  0.789084624184360     
         289         290  0.811989330659839     
         289         291  0.782161497883820     
         292         293  0.831203195282020     
         292         294  0.829106238474136     
         295         296  0.821854587105064     
         295         297  0.811684156431349     
         298         299  0.796528675154302     
         298         300  0.842366369773662     
         301         302  0.817214763661873     
         301         303  0.805398019423959     
         304         305  0.868584860920262     
         304         306  0.862738498117124     
         307         308  0.848967582985918     
         307         309  0.821983026279214     
         310         311  0.842273452836184     
         310         312  0.870688532161639     
         313         314  0.857019124383031     
         313         315  0.822583691040963     
         316         317  0.830784380285794     
         316         318  0.855937411373999     
         319         320  0.813978552500501     
         319         321  0.821144009313828     
         322         323  0.898832807821156     
         322         324  0.800114395001803     
         325         326  0.815901348741804     
         325         327  0.840291695354498     
         328         329  0.797133934995896     
         328         330  0.822497360969347     
         331         332  0.848560291250291     
         331         333  0.810493053176316     
         334         335  0.805696305670317     
         334         336  0.852495455268727     
         337         338  0.863020999899709     
         337         339  0.799098472829726     
         340         341  0.876750250864223     
         340         342  0.837871568074647     
         343         344  0.793850598097918     
         343         345  0.808697419536147     
         346         347  0.810920544012251     
         346         348  0.824358409605356     
         349         350  0.855754792138552     
         349         351  0.858875678415270     
         352         353  0.831374165657292     
         352         354  0.825385530208712     
         355         356  0.835920975248912     
         355         357  0.824070962126016     
         358         359  0.815636206067011     
         358         360  0.830164605258117     
         361         362  0.825608652795672     
         361         363  0.865954741860228     
         364         365  0.807761196822992     
         364         366  0.796681640290322     
         367         368  0.876223994213104     
         367         369  0.862736101959475     
         370         371  0.815395594965997     
         370         372  0.827905416859877     
         373         374  0.866246704975619     
         373         375  0.851400330453288     
         376         377  0.817110939847108     
         376         378  0.804584638018697     
         379         380  0.873657699636444     
         379         381  0.864517370477646     
         382         383  0.836820411723758     
         382         384  0.816222951273451     
         385         386  0.836604826355553     
         385         387  0.876175890828429     
         388         389  0.900156456642549     
         388         390  0.840823498045753     
         391         392  0.815624012881592     
         391         393  0.831811691941980     
         394         395  0.810641008678382     
         394         396  0.839028986368547     
         397         398  0.839245411013756     
         397         399  0.793898972445758     
         400         401  0.882983181103921     
         400         402  0.819012010545777     
         403         404  0.874351143146065     
         403         405  0.833943732376370     
         406         407  0.821350726296647     
         406         408  0.783366637180916     
         409         410  0.803865883589288     
         409         411  0.842611190362481     
         412         413  0.842655785520864     
         412         414  0.813188731532161     
         415         416  0.890811953623543     
         415         417  0.804228144856370     
         418         419  0.880138034380212     
         418         420  0.831263768616744     
         421         422  0.834257683543102     
         421         423  0.857145774549943     
         424         425  0.836345274064304     
         424         426  0.913540781245892     
         427         428  0.824576614940343     
         427         429  0.841548327033591     
         430         431  0.841117435293436     
         430         432  0.855691594303257     
         433         434  0.822472960741148     
         433         435  0.854202156528335     
         436         437  0.799625416155097     
         436         438  0.832715938510193     
         439         440  0.817421637383844     
         439         441  0.839035684746310     
         442         443  0.808652928763059     
         442         444  0.873635346816990     
         445         446  0.838571762421758     
         445         447  0.833868139164706     
         448         449  0.866786381219693     
         448         450  0.876874434082956     
         451         452  0.834587897910500     
         451         453  0.815197622845470     
         454         455  0.873945781183410     
         454         456  0.824915844525252     
         457         458  0.829751368062508     
         457         459  0.901539006879012     
         460         461  0.822710223282226     
         460         462  0.849867957875266     
         463         464  0.840237157409673     
         463         465  0.862604252994094     
         466         467  0.834968243430406     
         466         468  0.821612816163111     
         469         470  0.842757726947320     
         469         471  0.843020845983754     
         472         473  0.840374658490677     
         472         474  0.819762616224933     
         475         476  0.865543117172929     
         475         477  0.844199760889829     
         478         479  0.850958634742900     
         478         480  0.846098604503863     
         481         482  0.805363409866417     
         481         483  0.818562004473423     
         484         485  0.834223771624251     
         484         486  0.826885324489561     
         487         488  0.805287906436457     
         487         489  0.906065854135048     
         490         491  0.841810091174439     
         490         492  0.846833612486433     
         493         494  0.806855713528601     
         493         495  0.807926711692218     
         496         497  0.820888599418704     
         496         498  0.813821294598332     
         499         500  0.836560272294389     
         499         501  0.804719888034768     
         502         503  0.838556197885884     
         502         504  0.856989451938935     
         505         506  0.898211934885256     
         505         507  0.798673185514890     
         508         509  0.839097542932876     
         508         510  0.880188472314793     
         511         512  0.821883788417197     
         511         513  0.789919884096532     
         514         515  0.816417410132787     
         514         516  0.834307038285886     
         517         518  0.826234535362578     
         517         519  0.801035404760319     
         520         521  0.813461979417487     
         520         522  0.815867686692914     
         523         524  0.872257185996189     
         523         525  0.835787805820443     
         526         527  0.821919268502149     
         526         528  0.885445769860609     
         529         530  0.848079498273635     
         529         531  0.852580226794002     
         532         533  0.834959934101668     
         532         534  0.855486422542272     
         535         536  0.830942257380418     
         535         537  0.848562898516664     
         538         539  0.827291658654763     
         538         540  0.840734082864439     
         541         542  0.828214003381390     
         541         543  0.862476861112109     
         544         545  0.887471914964291     
         544         546  0.839361645545292     
         547         548  0.914625516803803     
         547         549  0.834138347610847     
         550         551  0.897112180042862     
         550         552  0.803183917775000     
         553         554  0.848180325509484     
         553         555  0.892752666814709     
         556         557  0.822841090232714     
         556         558  0.871816140908394     
         559         560  0.856233902301705     
         559         561  0.811226419473482     
         562         563  0.860308798081400     
         562         564  0.860465699530655     
         565         566  0.830346108335294     
         565         567  0.830675632636157     
         568         569  0.867494951857269     
         568         570  0.819704368152595     
         571         572  0.805140625206871     
         571         573  0.883157388299115     
         574         575  0.814860306793609     
         574         576  0.839558728468849     
         577         578  0.825142666042897     
         577         579  0.830607841575770     
         580         581  0.870690742451531     
         580         582  0.842917456292183     
         583         584  0.822688636573126     
         583         585  0.791196367201850     
         586         587  0.821050052159775     
         586         588  0.836373749429911     
         589         590  0.850047175920501     
         589         591  0.818962914341605     
         592         593  0.791469712061728     
         592         594  0.899552311380106     
         595         596  0.804471291326113     
         595         597  0.839256547737812     
         598         599  0.867489613509365     
         598         600  0.827201574524739     
         601         602  0.828152617771056     
         601         603  0.858332664749501     
         604         605  0.842964456461960     
         604         606  0.844696233225282     
         607         608  0.846996218755327     
         607         609  0.839274118303512     
         610         611  0.837299413940561     
         610         612  0.851777132875815     
         613         614  0.872652043710514     
         613         615  0.866524836681735     
         616         617  0.796664384469309     
         616         618  0.834888952625126     
         619         620  0.814852986013388     
         619         621  0.792464598009551     
         622         623  0.824556129225728     
         622         624  0.875316735939933     
         625         626  0.822582950925639     
         625         627  0.850816244911877     
         628         629  0.854629113720543     
         628         630  0.847695888078418     
         631         632  0.798687858642425     
         631         633  0.837496561298479     
         634         635  0.865710943230187     
         634         636  0.861719443583462     
         637         638  0.873375588764731     
         637         639  0.886389983658807     
         640         641  0.826314627653084     
         640         642  0.879967652369701     
         643         644  0.785029171505948     
         643         645  0.857971690942002     
         646         647  0.824057795589563     
         646         648  0.847203648548548     
         649         650  0.814936206243983     
         649         651  0.856903906518309     
         652         653  0.850846535213983     
         652         654  0.832890271950821     
         655         656  0.845337246534979     
         655         657  0.894044077122199     
         658         659  0.823811056343652     
         658         660  0.834122320337836     
         661         662  0.828457584228252     
         661         663  0.873117526932308     
         664         665  0.877444584603456     
         664         666  0.820040462272482     
         667         668  0.824150556337242     
         667         669  0.902777699135604     
         670         671  0.860136427091056     
         670         672  0.835754214742316     
         673         674  0.818565628920268     
         673         675  0.814720445244620     
         676         677  0.839813890530690     
         676         678  0.858742287902563     
         679         680  0.821359846566686     
         679         681  0.822623942478092     
         682         683  0.855816949596009     
         682         684  0.815840421371296     
         685         686  0.824680906336115     
         685         687  0.847888461968619     
         688         689  0.819788933097675     
         688         690  0.805654801889674     
         691         692  0.780080071384675     
         691         693  0.902403519933128     
         694         695  0.818787706954546     
         694         696  0.792451517299835     
         697         698  0.876552387977403     
         697         699  0.843320510652009     
         700         701  0.833555970488322     
         700         702  0.834262380027777     
         703         704  0.852252642929159     
         703         705  0.862998340199702     
         706         707  0.796377005921437     
         706         708  0.798940369567380     
         709         710  0.816783773637570     
         709         711  0.855185613917240     
         712         713  0.906548313487426     
         712         714  0.783760765369143     
         715         716  0.845178526142090     
         715         717  0.797174567378996     
         718         719  0.802919391539619     
         718         720  0.900539029469808     
         721         722  0.852552160919530     
         721         723  0.858354453382390     
         724         725  0.786730063521249     
         724         726  0.833497804087936     
         727         728  0.856847073659613     
         727         729  0.833621491312780     
         730         731  0.786357801052536     
         730         732  0.880211668744421     
         733         734  0.814084120479896     
         733         735  0.876220418582003     
         736         737  0.850551211392534     
         736         738  0.841010648690698     
         739         740  0.824116322937018     
         739         741  0.847235480154881     
         742         743  0.814647066280225     
         742         744  0.880080301688329     
         745         746  0.837485141782699     
         745         747  0.847511682476513     
         748         749  0.858624293524495     
         748         750  0.846895910439811     
         751         752  0.882874138115365     
         751         753  0.817166317968599     
         754         755  0.852111094612580     
         754         756  0.885791431127954     
