0          0.22955217         -5.07054445
   1       -5.0881923127      282.9
   2      -10.2101294871      470.1
   3      -15.3045723186      654.1
   4      -20.3984798989      835.4
   5      -25.4882101611     1023.9
   6      -30.5807965577     1194.7
   7      -35.6700995739     1369.2
   8      -40.7708879771     1530.2
   9      -45.8662635824     1661.8
  10      -50.9619798349     1819.3
  11      -56.0515608492     2013.8
  12      -61.1416201931     2178.3
  13      -66.2314141241     2326.9
  14      -71.3244919679     2476.7
  15      -76.4164358880     2604.0
  16      -81.5044735962     2776.2
  17      -86.5929369721     2947.3
  18      -91.6801107540     3121.0
  19      -96.7751541560     3257.5
  20     -101.8641108392     3396.5
  21     -106.9558588148     3539.9
  22     -112.0446247051     3695.8
  23     -117.1341658787     3865.9
  24     -122.2214805118     4035.1
  25     -127.3189831503     4172.2
  26     -132.4086045139     4332.7
  27     -137.5043596453     4470.6
  28     -142.5930761941     4627.6
  29     -147.6823639932     4795.8
  30     -152.7718762994     4934.5
  31     -157.8640367206     5078.9
  32     -162.9523055135     5237.3
  33     -168.0407765648     5397.2
  34     -173.1325529760     5550.4
  35     -178.2272069301     5674.3
  36     -183.3214315978     5785.4
  37     -188.4108829989     5934.2
  38     -193.4978898733     6104.9
  39     -198.5866233515     6296.5
  40     -203.6798299605     6451.2
  41     -208.7707048739     6606.0
  42     -213.8584593094     6748.3
  43     -218.9544302030     6875.9
  44     -224.0429857477     7028.1
  45     -229.1447539939     7183.6
  46     -234.2317925003     7385.7
  47     -239.3234725814     7493.3
  48     -244.4161739174     7628.5
  49     -249.5194833373     7722.0
  50     -254.6059793199     7893.5
  51     -259.7000748294     8014.9
  52     -264.7910648123     8163.5
  53     -269.8809890684     8308.9
  54     -274.9762640889     8463.8
  55     -280.0788851340     8553.7
  56     -285.1689774360     8726.2
  57     -290.2546466934     8889.6
  58     -295.3418036001     9046.0
  59     -300.4312680939     9225.3
  60     -305.5236135657     9333.8
  61     -310.6189324838     9484.9
  62     -315.7089714576     9652.0
  63     -320.8079370081     9749.3
  64     -325.8972021065     9902.3
  65     -330.9843857672    10056.3
  66     -336.0715473611    10201.6
  67     -341.1661595271    10305.9
  68     -346.2603552449    10466.0
  69     -351.3490241549    10616.3
  70     -356.4360289008    10770.0
  71     -361.5265027811    10913.1
  72     -366.6144725596    11037.0
  73     -371.7121877790    11149.7
  74     -376.7994862859    11304.7
  75     -381.8952394400    11477.6
  76     -386.9890694098    11591.2
  77     -392.0808040816    11728.2
  78     -397.1789630054    11873.2
  79     -402.2721779298    12020.1
  80     -407.3650021767    12163.8
  81     -412.4626567693    12304.0
  82     -417.5519782823    12426.3
  83     -422.6434271365    12582.0
  84     -427.7356981332    12734.1
  85     -432.8269651774    12884.8
  86     -437.9218248735    13013.8
  87     -443.0080105057    13175.4
  88     -448.0945185122    13327.4
  89     -453.1835621921    13463.7
  90     -458.2750963906    13605.7
  91     -463.3729476961    13760.1
  92     -468.4681117010    13903.4
  93     -473.5650744113    14019.8
  94     -478.6631515872    14105.3
  95     -483.7516341821    14279.2
  96     -488.8429012355    14426.5
  97     -493.9459481587    14588.9
  98     -499.0377291996    14742.6
  99     -504.1321027206    14889.6
 100     -509.2224404879    15024.7
 101     -514.3132400202    15147.2
 102     -519.4086187949    15309.9
 103     -524.4998795849    15451.3
 104     -529.5900925690    15594.6
 105     -534.6831118917    15728.3
 106     -539.7805434025    15846.8
 107     -544.8730014285    15993.0
 108     -549.9585562737    16157.8
 109     -555.0501740436    16302.6
 110     -560.1443752440    16450.5
 111     -565.2445782622    16622.5
 112     -570.3504810175    16753.8
 113     -575.4414167717    16881.3
 114     -580.5362362366    17011.6
 115     -585.6298943508    17162.3
 116     -590.7196161522    17291.7
 117     -595.8132175381    17429.8
 118     -600.9028353428    17568.6
 119     -605.9924106375    17708.5
 120     -611.0881984368    17827.2
 121     -616.1848180876    17982.0
 122     -621.2783399810    18126.4
 123     -626.3763739579    18235.7
 124     -631.4717121584    18335.6
 125     -636.5609705620    18478.3
 126     -641.6539348890    18627.8
 127     -646.7470910027    18741.2
 128     -651.8550296311    18842.9
 129     -656.9517643416    18975.5
 130     -662.0450319755    19112.3
 131     -667.1348726369    19254.2
 132     -672.2267247180    19440.2
 133     -677.3220893913    19546.3
 134     -682.4159021741    19710.9
 135     -687.5055515400    19834.5
 136     -692.5974385151    19953.1
 137     -697.6867608788    20085.8
 138     -702.7789840417    20236.9
 139     -707.8813275049    20351.0
 140     -712.9755028993    20466.4
 141     -718.0634234341    20616.6
 142     -723.1741542036    20789.7
 143     -728.2642574682    20935.8
 144     -733.3571173157    21073.0
 145     -738.4500061697    21243.6
 146     -743.5452810938    21375.3
 147     -748.6403250425    21536.0
 148     -753.7345345354    21662.0
 149     -758.8254643635    21790.1
 150     -763.9236548001    21925.2
 151     -769.0124029920    22072.9
 152     -774.1054342384    22181.0
 153     -779.1996173114    22297.7
 154     -784.2885858155    22433.5
 155     -789.3816802157    22590.2
 156     -794.4760106934    22659.2
 157     -799.5769242854    22771.0
 158     -804.6689927738    22908.2
 159     -809.7619687915    23056.0
 160     -814.8548659944    23187.2
 161     -819.9502087008    23296.3
 162     -825.0413368855    23435.3
 163     -830.1390036017    23521.5
 164     -835.2289080667    23655.6
 165     -840.3236885541    23755.2
 166     -845.4112215314    23897.7
 167     -850.5017359210    24029.5
 168     -855.6043344180    24192.7
 169     -860.7051932259    24297.8
 170     -865.8025501335    24414.2
 171     -870.8933576716    24567.2
 172     -875.9876741686    24700.1
 173     -881.0813110625    24812.9
 174     -886.1699752057    24948.5
 175     -891.2626517458    25107.8
 176     -896.3641336687    25258.6
 177     -901.4651894573    25439.0
 178     -906.5555343290    25531.5
 179     -911.6485110947    25660.6
 180     -916.7409394764    25822.4
 181     -921.8323858135    25943.5
 182     -926.9315049736    26086.6
 183     -932.0193130909    26236.5
 184     -937.1111269544    26373.4
 185     -942.2002391916    26514.4
 186     -947.2930771699    26636.7
 187     -952.3879254609    26769.8
 188     -957.4885638528    26826.1
 189     -962.5815696445    26946.0
 190     -967.6814609953    27089.3
 191     -972.7749988826    27228.6
 192     -977.8748896745    27342.7
 193     -982.9673346542    27482.1
 194     -988.0658456984    27630.4
 195     -993.1599834851    27763.2
 196     -998.2455503499    27930.2
 197    -1003.3316460087    28062.6
 198    -1008.4212660992    28211.5
 199    -1013.5171943249    28327.8
 200    -1018.6140158635    28432.2
