   #   Energy       Run. Aver.   Diff / au.
    1   -2.50511061  -0.00399215  -0.00399215
    2   -8.69804172  -0.01092275  -0.00693061
    3  -13.58478037  -0.01680828  -0.00588553
    4  -15.56115478  -0.02027716  -0.00346888
    5  -19.47911423  -0.02312389  -0.00284673
    6  -21.79272792  -0.02553252  -0.00240863
    7  -25.15501847  -0.02795583  -0.00242331
    8  -31.07094821  -0.03095360  -0.00299777
    9  -33.19052910  -0.03372434  -0.00277074
   10  -31.16435020  -0.03559533  -0.00187099
   11  -31.09149973  -0.03703380  -0.00143846
   12  -29.90305771  -0.03803865  -0.00100485
   13  -28.14840672  -0.03864046  -0.00060181
   14  -30.73012984  -0.03942138  -0.00078092
   15  -30.76124878  -0.04011343  -0.00069205
   16  -34.75030274  -0.04111073  -0.00099730
   17  -33.39279852  -0.04188140  -0.00077067
   18  -32.28998514  -0.04245621  -0.00057481
   19  -37.90765005  -0.04343138  -0.00097517
   20  -35.47317378  -0.04413508  -0.00070369
   21  -38.33403702  -0.04497592  -0.00084085
   22  -38.18902804  -0.04573606  -0.00076014
   23  -40.54620745  -0.04658991  -0.00085385
   24  -43.67074221  -0.04758398  -0.00099407
   25  -44.12272709  -0.04853295  -0.00094896
   26  -44.38380101  -0.04942318  -0.00089023
   27  -46.50291399  -0.05037037  -0.00094719
   28  -45.49418566  -0.05119453  -0.00082416
   29  -44.73284060  -0.05191577  -0.00072124
   30  -44.25237307  -0.05255997  -0.00064420
   31  -43.57822379  -0.05312547  -0.00056550
   32  -42.81448273  -0.05361514  -0.00048966
   33  -42.05314195  -0.05403606  -0.00042092
   34  -43.77364740  -0.05451084  -0.00047478
   35  -44.27015732  -0.05498264  -0.00047180
   36  -43.82493349  -0.05540844  -0.00042580
   37  -43.81786877  -0.05580967  -0.00040123
   38  -42.65163156  -0.05614023  -0.00033056
   39  -43.20638373  -0.05647469  -0.00033446
   40  -43.47075187  -0.05680306  -0.00032837
   41  -43.26188656  -0.05710715  -0.00030409
   42  -43.81920486  -0.05741732  -0.00031017
   43  -44.09691701  -0.05772350  -0.00030618
   44  -43.50706346  -0.05799431  -0.00027081
   45  -43.35402364  -0.05824688  -0.00025257
   46  -43.83803509  -0.05850483  -0.00025796
   47  -45.07846993  -0.05879399  -0.00028915
   48  -45.09552106  -0.05907231  -0.00027832
   49  -44.94911635  -0.05933429  -0.00026198
   50  -44.86297472  -0.05958272  -0.00024843
   51  -45.23400018  -0.05983273  -0.00025001
   52  -44.97515498  -0.06006522  -0.00023250
   53  -44.67783206  -0.06027968  -0.00021445
   54  -45.64391665  -0.06051436  -0.00023468
   55  -46.58258224  -0.06076808  -0.00025372
   56  -46.09792416  -0.06099928  -0.00023120
   57  -45.34647147  -0.06120097  -0.00020169
   58  -46.53839054  -0.06142794  -0.00022697
   59  -46.22690310  -0.06163923  -0.00021129
   60  -46.23381627  -0.06184340  -0.00020417
   61  -46.21900617  -0.06204038  -0.00019697
   62  -46.49410406  -0.06223795  -0.00019758
   63  -47.42765895  -0.06245288  -0.00021493
   64  -47.36765421  -0.06265987  -0.00020699
   65  -47.51965940  -0.06286409  -0.00020422
   66  -47.37448443  -0.06305858  -0.00019449
   67  -47.46544339  -0.06324928  -0.00019070
   68  -47.59544472  -0.06343736  -0.00018808
   69  -45.86780720  -0.06358005  -0.00014269
   70  -46.49107553  -0.06373221  -0.00015216
   71  -46.72243821  -0.06388540  -0.00015320
   72  -46.93492153  -0.06403906  -0.00015366
   73  -46.73403814  -0.06418413  -0.00014507
   74  -46.72891504  -0.06432505  -0.00014092
   75  -46.74879029  -0.06446258  -0.00013753
   76  -46.56600489  -0.06459261  -0.00013003
   77  -46.96528977  -0.06472744  -0.00013482
   78  -47.14747943  -0.06486259  -0.00013515
   79  -47.88064338  -0.06500911  -0.00014652
   80  -47.75683876  -0.06514964  -0.00014053
   81  -46.23887449  -0.06525677  -0.00010713
   82  -46.25837105  -0.06536125  -0.00010448
   83  -42.15027326  -0.06538431  -0.00002306
   84  -42.15332372  -0.06540591  -0.00002160
   85  -42.37900285  -0.06543122  -0.00002530
   86  -42.43666959  -0.06545705  -0.00002583
   87  -42.60049341  -0.06548529  -0.00002824
   88  -43.02446126  -0.06552059  -0.00003530
   89  -41.75488209  -0.06553245  -0.00001186
   90  -41.47863674  -0.06553889  -0.00000644
   91  -41.50289589  -0.06554556  -0.00000667
   92  -41.25220103  -0.06554774  -0.00000218
   93  -41.28370778  -0.06555037  -0.00000263
   94  -38.95748937  -0.06551350   0.00003686
   95  -38.81205226  -0.06547456   0.00003894
   96  -39.11960325  -0.06544152   0.00003305
   97  -42.04673682  -0.06545730  -0.00001579
   98  -43.07293060  -0.06548995  -0.00003265
   99  -42.83363296  -0.06551826  -0.00002831
  100  -41.27541721  -0.06552112  -0.00000287
  101  -41.66902993  -0.06552989  -0.00000877
  102  -41.09044832  -0.06552951   0.00000039
  103  -40.89827897  -0.06552607   0.00000344
  104  -40.42558877  -0.06551542   0.00001065
  105  -40.27225655  -0.06550258   0.00001284
  106  -40.19374228  -0.06548878   0.00001380
  107  -37.83108921  -0.06544004   0.00004874
  108  -37.84282262  -0.06539206   0.00004799
  109  -38.18142664  -0.06534991   0.00004215
  110  -38.10569523  -0.06530749   0.00004243
  111  -39.02188160  -0.06527898   0.00002851
  112  -38.76210029  -0.06524740   0.00003157
  113  -38.42038409  -0.06521154   0.00003586
  114  -37.74112283  -0.06516678   0.00004476
  115  -37.85555159  -0.06512430   0.00004248
  116  -37.72744488  -0.06508082   0.00004349
  117  -42.26608232  -0.06509988  -0.00001907
  118  -42.32216123  -0.06511992  -0.00002003
  119  -42.06021157  -0.06513611  -0.00001620
  120  -42.45112841  -0.06515720  -0.00002109
  121  -44.55640577  -0.06520570  -0.00004850
  122  -45.63822109  -0.06526777  -0.00006206
  123  -46.53947351  -0.06534061  -0.00007284
  124  -46.40911845  -0.06541069  -0.00007008
  125  -46.33079888  -0.06547863  -0.00006794
