   -0.66583855
    0.31989625
    0.33544270
   -0.67365845
    0.36452912
    0.29356836
   -0.70631271
    0.36682630
    0.35517468
   -0.70724021
    0.35527059
    0.33693124
   -0.68582763
    0.34134083
    0.34390378
   -0.70132483
    0.33745230
    0.36889275
   -0.68462535
    0.32261358
    0.35335125
   -0.66763161
    0.34668432
    0.32559991
   -0.71375794
    0.34057862
    0.34137999
   -0.67640793
    0.31918703
    0.34286697
   -0.70306035
    0.34499546
    0.35195567
   -0.68445289
    0.33731950
    0.33184373
   -0.69223049
    0.33916882
    0.35016426
   -0.66798423
    0.33495547
    0.35116271
   -0.70093764
    0.34788803
    0.34774255
   -0.68456302
    0.32848316
    0.35709488
   -0.66302592
    0.32657077
    0.33627872
   -0.63875759
    0.34522068
    0.31050452
   -0.67100534
    0.34057967
    0.34717729
   -0.68125141
    0.32087784
    0.35064760
   -0.70403326
    0.35200628
    0.34480731
   -0.67519645
    0.32985274
    0.35225980
   -0.69214981
    0.34484721
    0.35556572
   -0.67146710
    0.35375452
    0.33069140
   -0.66852667
    0.32156371
    0.33177631
   -0.68692030
    0.35173010
    0.34425477
   -0.69192054
    0.36296935
    0.34154219
   -0.69264015
    0.34530270
    0.35206935
   -0.71137492
    0.35110299
    0.34858864
   -0.69035439
    0.36914430
    0.35525419
   -0.65404712
    0.33209765
    0.32041451
   -0.69965546
    0.34545253
    0.35633032
   -0.66787730
    0.32812724
    0.35068679
   -0.68366716
    0.33573476
    0.36468707
   -0.68022201
    0.32855985
    0.33955780
   -0.67389050
    0.32945126
    0.32863980
   -0.67810563
    0.34652870
    0.32849274
   -0.67125176
    0.33254943
    0.35163864
   -0.70694197
    0.34887529
    0.36097687
   -0.69556349
    0.35742190
    0.33101246
   -0.67229877
    0.34253023
    0.31823540
   -0.67666828
    0.35276195
    0.34343313
   -0.68252570
    0.32286454
    0.32821253
   -0.68284345
    0.32895012
    0.36937351
   -0.66844734
    0.32325576
    0.34697978
   -0.69609025
    0.34157551
    0.33834046
   -0.66765465
    0.33126517
    0.34289481
   -0.63894028
    0.33083133
    0.33716622
   -0.65999855
    0.33274706
    0.34101588
   -0.68137679
    0.33365418
    0.35414756
   -0.70588467
    0.34848350
    0.35288105
   -0.63789727
    0.35813723
    0.27775644
   -0.69360085
    0.35251141
    0.35567603
   -0.67804278
    0.32698583
    0.33237467
   -0.70408482
    0.33056310
    0.36370242
   -0.67730708
    0.34285417
    0.35060281
   -0.68733950
    0.34417206
    0.35813608
   -0.64977215
    0.35925565
    0.29244847
   -0.71387346
    0.36697074
    0.34022589
   -0.65478168
    0.35729993
    0.29361025
   -0.68111510
    0.32939224
    0.37200038
   -0.66193445
    0.33574964
    0.30813673
   -0.68674739
    0.33179837
    0.34469704
   -0.69573523
    0.34815607
    0.34217305
   -0.64373737
    0.32223271
    0.32586875
   -0.65979698
    0.34990636
    0.31177406
   -0.69650815
    0.35793865
    0.36619896
   -0.67948866
    0.35573192
    0.33173555
   -0.66214532
    0.33235838
    0.32531890
   -0.67317428
    0.34809296
    0.31584340
   -0.66768593
    0.32373641
    0.33201019
   -0.68031684
    0.33214664
    0.36386198
   -0.68127426
    0.34575093
    0.35171646
   -0.66659382
    0.31822556
    0.34513103
   -0.64823231
    0.36027809
    0.29313606
   -0.67499181
    0.34266604
    0.31833784
   -0.67148459
    0.33411385
    0.34295586
   -0.64379781
    0.34079421
    0.30110375
   -0.68799179
    0.32724466
    0.35010834
   -0.69232112
    0.34830055
    0.36334176
   -0.61996940
    0.30706631
    0.32409160
   -0.69590921
    0.33491732
    0.35052296
   -0.68214867
    0.36372582
    0.32714618
   -0.66093879
    0.33695573
    0.32091591
   -0.67050663
    0.33872420
    0.31878925
   -0.64282124
    0.30006780
    0.34207451
   -0.66650527
    0.34069810
    0.31552393
   -0.69282047
    0.35396791
    0.34708810
   -0.70045765
    0.32557823
    0.35972709
   -0.64644150
    0.33659945
    0.32494202
   -0.68659634
    0.36170593
    0.32364825
   -0.68368754
    0.32525245
    0.33902388
   -0.69011730
    0.35458878
    0.33011027
   -0.67526549
    0.34242591
    0.32684050
   -0.67040553
    0.33134307
    0.32206413
   -0.61393775
    0.34801095
    0.30753473
   -0.67725945
    0.31729899
    0.35444902
   -0.63834697
    0.32339229
    0.33242919
   -0.67525587
    0.36124039
    0.31681396
   -0.70613160
    0.34735226
    0.35287316
   -0.68310226
    0.36245985
    0.33627134
   -0.65498597
    0.35608857
    0.31571034
   -0.69604574
    0.36233559
    0.32978237
   -0.69238917
    0.32792095
    0.36127471
   -0.67408003
    0.33034448
    0.35964660
   -0.66408100
    0.33616930
    0.31427456
   -0.67780737
    0.32469095
    0.33123702
   -0.67696239
    0.34614935
    0.31126962
   -0.64392406
    0.34461879
    0.30128476
   -0.69085304
    0.34163486
    0.35816099
   -0.65837488
    0.32205157
    0.33329574
   -0.68378261
    0.35924827
    0.33813567
   -0.68944444
    0.35557108
    0.34146770
   -0.63721724
    0.28509004
    0.35776675
   -0.67315183
    0.34048000
    0.35168406
   -0.68608892
    0.34535018
    0.34674878
   -0.68037565
    0.33707756
    0.34608837
   -0.69158989
    0.33065379
    0.36015655
   -0.66545481
    0.36088086
    0.31709764
   -0.69188241
    0.32348196
    0.35458373
   -0.65827193
    0.34971643
    0.31635007
   -0.68231186
    0.34971363
    0.33650892
   -0.68449095
    0.34917200
    0.35147247
   -0.66939256
    0.32134046
    0.35541400
   -0.63597619
    0.33415868
    0.32154081
   -0.69035843
    0.35462873
    0.32714731
   -0.68785476
    0.35388571
    0.33790057
   -0.69025222
    0.34505281
    0.35002620
   -0.66156146
    0.34178267
    0.30431872
   -0.67562940
    0.35159888
    0.33541282
   -0.66250905
    0.35722379
    0.30377001
   -0.64163154
    0.34504962
    0.28802148
   -0.64560631
    0.32484898
    0.32736412
   -0.65688645
    0.33961133
    0.31851171
   -0.68273180
    0.33505107
    0.34610797
   -0.67407720
    0.33304498
    0.36137702
   -0.70034131
    0.32893053
    0.35716914
   -0.68817487
    0.35110002
    0.35322375
   -0.65151717
    0.35943607
    0.28064678
   -0.65303706
    0.34752606
    0.31922647
   -0.68382084
    0.34325637
    0.33205117
   -0.63060901
    0.28068969
    0.35002864
   -0.68893320
    0.34376438
    0.34795679
   -0.65301483
    0.31898242
    0.33903998
   -0.65752831
    0.31959358
    0.33676423
   -0.67136021
    0.32907138
    0.33748840
   -0.65326076
    0.32350857
    0.32314175
   -0.69177593
    0.35414794
    0.33591656
   -0.68269314
    0.33007578
    0.34313514
   -0.65651766
    0.33405280
    0.33386969
   -0.67357531
    0.33780425
    0.35203366
   -0.67334677
    0.33607687
    0.34990855
   -0.68505237
    0.32886138
    0.35395096
   -0.70451004
    0.36080922
    0.33948686
   -0.63436434
    0.28310724
    0.36076863
   -0.63895902
    0.33090276
    0.33655166
   -0.69069527
    0.35958566
    0.31343475
   -0.65564492
    0.34063739
    0.31609987
   -0.70017207
    0.34428223
    0.34398781
   -0.65896448
    0.33467761
    0.33368665
   -0.64281974
    0.33144058
    0.32341152
   -0.64825051
    0.30209070
    0.33194100
   -0.66297621
    0.33822704
    0.32946292
   -0.67903982
    0.33411145
    0.32476550
   -0.68609047
    0.35331684
    0.31407060
   -0.61869671
    0.28771707
    0.34925955
   -0.65090751
    0.34303724
    0.32885317
   -0.65337319
    0.32755409
    0.32723332
   -0.63348589
    0.32654975
    0.31036938
   -0.69170245
    0.33389690
    0.35442203
   -0.62059717
    0.28758758
    0.34903672
   -0.65541482
    0.33112994
    0.33140549
   -0.66507982
    0.35088901
    0.30682591
   -0.66833290
    0.31845420
    0.32681553
   -0.64899797
    0.33230179
    0.31273382
   -0.67235432
    0.33262172
    0.33803276
   -0.64343967
    0.36467839
    0.29772972
   -0.68334251
    0.32080780
    0.35049848
   -0.66893747
    0.33800329
    0.31201917
   -0.67377478
    0.32075295
    0.33826634
   -0.65190630
    0.33457848
    0.32459013
   -0.64189912
    0.34402913
    0.27918385
   -0.67869653
    0.32261579
    0.35053544
   -0.64980665
    0.34751345
    0.31515571
   -0.64052754
    0.33347405
    0.32164985
   -0.67265153
    0.33751687
    0.32910557
   -0.67686090
    0.33472936
    0.33255996
   -0.67916396
    0.33026760
    0.35094768
   -0.66764225
    0.34809539
    0.33444335
   -0.65059873
    0.32516362
    0.33366337
   -0.69941820
    0.32850937
    0.34995355
   -0.68811046
    0.34549044
    0.32195133
   -0.65079190
    0.31033666
    0.33605244
   -0.68099557
    0.35051358
    0.32377139
   -0.66385321
    0.30684899
    0.35298500
   -0.65115118
    0.31695106
    0.33729067
   -0.68717014
    0.34149625
    0.31487814
   -0.64929370
    0.32770948
    0.32927064
   -0.64253418
    0.30757751
    0.32546848
   -0.66592713
    0.34241840
    0.32066754
   -0.66584540
    0.33771702
    0.31805271
   -0.64358652
    0.34925500
    0.31157564
   -0.66063592
    0.32669183
    0.34260041
   -0.64622313
    0.31456777
    0.35282842
   -0.67332026
    0.30905324
    0.35237780
   -0.63814586
    0.28829974
    0.35531264
   -0.69759755
    0.33035210
    0.34089371
   -0.65124137
    0.32536372
    0.31873438
   -0.68261295
    0.34510934
    0.32634768
   -0.68918069
    0.34487430
    0.34709780
   -0.68013366
    0.34647440
    0.36630754
   -0.65954206
    0.32763547
    0.32484099
   -0.68677059
    0.32536873
    0.34904856
   -0.68715916
    0.34449167
    0.32956038
   -0.62470163
    0.32550830
    0.31058365
   -0.67626002
    0.34289711
    0.30969554
   -0.65725822
    0.28657333
    0.35587964
   -0.65571430
    0.34531350
    0.34540245
   -0.68198281
    0.34246628
    0.34989862
   -0.63447923
    0.34555375
    0.27649635
   -0.68145934
    0.34991550
    0.34372326
   -0.66116866
    0.30912876
    0.34115210
   -0.69449630
    0.31278916
    0.34998485
   -0.67694108
    0.33925732
    0.35556092
   -0.67745878
    0.30215046
    0.36237936
   -0.66406646
    0.33879134
    0.32380274
   -0.66921010
    0.32274740
    0.33533091
   -0.68878432
    0.34940136
    0.33886553
   -0.65836764
    0.35848634
    0.31101868
   -0.67636552
    0.32326459
    0.32042915
   -0.66324310
    0.31838482
    0.33618397
   -0.64858522
    0.32385797
    0.32208466
   -0.66954216
    0.34853522
    0.32208922
   -0.69364921
    0.30766435
    0.35111475
   -0.70010936
    0.33683096
    0.35921813
   -0.66257763
    0.34177190
    0.33484523
   -0.66587620
    0.33417531
    0.31180119
   -0.67859557
    0.32412512
    0.36710306
   -0.68188495
    0.33426130
    0.32323151
   -0.63544520
    0.29924465
    0.34052748
   -0.68919579
    0.34005562
    0.33793774
   -0.67347690
    0.36598538
    0.33695627
   -0.62478260
    0.33201808
    0.28043649
   -0.66376612
    0.31828910
    0.32631304
   -0.65969638
    0.33530722
    0.31223697
   -0.63857033
    0.33802980
    0.28942633
   -0.69507790
    0.32848432
    0.35454897
   -0.64471585
    0.32349250
    0.35181794
   -0.67856234
    0.34357775
    0.36122631
   -0.70136506
    0.33809880
    0.36027592
   -0.65666435
    0.35311056
    0.33903761
   -0.67279489
    0.32426612
    0.32797084
