$coord
           10.6712663035          -14.0734712862           -0.6178819640     O 
            9.2565726020          -14.8328582313           -1.5098382697     H 
            9.9076645312          -13.2598542742            0.8419192459     H 
           -2.3227654346            6.9927606337           12.8788549147     O 
           -2.8097041052            6.4523920574           11.1362043702     H 
           -1.7061627110            8.6863808949           12.7238809563     H 
           -0.1345403971           -3.5546033991           -4.6039981140     O 
            1.0824532033           -2.8087558315           -3.4393757746     H 
           -1.0616116702           -4.7936286514           -3.6031804804     H 
          -10.9689296755            4.2914187216            0.6415015827     O 
           -9.1608753524            4.3395082001            1.0183101235     H 
          -11.2562919365            5.5879562569           -0.6333529770     H 
           -5.9841231335            4.0701960791            1.8744690110     O 
           -5.3345311507            5.4998737818            2.8377563087     H 
           -5.1042751053            4.1908619038            0.2767816542     H 
           -6.9557079788           -9.9370228532           -0.3055304336     O 
           -8.4801529077           -9.7234010900           -1.3044761742     H 
           -6.8637740482           -8.4139129932            0.7497352670     H 
           -1.4465506093           -8.6782504989           -7.2113643672     O 
           -1.6432296853          -10.2583971288           -8.1184390796     H 
            0.2209435780           -8.7398681678           -6.3885709590     H 
           -1.3069217421           -9.9383376924            1.2677585840     O 
           -1.8990168642          -10.5582118068            2.9071443208     H 
           -1.5986448335          -11.2343561830            0.0185455188     H 
           -3.0067162495           -6.0878753205           -1.3867604249     O 
           -2.7023886797           -7.5935098447           -0.3657218290     H 
           -4.7987649048           -6.0186947856           -1.8653939772     H 
            2.2102865845            4.6520035608           -9.2638594825     O 
            2.4330841102            5.5655410304          -10.8340427270     H 
            1.5730022711            3.0010343829           -9.7746588824     H 
           -7.0204692186           -1.8634287244           -6.6869525599     O 
           -8.3172058463           -0.9607036663           -7.6698967575     H 
           -5.6480638565           -0.6573482383           -6.4350777696     H 
           -2.2736250855            5.7786675540           -7.1687424310     O 
           -0.6608189562            5.4843368967           -8.0044921860     H 
           -3.5694026580            5.0410734152           -8.2160757830     H 
           -7.4875205380           -5.4799438812           -3.2799577705     O 
           -7.4893312904           -6.9661223757           -4.3889281042     H 
           -7.4550326717           -4.0225265258           -4.4091448332     H 
           -8.1191675109            3.6577633670           -5.2059668437     O 
           -7.1832294237            3.9550267067           -6.7455391054     H 
           -7.8879575577            5.1391133224           -4.1367099739     H 
           -2.9987296181            5.0134244189           -2.2343264423     O 
           -2.6566004269            5.1839133991           -4.0424417355     H 
           -1.4282861743            5.3224856200           -1.3098116862     H 
           -2.5235475300            0.4391702015           -6.4789126120     O 
           -1.9698545049            0.6030493691           -8.2238928368     H 
           -1.7720185333           -1.1384150782           -5.8545826752     H 
           -2.7866428113           -1.2356214464            6.1251732042     O 
           -1.8366021159            0.3083975706            6.3295298052     H 
           -4.5631257303           -0.7371340301            6.0735777535     H 
           -5.1133527251           -3.9476017129           14.3767388640     O 
           -6.7290401256           -3.0929500686           14.1217472964     H 
           -5.5355966980           -5.6756128867           14.7266273509     H 
           -2.6652497579          -11.8975633541            5.6735566090     O 
           -4.4989847139          -11.8642612345            5.7873220369     H 
           -2.0644148097          -10.6937587842            6.9205983547     H 
           -4.9965484004            0.9541065880           10.5939683234     O 
           -5.5344435080            1.5730003309           12.2402423475     H 
           -5.8225061714           -0.6577184906           10.2541605937     H 
           -7.2317838531           -5.7546565357            2.3888704441     O 
           -6.2189852831           -6.1804031156            3.9139650355     H 
           -6.9066182362           -4.0209006385            1.9093382149     H 
            7.5621649169            2.3822836015            4.5073157639     O 
            7.1867605401            2.5888528315            6.2725178966     H 
            7.5752591285            4.0667930544            3.7277156605     H 
            2.0348156637           -6.6046569265           -0.6148332874     O 
            3.6271005706           -6.6892570556            0.3367811240     H 
            0.8868383177           -7.6352680983            0.3793137763     H 
           -3.0487828632           10.1084529600           -4.0419268755     O 
           -1.7992032362            9.0144752002           -4.8175774258     H 
           -3.2634302124           11.5598391142           -5.1484509060     H 
           -2.4776807592            0.0816304567           16.2551675123     O 
           -3.7684297789            1.3756745526           16.1772249269     H 
           -3.3516027183           -1.4545129736           15.7538182863     H 
           -7.4827175546            0.6571428003            5.6915585980     O 
           -7.3836202544            2.4959903596            5.5591155467     H 
           -8.9155294432            0.1109155934            4.6420429593     H 
          -15.2239942419            2.4484942558           -2.3978241283     O 
          -13.6456619801            1.5251994018           -2.6810930156     H 
          -14.9118406494            3.6817371474           -1.0807826661     H 
            5.4559693924            4.1122015882           -1.3525101294     O 
            6.5185720061            5.0930107919           -0.2037079350     H 
            6.3903017131            2.5660243741           -1.6865938705     H 
           -3.5660528423           -4.5358767038           -9.0229805731     O 
           -2.8505372020           -5.9743280569           -8.1217717445     H 
           -5.0660514594           -3.9902734738           -8.0931173781     H 
            5.4064355579           -4.8653682762           -4.3833382755     O 
            4.1230515546           -5.2604579534           -3.1438975138     H 
            5.1270030885           -3.1032120048           -4.8584752971     H 
           -7.3020288360           -9.4303790329           -6.3363942005     O 
           -6.5127716782           -9.2893519412           -7.9846133288     H 
           -8.9322303511          -10.1728975559           -6.6892871986     H 
          -10.8149270301           -0.1413973337           -3.1674223341     O 
           -9.8766126443            1.1180559951           -4.1201835498     H 
           -9.7653367851           -0.5064898573           -1.7151714186     H 
            2.9474780281            4.9710407482            8.7337717866     O 
            2.7461446737            5.8268936596           10.3369605051     H 
            4.3087222480            5.8982150881            7.8702023938     H 
            9.4053932176           -7.5657621989            5.7818407072     O 
            9.7673001529           -8.0948731346            7.5234841257     H 
            8.3242335109           -6.0837772332            5.9017244556     H 
            3.0339507299            0.1505239486            3.6490473793     O 
            4.6758882808            0.9776869669            3.6689038913     H 
            1.7719847461            1.4207682178            4.0680740431     H 
            6.8922215206            7.3270592716            6.9453350735     O 
            6.6814407161            9.1469036166            7.0872385907     H 
            8.5924846434            6.9844724900            7.5446503625     H 
           -6.7661138757            8.3486907493           -7.3215985957     O 
           -5.5810178531            8.7873684168           -5.9925771803     H 
           -5.8271979508            8.6138047865           -8.8743166165     H 
          -12.2035026354            8.0508224352           -2.7082172046     O 
          -13.7701692482            8.9000644461           -2.2523238780     H 
          -12.5025480241            7.1543600881           -4.2827718786     H 
            2.5526756985           -2.6444596459            7.6947328982     O 
            1.6417467861           -1.4773165820            8.7971289569     H 
            2.9443256509           -1.6862031940            6.1457966355     H 
           -4.5932570260           -6.9710571456            6.2506089973     O 
           -2.8477550836           -6.5796612421            5.7466698484     H 
           -5.1387932919           -5.6983013227            7.4568924919     H 
            0.0821436375           -5.9714327192            4.8383578196     O 
            0.8111486875           -4.7401981179            6.0040758838     H 
            1.2271300868           -7.3994765361            4.9250810326     H 
           -0.3295347051            3.6050007117            5.1489088866     O 
            0.0319746461            4.7078669459            3.7122030087     H 
            0.8026799443            4.1558876761            6.5084232635     H 
            1.4505351343           -3.3150392721          -14.9939152510     O 
            2.6109418687           -4.7241090796          -14.7389653484     H 
            2.4635629192           -1.8084331477          -14.7081186276     H 
            5.5358182920           -6.0838761683            9.6184976208     O 
            7.0442844403           -5.3406437818           10.3159819676     H 
            4.4932104635           -4.6891517606            8.9482200936     H 
          -13.1072292148            4.6949487266            5.3414433243     O 
          -14.3467167979            5.9396871266            5.8506145582     H 
          -12.8155237408            4.8362518936            3.5328600441     H 
          -13.8482399631           10.4463944284            2.9937182187     O 
          -13.4031282081           10.6232991064            4.7816680008     H 
          -13.3484705182           12.0602006273            2.1979995660     H 
          -15.0782230614           -5.0186886914            3.9424670057     O 
          -15.8831667294           -6.3171854836            4.9714800895     H 
          -16.3202780909           -3.7284971053            3.4889461029     H 
            2.4315648435          -13.6890829022            7.5721744963     O 
            0.8816623203          -13.1092376889            8.3317992100     H 
            1.9359685121          -14.5819281734            6.0500223275     H 
           10.3608050688           -9.1322779312           10.4141234408     O 
           10.2002225876           -7.7251177955           11.5782508895     H 
            8.9428268418          -10.2675753650           10.7536974675     H 
            1.4974651711            2.6278282396           -4.2858083677     O 
            1.6647172475            4.4397104936           -4.4591992653     H 
           -0.1082911384            2.1550644245           -5.0649852479     H 
            7.6024939543          -10.0374714040           -4.5211605982     O 
            8.4825725316           -9.5765311429           -2.9681994714     H 
            5.8218513511           -9.5715363559           -4.3556187103     H 
          -15.7002982881           10.0626797805           -6.9678983558     O 
          -13.9359487057            9.8875258215           -7.5756728433     H 
          -16.6086753735           10.8794987432           -8.2986419055     H 
           12.5909094015            3.1737198182            5.1450281254     O 
           13.8117524455            1.8412557762            4.7855746420     H 
           10.9584412809            2.4962838137            4.6091259203     H 
            2.4405858251            5.8248987545          -14.2832774058     O 
            2.9759638460            4.0961585286          -14.6303824752     H 
            0.5987587479            5.7862545639          -14.3577606976     H 
          -15.8296879002           -2.8639430045           -2.3081350822     O 
          -16.7013761164           -2.2656099397           -0.8114271647     H 
          -14.0903578425           -3.1657370324           -1.7231662475     H 
           -3.8122620870            5.4943073153            8.4507562158     O 
           -4.6241195037            3.9302311193            8.9575285395     H 
           -2.6499190351            5.0256216477            7.1081652124     H 
            6.1670180661           -7.0218874876            1.8615797706     O 
            7.6034565934           -7.9717080424            1.1930571410     H 
            5.4926794840           -7.9150458325            3.3235599738     H 
           -5.0536276685          -14.3162565179            1.4981554154     O 
           -5.7652851230          -12.6951400340            0.9672118811     H 
           -6.4565586991          -15.2838606663            2.1076092323     H 
            4.6317430250           -0.3880329582           -6.7826050978     O 
            3.6090273274            0.8571616301           -5.8477385234     H 
            3.4534862513           -1.3655049990           -7.8305381006     H 
            4.4190157725            0.9958960765          -14.3880973419     O 
            5.2933312289            1.3095330243          -12.7580449659     H 
            5.7481489864            0.8269667504          -15.6080666930     H 
           -1.8857115544           -4.3021702235           10.2855055030     O 
           -3.3083697472           -4.1275942804           11.4314570768     H 
           -2.1775025140           -3.1650117864            8.8621142681     H 
            0.4990964011          -10.6915282376          -12.5953332073     O 
           -0.5096283034           -9.1674366584          -12.8742013000     H 
           -0.6297051895          -11.9661060273          -11.9520092330     H 
            3.1454285052           -1.2749649726           -1.3808353842     O 
            3.0694241334            0.4790680973           -1.8625739415     H 
            4.6251328678           -1.4764749925           -0.2861884915     H 
           -3.2271992623          -11.4205233991           -3.2687430529     O 
           -4.6837462386          -10.7457926242           -2.3559305921     H 
           -2.8432039236          -10.1854625310           -4.5749364806     H 
            6.2296389631          -12.0735077579           11.0161113973     O 
            5.1185378227          -12.9270783703            9.8481274556     H 
            5.1361070071          -11.1746311259           12.1705618926     H 
           -7.9768184283           -4.8317856185          -14.1088714362     O 
           -8.7587850600           -5.5933882992          -12.5968227148     H 
           -6.5119799802           -5.8382825178          -14.4929544558     H 
          -11.5365058436           -9.0959248408           -2.5344683524     O 
          -12.0658701447           -8.5482065896           -0.8619443829     H 
          -11.5740516029           -7.5485917940           -3.5638692161     H 
           -5.5052685939           -0.9375528591          -12.2305414329     O 
           -4.4779725304           -1.8524785923          -11.0223868278     H 
           -6.6515268638           -2.2086791524          -12.9414599426     H 
          -19.1167545062           10.3358804970            3.0385452920     O 
          -17.3767509269           10.8561697175            2.7596819782     H 
          -19.7377647016            9.9543233781            1.3615421736     H 
            2.9216192368           -8.5106289146           13.0956086758     O 
            3.9397941722           -7.5454027254           11.8657594109     H 
            2.2414845298           -7.2447988562           14.2154472824     H 
           -6.0431642357            3.6437411708           14.8038340669     O 
           -4.9626139587            5.0599869240           14.3898442017     H 
           -7.7699743366            4.1650815651           14.3544441537     H 
            8.7071524821            0.6155641703           -2.9830105663     O 
            9.1877305397            0.7584683325           -4.7309547489     H 
            9.1071314990           -1.1257847607           -2.4891164645     H 
            8.0610970951            6.6242107458            2.0304336418     O 
            9.8251822240            7.1105996165            2.1066247688     H 
            7.0249324047            8.0201689438            2.6601499018     H 
          -10.4373643136            0.5919940401           -9.2339620238     O 
          -10.7771902553           -0.0358290443          -10.9211771318     H 
          -11.9591187184            0.2722849277           -8.2467525706     H 
            8.3171190928          -12.1141232210            3.7540245958     O 
            8.7424011977          -10.4258429958            4.3969321495     H 
            8.3216052808          -13.2188228820            5.1853071708     H 
           -2.7316786473            5.2236615621          -14.0734749796     O 
           -3.6868499166            4.6662436670          -12.5905314386     H 
           -2.6810245775            3.7718036368          -15.1795215528     H 
            8.9163350351           -3.3078459420           -8.6883766462     O 
            8.7762241970           -3.6750190566          -10.4932229679     H 
            7.3901611284           -2.4534473320           -8.1908244763     H 
          -16.6368666055           -9.2122128721            6.4302707703     O 
          -16.4141263583          -10.4521972586            5.0567785426     H 
          -18.4204315614           -8.9966011690            6.6750545745     H 
          -18.2309579875           -1.5287095387            2.1249768490     O 
          -19.9906450398           -1.7842360154            2.6094043425     H 
          -17.8615456027            0.1642684410            2.7853994722     H 
          -15.9174282519           -7.5704626503           -0.3156302894     O 
          -15.9987196918           -6.1885849929           -1.5372312142     H 
          -15.1886262836           -6.7576225681            1.2000508531     H 
          -16.0436990102           11.3284206748           -1.9071586408     O 
          -15.3188021095           12.9487656047           -1.5344630529     H 
          -16.2718401437           11.2276256861           -3.7224849900     H 
           -9.3934354381           12.2877759443           -2.5196983444     O 
           -9.3116693894           13.1823787861           -4.1564388842     H 
          -10.4410004583           10.7764518959           -2.7583621031     H 
           -7.1394593721            7.6016467920           -1.8974731900     O 
           -5.3849831359            6.9971949634           -1.9545203925     H 
           -7.1262683907            9.2871132847           -2.5794274336     H 
            0.6565377384           10.9801698949            9.8704854789     O 
            1.8617256220           10.0930773975           10.9473703184     H 
            1.5200109848           12.4296405494            9.1655085965     H 
            0.9055874294            8.6989981387            5.1678555751     O 
            2.3915256300            9.3824204795            4.3427685666     H 
            0.8742755781            9.3560160833            6.8719074771     H 
            1.3834934050            9.9288629906          -10.8883912969     O 
            1.9892653989            9.4002740186          -12.5120324475     H 
            2.8524130258           10.2969780323           -9.8517029401     H 
            7.2840988241            6.9605285847          -12.0318653489     O 
            6.8037462158            8.2382004729          -10.7680045983     H 
            5.8961400981            6.8233251608          -13.1994128501     H 
           11.7853357382            4.2113594452           -1.2552689859     O 
           10.6230013399            2.7986508903           -1.5048980678     H 
           13.0921396749            3.6237494400           -0.1208870047     H 
            5.8302478565            9.9771976453           -8.3001378744     O 
            7.2381026653           11.0299977338           -7.7487020087     H 
            6.0058010418            8.4055031902           -7.2950746631     H 
           -3.9555015960           13.4861928273           -7.8995254533     O 
           -4.0540501680           12.3529608838           -9.3340843709     H 
           -2.2199413533           14.0421595697           -7.8210739108     H 
          -11.3556522104           -8.7482080872            2.7574965228     O 
          -10.1220745937           -7.3860698831            2.5941152819     H 
          -11.7238580891           -8.8513298387            4.5448446490     H 
            1.4312988215          -14.5327820423           -5.0860568069     O 
            3.0777249060          -15.0908952082           -4.4505737856     H 
            0.1830554106          -15.1990591412           -3.8890186443     H 
           14.8546256640           -6.0201340492           -1.1277631696     O 
           14.5976574787           -4.3872696331           -1.9652643515     H 
           15.7060566499           -7.1528670295           -2.2951860282     H 
            3.9789428686           -9.1668037334            5.8378660009     O 
            4.6269701678           -8.2521809756            7.2925703631     H 
            3.4927106206          -10.8412229717            6.4217759597     H 
           10.3187756700           15.4083920174           -2.8806870393     O 
           10.2837490553           14.3311178770           -4.3795226819     H 
           11.8201212157           14.8386400134           -1.9928504176     H 
           -9.6089240390           -1.5536444359           13.8241137140     O 
          -11.0243839414           -2.6631661009           13.4473529894     H 
          -10.1635958102           -0.3865343086           15.0936526416     H 
          -15.0367935676           -4.1708916126          -10.6806232186     O 
          -16.1900456167           -5.3757626694           -9.9279032512     H 
          -14.9184301247           -2.8391915424           -9.3718613341     H 
           -9.0476804659           14.3614960843           -7.0030989223     O 
           -9.7955584108           13.0904976115           -8.0861004383     H 
           -7.2456309460           14.3525315273           -7.3376131951     H 
          -11.1239138847            9.9053739146           -8.9518412295     O 
           -9.6559079283            9.2754670907           -7.9874610615     H 
          -11.0987607593            8.8390194354          -10.4346697213     H 
            6.0210629147            1.1270971638            9.4528444892     O 
            5.6677930783           -0.0494831501           10.8560575477     H 
            4.5436537483            2.2393861293            9.2942323801     H 
          -12.1110827519           -4.9396996547           -5.4344918134     O 
          -11.6188843332           -3.2960280939           -4.7807372367     H 
          -11.1805597750           -5.2153375958           -6.9947342220     H 
            4.5107392476           -7.2988879520          -13.9103261497     O 
            4.8874929934           -7.2867840196          -12.1045835539     H 
            3.5372254021           -8.8080698613          -14.1858244787     H 
            2.5766158185           -9.5582297433           -4.4821532968     O 
            2.2467263486           -8.5959893239           -2.9086445200     H 
            2.0323888710          -11.2909704899           -4.2101633490     H 
           -8.9310727706            9.0412847234            2.5648694874     O 
          -10.7463465991            9.1954992620            2.3606733914     H 
           -8.2511586140            8.4871732880            0.9312607707     H 
          -14.8340674354           -0.7161619005           -7.0388274404     O 
          -16.1408213240            0.4674298986           -7.5722796632     H 
          -15.2424251654           -1.2880071156           -5.3367309145     H 
          -20.3562096892            7.4957479324           -1.2984730960     O 
          -19.7104739446            6.9600296124           -2.9498060185     H 
          -21.5370707849            6.2031838972           -0.7663464668     H 
            7.9008413956           14.5674802821            1.6714627847     O 
            9.3193254744           13.8946717899            2.6335028777     H 
            8.5911089120           14.9447712230            0.0053298802     H 
          -12.8069157363            5.0345580417           -6.7999835161     O 
          -11.1426430314            4.3106477767           -6.4788752644     H 
          -13.2629262979            4.5488595893           -8.4882695092     H 
            3.7517983579            8.1034282248           12.7566132025     O 
            5.5223088494            8.6712594570           12.5869664847     H 
            3.5368828409            7.5213982252           14.4563226413     H 
            7.1121457868            2.0890393635          -10.3351037025     O 
            7.1019819663            3.9269218059          -10.3466757443     H 
            6.2409185075            1.5471823513           -8.7937526357     H 
           -5.2698113772          -11.1625604846           11.2435552669     O 
           -6.0070879911          -11.8656366381            9.7304746517     H 
           -3.6110248738          -10.5093352929           10.7591759791     H 
           10.2878167206            9.0137143021           -2.1097860551     O 
           10.8311647844            7.3031840486           -1.6911967196     H 
           11.4260557574           10.1633324824           -1.2362606248     H 
          -11.5891379911           -4.3304732804           -0.1676524456     O 
           -9.9611192278           -4.5895713157           -0.9599785518     H 
          -11.3999415315           -3.0786073825            1.1570706321     H 
           15.8924122204            9.3242799539            7.8380832744     O 
           16.9906014518            9.5018361564            9.2627983931     H 
           16.6042499672            7.9405305906            6.7905312974     H 
          -14.8798878601            0.0020905076            6.7507870385     O 
          -15.8990469917            1.4254396357            6.1874901722     H 
          -13.6012946208            0.6777201620            7.8971951563     H 
           -8.4270880956            5.6317360158            6.2803768594     O 
          -10.2226405991            5.1401566093            6.2192118157     H 
           -8.2536249972            6.8879758822            4.9389475687     H 
          -15.9368335272            6.2787019353            0.8820583710     O 
          -17.4889056998            6.8587134288            0.0599518279     H 
          -15.1200453574            7.7856833090            1.5341712924     H 
          -10.6818649885            1.2140742546            9.5271285635     O 
          -10.2789407646            0.0188045582           10.8557472264     H 
           -9.3610302752            1.0171702648            8.2409268322     H 
            1.1142290761           -3.6644529616           14.2919985137     O 
            0.1855547636           -3.7911524271           12.6869809220     H 
            0.2006080620           -2.4682819863           15.3103215435     H 
           -0.7634374722           -9.2473729557            9.7196241224     O 
            0.5548144276           -9.2884827738           11.0164428103     H 
           -1.2317788323           -7.4602000464            9.6252575564     H 
           -3.6685690409            9.6067845260          -11.3015446276     O 
           -1.8690486014            9.6485708211          -10.8956111591     H 
           -3.7805621551            8.5377716903          -12.7672684635     H 
            5.3735785238           10.0685840661           -2.3466909984     O 
            7.1345753875            9.5169211041           -2.2669708481     H 
            5.3848802367           11.7628747887           -3.0860121512     H 
           11.6553700707            5.1119742802           -6.2418581877     O 
           11.8868182626            3.4268123218           -6.9537676515     H 
           12.0910419631            4.9437050041           -4.4552412700     H 
            2.7942235025           15.4185676282            0.3831436124     O 
            4.3483281432           15.3994012534            1.3360460024     H 
            2.1521294290           13.6839101344            0.3580908000     H 
            8.3781003165            9.8395788373           12.0249148559     O 
            8.0340219336           11.0366235705           10.6761718236     H 
            9.6270185391            8.6909027468           11.3716378474     H 
           11.6617440651            6.5376110408            8.7364716366     O 
           12.1120321300            5.1481451142            7.5854558592     H 
           13.0128952924            7.7690181426            8.5189988659     H 
           10.2189960818           -8.6720700674           -0.3635011848     O 
           10.6269592945           -6.9663209659           -0.9615894818     H 
           11.7285637737           -9.3610082429            0.4222095059     H 
           13.3209845708           -5.3092285562            3.6602596725     O 
           13.6885053275           -6.0061784565            2.0068749645     H 
           11.8500090537           -6.2191512653            4.3264625158     H 
           21.7941428143            5.4210139328            0.6720951641     O 
           21.3856037064            3.8209784132            1.5211185677     H 
           22.0528381883            4.9396729844           -1.0667884100     H 
           -3.8656746068            8.3632697393            3.5340125103     O 
           -2.0481305453            8.4000289423            3.8548649316     H 
           -4.2696453532            9.6774484117            2.3252790961     H 
           13.6947613444            8.9610239467           -8.7890771238     O 
           13.0003910656            7.4643678844           -7.9204127796     H 
           13.5518179417            8.6001469035          -10.5597941240     H 
          -20.5340509129           -2.1051799902           -6.5288211120     O 
          -20.2649773452           -0.9767161718           -5.0822609509     H 
          -22.0372021693           -3.0281983100           -6.1241552226     H 
            5.9208215487            2.5430069142           16.0609974087     O 
            7.1901791984            3.3129342039           14.9914517942     H 
            4.2769674048            3.1544269124           15.5268814161     H 
          -18.5114362176            2.2091416483           -8.9856560004     O 
          -18.6142007489            3.5400028425           -7.6918994590     H 
          -19.7396965582            0.9239400973           -8.5791060770     H 
           -6.9843089321           -3.5944854386            9.2929897313     O 
           -7.5008884350           -4.9213643999           10.4894464568     H 
           -8.4361442277           -3.3859292769            8.1911859922     H 
          -17.9347616415            5.6500779788           -5.3604990880     O 
          -16.9968823371            7.0806753686           -6.0384956464     H 
          -16.6777371297            4.5836568735           -4.5055319014     H 
           -2.4612990371           -6.4715133575          -13.4601425696     O 
           -1.1992878494           -5.3945665481          -14.2385609315     H 
           -2.8026142272           -5.6624483511          -11.8173714044     H 
            7.1903018522           -2.1846878879            1.4460791465     O 
            6.9794838947           -4.0118973723            1.3471596854     H 
            7.2074917656           -1.8891753412            3.2674358388     H 
          -23.3176254853            3.3903383628            0.2100055773     O 
          -22.0270757774            2.4527417826           -0.7971823797     H 
          -24.8780348507            3.2306872039           -0.6891973355     H 
           12.5440574888           -2.9776930458            8.2408417658     O 
           12.6387087064           -1.8793140317            9.7433777527     H 
           12.9253256591           -4.6588051798            8.7960597596     H 
            7.8848783332           -2.6333503171            6.3876502486     O 
            7.0366763460           -1.3647608072            7.3972440205     H 
            9.6579990325           -2.5781402090            6.8783730518     H 
           24.4969415950           -1.5082011701           -0.5534463023     O 
           25.9504482097           -1.8796391952            0.4562579558     H 
           23.7359067776           -3.1567410725           -0.9561801280     H 
           18.2440423581           -3.6962011862            1.7695850676     O 
           19.0073423548           -2.7457707238            0.3838590704     H 
           17.0314435178           -4.8116872594            0.9281879567     H 
           12.1795398060            5.4374161361          -12.8140222985     O 
           11.8920165704            3.9104631157          -13.7653341387     H 
           10.4935310746            6.0933009493          -12.4759610130     H 
            5.1806054886           14.8914738834           -4.0076095855     O 
            6.8329085492           15.6453265029           -3.9069030931     H 
            4.2452227197           15.4420391906           -2.5011186890     H 
            1.0249332031            3.5522962379           14.5372044335     O 
            0.0181813026            2.3419205130           15.4793184955     H 
           -0.1505634282            4.8993761058           14.0495230175     H 
           14.1653242768          -10.9191318119            7.1511018325     O 
           15.3027678168           -9.4927426428            7.4156251546     H 
           12.8332961732          -10.6969790656            8.3788377679     H 
            9.9634075826           -4.2137206325           -2.6001070783     O 
            8.2467900284           -4.6369461320           -3.1641226116     H 
           11.0651233615           -4.6836298387           -3.9966743654     H 
            5.5998675809           -1.7254700274           13.4778085710     O 
            5.7902779647           -0.3555789482           14.7206270415     H 
            3.9489057625           -2.5192292430           13.8013716676     H 
            7.1412392545           12.3373259620            7.6868871136     O 
            8.5941301423           12.5702192660            6.5888036222     H 
            5.7189181359           13.2638257303            7.0015134314     H 
            0.3068250926           10.8250331647            0.0313627160     O 
           -0.5478297911           11.4762530846            1.5152019592     H 
           -0.9434386389           10.7396727129           -1.3212124412     H 
            1.0247075963            5.7723828057            0.6578500044     O 
            1.0742463686            7.6076463004            0.5086639413     H 
            2.5637777485            5.1101929484           -0.0969037071     H 
            4.9810733118           10.5135272120            2.6148181339     O 
            6.0201867626           12.0282092862            2.5942804375     H 
            4.6269126030           10.2025871408            0.8212802848     H 
           14.3999912358           -1.2222914908           -2.5374506389     O 
           13.4980897522           -0.8119639007           -0.9480879399     H 
           13.4151772979           -0.6095641028           -3.9493070997     H 
            2.6196090688           14.6426408969            6.4466258741     O 
            2.6982438652           16.4482068477            6.4477233224     H 
            1.1899881662           14.2026293237            5.3585867872     H 
          -16.5626643248            8.1096706096            7.1981883375     O 
          -15.4454470175            9.3935063627            7.8598653650     H 
          -17.6564176255            8.9111955313            5.9676938474     H 
           -8.5618341527            8.7386284649           10.0709520676     O 
           -8.3241700059            7.4290204469            8.7386633095     H 
           -7.0721694840            9.7814885012            9.9225341208     H 
          -11.9973755144           14.6046640043            1.0627714851     O 
          -10.9651025770           13.9397297839           -0.3391888363     H 
          -10.8135693949           15.0294095370            2.3787682764     H 
           12.1066260973            0.1840102409           -7.0220304882     O 
           13.8914303455           -0.0685451956           -7.4293920852     H 
           11.1461686600           -1.1557505640           -7.8614852738     H 
          -10.5276221603           -6.3160117132          -10.0777610217     O 
          -10.7640948283           -8.1097322816           -9.7728529304     H 
          -12.2031698894           -5.6333718233          -10.4987614281     H 
          -12.0929168428           -1.2952253646          -13.7901194278     O 
          -13.3503093111           -2.4439467229          -13.1121681911     H 
          -10.7798795799           -2.3461180112          -14.4915592975     H 
          -20.8514744256           -6.0146359122            5.1202942933     O 
          -22.2425365236           -4.8508235265            5.1118090619     H 
          -20.8346996989           -6.8202406377            3.4584557154     H 
          -15.5495700017          -10.9316089191           -5.1854603669     O 
          -14.5019916651          -10.2991635160           -3.8077786347     H 
          -16.5394479033           -9.4736114632           -5.7020292170     H 
           -4.9882710189           12.6277401869            0.3268887941     O 
           -3.9354405182           13.6063085542           -0.8370305504     H 
           -6.6440785562           12.6145092297           -0.4435847927     H 
          -11.6612941399           -8.8473775521            8.0265956555     O 
          -11.4965816112           -6.9881978228            7.8082877044     H 
          -13.4510080569           -9.2000379017            8.0461326524     H 
          -18.5995497038            4.1648361685            9.7735801907     O 
          -19.8911400441            4.9623094365           10.7573818627     H 
          -17.8395401652            5.4917453707            8.7426151171     H 
           17.4069249436           -9.5658352925           -3.7868983987     O 
           15.8989975692          -10.5715825081           -4.1200419117     H 
           18.1933999411          -10.1749238652           -2.2586145068     H 
            4.0137591774          -12.1519564374            0.6941430061     O 
            2.6539618898          -13.0432660230            1.5441985774     H 
            5.3849480760          -12.0125482000            1.9007344675     H 
           -5.7380367900          -10.0403733583          -11.2367137210     O 
           -4.6492894802           -8.9523177096          -12.2109593644     H 
           -4.8219888341          -11.5737507228          -10.9128089544     H 
           11.9609710085           -0.7006469205            1.6803110593     O 
           12.5825315275           -2.1998664019            2.5377486555     H 
           10.1724599974           -1.0466280511            1.3781938275     H 
          -10.1173076589            6.0477071341          -12.4261475191     O 
           -9.8205347405            6.1717991134          -14.2048175608     H 
          -11.6321538875            5.0183094400          -12.2082785413     H 
           13.8083613398           12.4186931192           -0.6471699916     O 
           14.8803399099           11.5852734044           -1.8807345539     H 
           14.7954078123           12.6329977097            0.8837152101     H 
           21.1892512881           -6.1473534566            4.8939024768     O 
           20.2825024887           -5.1950660788            3.5646235889     H 
           22.1922546623           -4.8910510089            5.7407743634     H 
           16.6469034257           12.4980911016            3.7811322799     O 
           16.3874063381           11.6835560141            5.4050501675     H 
           17.5381079928           11.2178309850            2.7994260676     H 
           12.0644427400           -8.0672915726          -12.2591707480     O 
           11.3029225836           -9.2719253872          -11.0921114900     H 
           13.7110615568           -7.6294666128          -11.6104325260     H 
           -2.1463370125          -13.5823012467           -8.9216340645     O 
           -0.7749887036          -14.1161464389           -7.8249764941     H 
           -3.6400855953          -14.2485696574           -8.0667676663     H 
           16.6966224938            2.1782710164            9.3524800066     O 
           16.5389106607            0.8831930312            8.0233189831     H 
           18.2339934539            1.7858144893           10.2234726137     H 
          -17.0936781514           -6.2054049469           -6.4398325368     O 
          -18.2744720406           -4.8159865157           -6.2506237711     H 
          -15.4638240800           -5.5708315656           -5.8465710129     H 
            9.7345316838           -4.4903600113           12.7753401322     O 
            8.2182909591           -3.5841717902           13.3272199215     H 
           11.0933364036           -3.3119133271           13.0504881359     H 
           16.2492735506            9.3039179705           -4.1492872640     O 
           15.6649722284            9.7444919967           -5.8190340284     H 
           16.3588345731            7.4571171390           -4.1752180322     H 
          -14.3741376120            3.2870695732          -11.9777967417     O 
          -15.9964999178            2.9559345965          -11.1919746882     H 
          -13.8857486491            1.7546374812          -12.8388326369     H 
          -11.7957163133          -11.0735829418           -8.4366652960     O 
          -13.2985139176          -11.0596919390           -7.3097763188     H 
          -11.8589749272          -12.5909851693           -9.4120276559     H 
           10.1680570892           11.6974267511           -6.3926816540     O 
           11.5043782569           11.0818474248           -7.4985108083     H 
           10.1991873409           10.5373527562           -4.9464323898     H 
           12.8130166226          -11.5166607771           -4.5890836379     O 
           12.0397388915          -12.3376131204           -3.1190214256     H 
           12.1238603293          -12.3080209883           -6.0747587417     H 
           22.6196118977           -6.1114147326           -1.5115577797     O 
           21.4431313740           -7.1553501980           -0.5801428406     H 
           22.0802791541           -6.1495792227           -3.2510204592     H 
           20.8082230147            0.7473279885            2.1953770808     O 
           21.0610136505            0.0168674330            3.8715630834     H 
           22.0679553581           -0.0500402022            1.1112378296     H 
           -1.7875547175           13.5590797159            4.1407727431     O 
           -3.1040455338           13.9539331170            2.9299858582     H 
           -2.6619366603           12.7939114060            5.5712250116     H 
           -0.1858168981            0.5642161753          -11.0006011058     O 
           -0.6902533274            0.7442856050          -12.7553234294     H 
            0.5280631216           -1.1217206764          -10.8188168426     H 
           -5.9510112957            3.7466338007          -10.2645083109     O 
           -6.0921275037            1.9886498622          -10.7955645233     H 
           -7.4865597392            4.5891015468          -10.8213460439     H 
          -15.7787504584          -12.1763664788            2.4158859394     O 
          -14.1417199743          -12.9990014902            2.4999659647     H 
          -15.5990093240          -10.8179849225            1.2060652179     H 
            6.6263579331            5.6678308643           -6.0545780057     O 
            8.4604551702            5.5099309536           -6.1168937813     H 
            6.0965176504            5.1787654281           -4.3572696262     H 
            9.4006252257            3.5470820538           12.2309032015     O 
            8.1897926347            2.7077001956           11.0921098843     H 
           10.3371686336            4.7269598444           11.1902115236     H 
           -1.7557074459           15.4328163982           -2.4353665862     O 
           -0.4874618960           16.1475126439           -1.3496524569     H 
           -0.8417853441           14.6477131345           -3.8307220615     H 
          -18.0681428820           -3.4444741809            8.7071761362     O 
          -16.9233705451           -2.2816638054            7.8202263584     H 
          -18.8352876853           -4.5332317668            7.4552948339     H 
            9.6512775481          -11.2823515623           -8.9517719255     O 
            8.2743314875          -12.1021561223           -9.8054684347     H 
            8.8851359990          -10.6096489500           -7.4069795577     H 
           -7.8045076612          -12.1428907845            6.5217017653     O 
           -8.6960970536          -13.0717233834            5.2320134261     H 
           -8.9763733230          -10.8590259124            7.1035521617     H 
            0.0942337409            0.8368310511           10.2979669204     O 
           -1.7422240684            0.8157669139           10.4375643900     H 
            0.6994196665            1.7773314902           11.7484732966     H 
            4.2536880663          -12.2596249244           -9.2930277620     O 
            2.9964627458          -11.8843062465          -10.5729372651     H 
            3.3951341974          -13.1127005667           -7.9330802002     H 
          -22.3803363975           -3.5074205175           -1.1667466453     O 
          -23.2102375960           -2.9510013807            0.3557205555     H 
          -21.8063713896           -5.2147581151           -0.8265790516     H 
          -14.0018746784           -2.9388551254           11.7481249141     O 
          -14.4261393849           -1.1766962042           12.1562727070     H 
          -15.5926979500           -3.6726663689           11.2268326923     H 
           -2.2183905000            0.3903778186          -15.8000199625     O 
           -3.6236346739           -0.2354141847          -14.7649692562     H 
           -1.1954165247           -1.0474269932          -16.2486556280     H 
           14.2070777036          -10.7898692461            2.1391779445     O 
           14.0344755723          -10.8953296060            3.9912435549     H 
           13.8872171675          -12.4557962398            1.4936485942     H 
            8.8775931706           -4.4598100909          -13.6335015582     O 
            7.4145518016           -5.3865100840          -14.2082366147     H 
           10.1903962893           -5.7469663946          -13.3576911865     H 
            0.4174716667          -15.1605356430            2.9890715716     O 
           -0.1175709748          -16.2911139846            1.6732320943     H 
           -1.0965561725          -14.3195334773            3.6106003109     H 
           -8.3928224943           13.3887585255            5.1255327160     O 
           -7.0209136368           13.1747638084            6.2978163740     H 
           -8.3322217187           11.8772842862            4.0497465341     H 
          -10.5906763263          -14.0883336720           -3.2827183606     O 
          -12.1762225879          -14.7708413867           -3.8251028508     H 
          -10.8036953343          -12.2569915389           -3.2783870101     H 
            6.0938545640          -14.6929700562           -3.0644983169     O 
            6.7599391601          -13.2432272012           -3.9953804496     H 
            5.2843145085          -13.9027546091           -1.5766261356     H 
           17.0681938976           -0.7527899510           -7.2071508982     O 
           17.1019581926           -2.3822605314           -8.0322658064     H 
           18.3590601344            0.2820899284           -7.9803986677     H 
           10.2041603934            0.4691772197          -14.0465796051     O 
            9.3116654013            1.0055974348          -12.5248456604     H 
            9.7492294321           -1.2971161138          -14.2670276389     H 
           16.0228259296           -0.6917039236            5.3126068873     O 
           14.7572101968           -1.8024798583            6.0571837136     H 
           16.8986849444           -1.6808559567            4.0245973984     H 
          -20.0036353837            0.8555149135           -2.4292049103     O 
          -20.2630407601           -0.7560562030           -1.5714722587     H 
          -18.2082989401            1.3216438386           -2.2737820291     H 
          -21.6623395949            0.1329524591            8.1550333720     O 
          -20.5465561899           -1.2334662842            8.7029572423     H 
          -20.6951231463            1.6621438703            8.4300921489     H 
          -10.5318609441            4.9232855871           12.8767593118     O 
          -10.0335240834            6.5381820207           12.1640626056     H 
          -10.5169895010            3.7391157456           11.4403168411     H 
          -17.9675635306            3.0280845407            4.0937543042     O 
          -17.0941974865            4.1954883483            2.9537575148     H 
          -19.4809036176            3.9188482820            4.6526891543     H 
          -21.9296891395            6.0778228379            4.7879648855     O 
          -21.2506489060            7.7068757427            4.3090953256     H 
          -22.8691756159            5.4566741704            3.3588368436     H 
          -23.0906801335           -0.9650474852            3.5237595965     O 
          -22.7069967852           -0.5291426002            5.3065950534     H 
          -23.3761035805            0.6481628984            2.7148104851     H 
          -20.6957058792           -8.1492883523            0.4876191864     O 
          -21.1341807443           -9.8829066525            0.2278398252     H 
          -18.8398673626           -8.0128407016            0.1452841271     H 
           12.3413197842           -6.5252174640           -6.4164177402     O 
           10.8612289967           -6.2624953402           -7.4582801409     H 
           12.3566470383           -8.2674109861           -5.8324648860     H 
            1.7242387237            7.9362204411           -4.9959405353     O 
            2.4513675397            7.2879972813           -6.5368217404     H 
            3.1100178426            8.5387830458           -3.9277369757     H 
           18.3990510783           -2.7419449058           10.1561361255     O 
           17.6029903983           -4.0644520887            9.1149766674     H 
           18.9841553176           -3.5617895918           11.6551719222     H 
          -11.5402918385           -0.2737458152            2.9204110492     O 
          -11.6346391905            1.2780178082            1.9487703189     H 
          -12.8684227157           -0.2021718758            4.2089145031     H 
           -2.0820929735          -16.6174396965           -1.9667655694     O 
           -3.2430502061          -16.9593307568           -3.3317394606     H 
           -3.1072414627          -15.6747281467           -0.7464030040     H 
          -10.6049532525          -13.6565549977            2.0598022324     O 
          -10.4222930687          -14.0842289287            0.2893731227     H 
          -10.6120048575          -11.7963577966            2.1275853371     H 
          -11.5488760522           -3.9805970616            7.3430707310     O 
          -12.4871625481           -3.4064429173            8.8277965926     H 
          -12.7246880499           -3.9910476779            5.9134927366     H 
           22.0927179290            2.2534517277           -3.7584205627     O 
           23.7211565263            1.6876906740           -3.1864035535     H 
           20.9780714400            0.7793399499           -3.3248604651     H 
           17.8161076092            8.5215881461            0.8313399049     O 
           19.3023854079            7.4178350598            0.9580303417     H 
           17.6238042128            8.9084230262           -0.9374345755     H 
           12.9458873029           -0.0700185048           12.2470678912     O 
           14.3772700002            0.8515005429           11.5536705103     H 
           11.6110060863            1.1958227007           12.4874498634     H 
           13.0300462393            7.6757721855            2.8283838058     O 
           13.0771864715            6.0199789607            3.6557747652     H 
           14.6814605146            7.9037958037            2.0539653815     H 
           11.3149477489           12.1291245128            4.5945984867     O 
           11.8231131710           10.4298195550            4.0407687774     H 
           12.8794033158           13.0481837802            4.7061505959     H 
           14.7418565046           -0.9624500989          -12.0789726531     O 
           15.2069031037            0.5353100694          -11.1287699672     H 
           13.2043250878           -0.5256657590          -12.9845653851     H 
           19.7838281273           -5.6792667894           -6.0175507681     O 
           19.0493484112           -5.5809159165           -7.6874810051     H 
           18.9470878458           -7.1407673215           -5.2734348781     H 
          -15.0641185054            1.8803105986           12.9294025484     O 
          -16.2986497895            2.5958978870           11.7751697649     H 
          -13.7447890297            3.1260676390           13.1286003064     H 
            0.9531210708           13.0994818719           -6.2195181435     O 
            1.2033771897           11.2980369636           -5.9418601655     H 
            2.5889676958           13.8733172055           -5.9830772038     H 
           -5.7379154127          -15.0671544032           -5.5816724290     O 
           -7.4732105554          -14.9342687241           -5.0392930601     H 
           -4.8616595881          -13.6902120656           -4.6679783717     H 
            5.2278960974           -7.2962897682           -8.8714134897     O 
            4.9204365666           -9.1005851191           -8.6625866463     H 
            5.5764790677           -6.6163937581           -7.1906246584     H 
           16.4005277341            3.1196917379            0.9463592340     O 
           17.6094227560            1.7987926979            1.3353232531     H 
           16.7038405282            3.5817057883           -0.7964875042     H 
           -8.4839814320           -7.4484108068           12.1447277198     O 
           -7.2320763940           -8.8201793754           11.9733022343     H 
           -9.9242756798           -8.0487951773           11.2003577983     H 
           -4.2732570398           11.0091999998            7.9062372172     O 
           -2.7324807693           10.7988500426            8.8633730223     H 
           -4.3619899933            9.5588381989            6.7501734515     H 
          -12.2841012316           11.2730212666            7.7408103736     O 
          -11.1521856470           10.2248646922            8.7727906624     H 
          -11.1315612725           12.5029006284            6.9892147295     H 
           15.6904702466            3.6250947590           -9.5453223835     O 
           17.3662480686            4.1042443419          -10.0417474097     H 
           14.4859032040            4.4612906813          -10.6678076688     H 
           16.0527259352           -5.2767115735           -9.7217203133     O 
           14.7287050126           -5.6157718412           -8.4753463263     H 
           15.4458229596           -3.9183606499          -10.8185062359     H 
           19.3172282010           -1.6296695168           -2.7014296465     O 
           17.5094119411           -1.2000186403           -2.8597308297     H 
           19.5943718455           -2.9445996330           -3.9596171984     H 
           21.0092145422            2.3719125412           -8.7531889135     O 
           21.6289928600            2.4430099986           -7.0086509381     H 
           22.3463237389            1.6896767342           -9.7596381067     H 
           21.9939817977           -1.0807005224            6.8093655425     O 
           22.4329553772            0.6694022381            7.1698743217     H 
           20.6681901078           -1.5542614460            7.9982882772     H 
           19.1323069166           -9.4643197015            1.1329551419     O 
           17.3829655622           -9.7855517705            1.6234396966     H 
           20.0476665910           -9.1025806457            2.6612811306     H 
           22.5204213713            4.0659040880            6.7531562602     O 
           20.8536395884            4.6552635374            6.2079910365     H 
           23.6738663045            4.6680898627            5.4947228859     H 
           16.7270600001           -6.4816195150            7.1916212652     O 
           18.4145201151           -6.6047174096            6.4270467299     H 
           15.5916366797           -5.9377943746            5.8151904135     H 
           16.9932147188            4.2398887184           -4.2851769481     O 
           18.7642316896            3.8328447305           -4.3363791602     H 
           16.3029816610            3.6699989123           -5.8862444337     H 
           17.7194866034            5.3604104846            5.4686341000     O 
           17.0986879882            4.1880146760            6.7518727454     H 
           17.1975312968            4.6916106199            3.8262345736     H 
            1.7803470518           -3.6916528023           -9.2640458732     O 
            2.9360498074           -5.1249080525           -9.3765763616     H 
            0.7735672557           -3.9829601366           -7.7468877623     H 
           -6.7047326349           -1.1846443681           -0.6302216007     O 
           -5.2388670944           -1.5824626787           -1.6410705240     H 
           -6.1043724875            0.1786347095            0.4097044695     H 
           -1.8094500580           -1.1815318002           -0.1123422263     O 
           -0.1666313132           -0.8037023953            0.5533650099     H 
           -1.8878509445           -3.0048327308           -0.1207154516     H 
           17.4801662369            9.2013948688           -2.1980951509     H 
$end
$set
 chrg  1
 ewin_conf 50.0 
$end
