           1           2  0.852542101431036     
           1           3  0.843728595803714     
           4           5  0.759581121435044     
           4           6  0.899358790484279     
           7           8  0.804348037304411     
           7           9  0.803378659169805     
          10          11  0.804324689970542     
          10          12  0.824040886489694     
          13          14  0.826266426055004     
          13          15  0.838228714779179     
          16          17  0.825715368117625     
          16          18  0.778532937979215     
          19          20  0.844172649932079     
          19          21  0.789581599654582     
          22          23  0.797902573451831     
          22          24  0.859828241720506     
          25          26  0.809104631094302     
          25          27  0.797286278935293     
          28          29  0.846094549137059     
          28          30  0.818988712790808     
          31          32  0.788941018590976     
          31          33  0.812523387523452     
          34          35  0.814410627869871     
          34          36  0.844105719745245     
          37          38  0.812468151407691     
          37          39  0.808284105487652     
          40          41  0.848715926388856     
          40          42  0.822750625560219     
          43          44  0.806331815612915     
          43          45  0.804975252728700     
          46          47  0.841356159577455     
          46          48  0.796232929743569     
          49          50  0.868983123027762     
          49          51  0.834172825121179     
          52          53  0.822976738987353     
          52          54  0.889584331887882     
          55          56  0.835115955439417     
          55          57  0.828866790686103     
          58          59  0.838799336128790     
          58          60  0.809063758687791     
          61          62  0.763902300524906     
          61          63  0.841787851919015     
          64          65  0.864368132179014     
          64          66  0.794662605298245     
          67          68  0.791691105964668     
          67          69  0.816292118172142     
          70          71  0.832673902349527     
          70          72  0.837912657710869     
          73          74  0.860490878470028     
          73          75  0.837502841187114     
          76          77  0.821332590200324     
          76          78  0.804754042852221     
          79          80  0.791322234747948     
          79          81  0.834830503596860     
          82          83  0.811963744917211     
          82          84  0.818358396017598     
          85          86  0.806208000101015     
          85          87  0.798242389746901     
          88          89  0.817652171166164     
          88          90  0.808561295533097     
          91          92  0.842460519434323     
          91          93  0.856312744421330     
          94          95  0.827084372827022     
          94          96  0.811597733212603     
          97          98  0.847588683477706     
          97          99  0.799973365378413     
         100         101  0.805049764902177     
         100         102  0.817821752291163     
         103         104  0.837160701456347     
         103         105  0.818483576552965     
         106         107  0.830516535100581     
         106         108  0.834120915961807     
         109         110  0.816597319349201     
         109         111  0.843402779726920     
         112         113  0.831663530533935     
         112         114  0.826104539480329     
         115         116  0.806973898831025     
         115         117  0.776007558063680     
          62         118  0.108636768473781     
         118         119  0.788564858314369     
         118         120  0.833209435799556     
         121         122  0.817321491836174     
         121         123  0.853057216542866     
         124         125  0.820238521999078     
         124         126  0.821380819072624     
         127         128  0.834628206905379     
         127         129  0.840050533230944     
         130         131  0.854596513370234     
         130         132  0.773750322764355     
         133         134  0.843991046365870     
         133         135  0.825687265886341     
         136         137  0.809857124417096     
         136         138  0.792167160945761     
         139         140  0.830499479955814     
         139         141  0.812134276208099     
         142         143  0.877009754324464     
         142         144  0.846815118126898     
         145         146  0.847533073774702     
         145         147  0.828898066450704     
         148         149  0.840652732101702     
         148         150  0.806132277222310     
         151         152  0.813192619923462     
         151         153  0.799365731458507     
         154         155  0.785241368776312     
         154         156  0.918119711319878     
         157         158  0.812060034681229     
         157         159  0.809529507604508     
         160         161  0.842189507162957     
         160         162  0.836121577830193     
         163         164  0.838508901317432     
         163         165  0.784994677163518     
           5         166  0.103004723936093     
         166         167  0.838782174538360     
         166         168  0.815678998523037     
         169         170  0.802900703166425     
         169         171  0.800919910459747     
         172         173  0.805994328438924     
         172         174  0.901522126575027     
         175         176  0.776496912277197     
         175         177  0.809659945901452     
         178         179  0.780562893986594     
         178         180  0.906195866405007     
         181         182  0.843417682593110     
         181         183  0.788869373376188     
         184         185  0.824916999591812     
         184         186  0.878347894037833     
         187         188  0.854630206985005     
         187         189  0.805193984263080     
         190         191  0.803878978828290     
         190         192  0.821624932561970     
         193         194  0.864137446308334     
         193         195  0.866314795861163     
         196         197  0.801712934205835     
         196         198  0.884030244425826     
         199         200  0.824033349621646     
         199         201  0.787986558467600     
         202         203  0.832842491604065     
         202         204  0.810635608928618     
         205         206  0.841040463350714     
         205         207  0.863025281571037     
         208         209  0.795922745736044     
         208         210  0.872746095659196     
         211         212  0.866557301924481     
         211         213  0.811540054813823     
         214         215  0.862583661212322     
         214         216  0.787114225875335     
         217         218  0.821481387471161     
         217         219  0.800090292770416     
         220         221  0.847834574311101     
         220         222  0.823653420436005     
         223         224  0.799808188658200     
         223         225  0.908644287175521     
         226         227  0.820049310793079     
         226         228  0.862743914224304     
         229         230  0.821693235398221     
         229         231  0.852675947609780     
         232         233  0.811587070751239     
         232         234  0.893636902879943     
         235         236  0.826924247245147     
         235         237  0.803242616573071     
         238         239  0.815430045149006     
         238         240  0.788994987354299     
         241         242  0.897281221251813     
         241         243  0.856583835574918     
         244         245  0.799811373611679     
         244         246  0.805205799993299     
         247         248  0.772340928309676     
         247         249  0.853121075784365     
         250         251  0.827492884519841     
         250         252  0.866249338220101     
         253         254  0.833038076574476     
         253         255  0.849055711733900     
         256         257  0.895019789284419     
         256         258  0.828305473708006     
         259         260  0.800220134336022     
         259         261  0.875155764027924     
         262         263  0.803268072624240     
         262         264  0.832947179365021     
         265         266  0.830933659424873     
         265         267  0.774468347920066     
         268         269  0.848723626010541     
         268         270  0.862896751412593     
         271         272  0.801962269310207     
         271         273  0.844199751463224     
         274         275  0.829321342347766     
         274         276  0.819515784307831     
         277         278  0.801259787137461     
         277         279  0.825437307452258     
         280         281  0.831602918324176     
         280         282  0.823914346582526     
         283         284  0.832013507511094     
         283         285  0.848674674467152     
         286         287  0.840333701550039     
         286         288  0.899286318012543     
         289         290  0.858874884225895     
         289         291  0.791250831861702     
         292         293  0.862377546838625     
         292         294  0.855104174279519     
         295         296  0.785963729369381     
         295         297  0.862399062821115     
         298         299  0.791929756244797     
         298         300  0.798293853016454     
         301         302  0.818443471245776     
         301         303  0.828732258978384     
         304         305  0.817954865654333     
         304         306  0.879172754247658     
          67         308  0.103751499962966     
         307         308  0.758470915350022     
         307         309  0.839941196029923     
         310         311  0.839406758350920     
         310         312  0.782628039653018     
         313         314  0.824879395502256     
         313         315  0.812801263659443     
         316         317  0.818964326520333     
         316         318  0.857715326400669     
         319         320  0.834618084647801     
         319         321  0.836200138253157     
         322         323  0.815174271835287     
         322         324  0.870285176396110     
         325         326  0.801273612817076     
         325         327  0.896505882563442     
         328         329  0.832870496621106     
         328         330  0.786764621200855     
         331         332  0.872411354783970     
         331         333  0.823847792789020     
         334         335  0.802466699625315     
         334         336  0.830457761354158     
         337         338  0.821026569361416     
         337         339  0.827824369348814     
         340         341  0.914671729976603     
         340         342  0.787480233435144     
         343         344  0.827680685747842     
         343         345  0.817520002790110     
         346         347  0.794834898590663     
         346         348  0.815469442243761     
         349         350  0.815491999623323     
         349         351  0.818989977508013     
         352         353  0.840132636412208     
         352         354  0.780072135269725     
         355         356  0.795310847625313     
         355         357  0.877325173079761     
         358         359  0.824107992228543     
         358         360  0.808873367361826     
         361         362  0.826472905184324     
         361         363  0.869548458270599     
         364         365  0.809538336789626     
         364         366  0.821990103533188     
         367         368  0.815944945917484     
         367         369  0.812345004867196     
         370         371  0.865677524871626     
         370         372  0.816167028287490     
         373         374  0.847226735007874     
         373         375  0.876924919713104     
         376         377  0.801809353444614     
         376         378  0.833566786398141     
         379         380  0.800891151179389     
         379         381  0.820653419268481     
         382         383  0.828937774919289     
         382         384  0.796620285292321     
         385         386  0.809970659338791     
         385         387  0.882163372335810     
         388         389  0.810691212497080     
         388         390  0.850366439921314     
         391         392  0.798726300377991     
         391         393  0.889994894509825     
         394         395  0.811047996472712     
         394         396  0.911120188028402     
         397         398  0.864073884167887     
         397         399  0.853068790861188     
         400         401  0.812798678896336     
         400         402  0.868620224928071     
         403         404  0.808919091023165     
         403         405  0.827577832205404     
         406         407  0.838697208583639     
         406         408  0.805312029344554     
         409         410  0.848279329723951     
         409         411  0.791068160442362     
         412         413  0.810858651827520     
         412         414  0.809260611646419     
         415         416  0.769944336650896     
         415         417  0.917004125112625     
         418         419  0.791103209393920     
         418         420  0.883596471550650     
         421         422  0.825827250690090     
         421         423  0.829061298459153     
         424         425  0.917041757999538     
         424         426  0.812311925011943     
         427         428  0.813113021020083     
         427         429  0.800715306731339     
         430         431  0.878517891637431     
         430         432  0.836082288067707     
         433         434  0.865304284634683     
         433         435  0.813983869587349     
         436         437  0.853080374173230     
         436         438  0.814870749572420     
         439         440  0.841529497109076     
         439         441  0.860702366174959     
         442         443  0.789101474229420     
         442         444  0.826839504823612     
         445         446  0.816257620067118     
         445         447  0.794228064804124     
         448         449  0.843867979346831     
         448         450  0.842773753066792     
         451         452  0.840329559264622     
         451         453  0.823760840327381     
         454         455  0.832190149993584     
         454         456  0.825582360067098     
         457         458  0.828795233080619     
         457         459  0.804600772993938     
         460         461  0.765072807026790     
         460         462  0.828569645027829     
         463         464  0.915192119696925     
         463         465  0.812707989557276     
         466         467  0.860220572665266     
         466         468  0.848487005980372     
         469         470  0.767451050509500     
         469         471  0.864464287469186     
         472         473  0.804315135738573     
         472         474  0.886149167537434     
         475         476  0.811417790370832     
         475         477  0.805322875508514     
         478         479  0.843157425229461     
         478         480  0.814174375802574     
         481         482  0.854519145170206     
         481         483  0.870585307392296     
         484         485  0.897440292526241     
         484         486  0.823636297688300     
         487         488  0.831753207511872     
         487         489  0.850760053970226     
         490         491  0.823944424525252     
         490         492  0.846652205197291     
         493         494  0.770495337877757     
         493         495  0.870255367666727     
         496         497  0.914647337165264     
         496         498  0.823217309614822     
         499         500  0.819537898454816     
         499         501  0.864286786761955     
         502         503  0.844408396487165     
         502         504  0.850675407725252     
         505         506  0.860271302600210     
         505         507  0.886378458242999     
         508         509  0.836662892074156     
         508         510  0.798231147947600     
         511         512  0.912923271898728     
         511         513  0.825564598995621     
         514         515  0.849554852324238     
         514         516  0.838149814436847     
         517         518  0.791175305564571     
         517         519  0.887875876603670     
         520         521  0.848913732792317     
         520         522  0.840624973192237     
         523         524  0.837445226705086     
         523         525  0.873138450073660     
         526         527  0.850629110041400     
         526         528  0.832218365772194     
         529         530  0.794681790739691     
         529         531  0.903619117981055     
         532         533  0.851271548836450     
         532         534  0.822541667410365     
         535         536  0.815168535388620     
         535         537  0.877321930509044     
         538         539  0.864690468525908     
         538         540  0.821552007318176     
         541         542  0.841789820023123     
         541         543  0.869096808333705     
         544         545  0.784969432944553     
         544         546  0.915707356805043     
         547         548  0.837109572046633     
         547         549  0.811578170472649     
         550         551  0.815027716136394     
         550         552  0.878087280922672     
         553         554  0.855828705326639     
         553         555  0.871329030404818     
         556         557  0.817540869642790     
         556         558  0.828951732805666     
         559         560  0.840048070002627     
         559         561  0.826935085932920     
         562         563  0.831549991217823     
         562         564  0.818779946604895     
         565         566  0.822162011369019     
         565         567  0.839993741435747     
         568         569  0.856160554860926     
         568         570  0.859796293386982     
         571         572  0.827242409246213     
         571         573  0.803503401381266     
         574         575  0.796557820599544     
         574         576  0.843962709120212     
         577         578  0.885270417864313     
         577         579  0.827956695857160     
         580         581  0.807764077501646     
         580         582  0.851250673928973     
         583         584  0.890764289743523     
         583         585  0.806134630677893     
         586         587  0.869484466927198     
         586         588  0.845987778659465     
         589         590  0.815704774854317     
         589         591  0.841537226002907     
         592         593  0.851232411718704     
         592         594  0.865912908257755     
         595         596  0.882851948811244     
         595         597  0.851118077900452     
         598         599  0.815956092614338     
         598         600  0.857060461293119     
         601         602  0.816054886486011     
         601         603  0.870240097400161     
         604         605  0.803954266298626     
         604         606  0.890966531688586     
         607         608  0.856230189323637     
         607         609  0.813481191066611     
         610         611  0.883059371829767     
         610         612  0.832450421553686     
         613         614  0.883771901690942     
         613         615  0.809913186288179     
         616         617  0.912143864173862     
         616         618  0.819280370880432     
         619         620  0.833015905889868     
         619         621  0.799865921697186     
         622         623  0.843849729675181     
         622         624  0.851376568725343     
         625         626  0.827074993782718     
         625         627  0.844180958980332     
         628         629  0.821020637354490     
         628         630  0.808672236776163     
         631         632  0.826415573446399     
         631         633  0.786907969501075     
         634         635  0.831580293662559     
         634         636  0.855177350247811     
         637         638  0.849503162289540     
         637         639  0.800370119073037     
         640         641  0.802641727532589     
         640         642  0.823214431893029     
         643         644  0.863241175941354     
         643         645  0.883977860946746     
         646         647  0.793657614829269     
         646         648  0.872703386170158     
         649         650  0.908880141408574     
         238         651  0.112405314275633     
         649         651  0.758136571178565     
         652         653  0.852294479389210     
         652         654  0.837186779308454     
         655         656  0.848924278458878     
         655         657  0.804276397567178     
         658         659  0.804719644606553     
         658         660  0.919268524981438     
         661         662  0.829793693930022     
         661         663  0.813163381604025     
         664         665  0.879406539970660     
         664         666  0.816684497659758     
         667         668  0.862948184805842     
         667         669  0.799353618524366     
         670         671  0.824557397775451     
         670         672  0.799281696248151     
         673         674  0.890907870280488     
         673         675  0.757149916709985     
         676         677  0.809010867680786     
         676         678  0.863046626601390     
         679         680  0.848612317420528     
         679         681  0.816720028153183     
         682         683  0.803624250097203     
         682         684  0.830637000949194     
         685         686  0.801940035625793     
         685         687  0.879428834842612     
         688         689  0.845925828716943     
         688         690  0.837056579573078     
         691         692  0.858198437857207     
         691         693  0.833196784796837     
         694         695  0.852152116290658     
         694         696  0.865340922768482     
         697         698  0.825304406718617     
         697         699  0.857164495059809     
         700         701  0.872751709503949     
         700         702  0.785184495485911     
         703         704  0.820995501433743     
         703         705  0.796093962193122     
         706         707  0.839303213302529     
         706         708  0.849655905141665     
         709         710  0.808969607068188     
         709         711  0.872703772629878     
         712         713  0.858951099685367     
         712         714  0.808070269053318     
         715         716  0.816704601881166     
         715         717  0.839745235688460     
         718         719  0.899331355674952     
         718         720  0.820858235576210     
         721         722  0.823083543988168     
         721         723  0.827888690971316     
         675         724  0.104530562826774     
         724         725  0.783381172857015     
         724         726  0.833874691174555     
         727         728  0.827133035433701     
         727         729  0.917593300743257     
         730         731  0.849950723033239     
         730         732  0.837883887930249     
         733         734  0.831224068959499     
         733         735  0.880162601693954     
         736         737  0.823747268849342     
         736         738  0.912010283621633     
         739         740  0.818899973616596     
         739         741  0.793745368817372     
         742         743  0.872344306893435     
         742         744  0.839411291138778     
         745         746  0.822542613374100     
         745         747  0.806897210585645     
         748         749  0.810554077038952     
         748         750  0.805088122956133     
         751         752  0.848611921935824     
         751         753  0.867584187254766     
         754         755  0.868440251345749     
         754         756  0.855413638626045     
