$coord
            1.9433255979           -6.4172055160           -4.1217017215     O 
            2.9813310869           -7.8135699329           -3.5196423000     H 
            0.1732643315           -6.7110213151           -3.7088607829     H 
           -0.2551833331          -11.1601719142            1.0978508202     O 
            0.9275531271           -9.7028420630            1.0744550459     H 
            0.4282286525          -12.2604767204            2.4251006375     H 
            4.9649863361            6.7250652048            3.3154298635     O 
            4.9943435895            5.3488824737            2.1004390606     H 
            3.6324840542            6.3690788334            4.5207981959     H 
            6.7164166281           -2.1940481915            0.9187077566     O 
            7.0984407384           -3.9723665065            0.7601019074     H 
            8.3111291322           -1.3233258532            0.5870695836     H 
          -11.1108237707            1.6575819655           10.9990048000     O 
          -10.2186070547            3.2602819910           11.0257166591     H 
          -10.1261284927            0.5195535186            9.9530127969     H 
            5.0808565706           -9.9671222673           -2.3078445285     O 
            6.4584828999          -10.7713842602           -3.2446411777     H 
            4.5987530078          -11.1685945624           -1.0152149185     H 
           -8.0470970504           -7.3233147235            5.9654227408     O 
           -7.6503009589           -8.1358810103            7.5888971327     H 
           -6.8337598018           -5.9622410952            5.7495105264     H 
            7.8496425623           -4.1051776407           10.2843680018     O 
            6.8831816826           -3.7345243448            8.7265537967     H 
            6.6875284973           -3.9174057385           11.6645853716     H 
           -5.9647038571           -6.7160658268            0.8227293354     O 
           -5.0035664743           -7.1978095081            2.3176493179     H 
           -4.7358099371           -6.5289832562           -0.5422966163     H 
            1.8733379541            5.0224167892            6.9599380110     O 
            0.2269630921            4.3981555385            6.3469411469     H 
            1.4633080981            5.9963325794            8.4802115667     H 
           -2.1025020865           -2.5073229385           -6.6993978454     O 
           -2.6925072032           -4.2084867084           -6.9826643286     H 
           -3.3621873461           -1.6713488885           -5.6705312059     H 
            6.7852191666            5.9793705948            8.3488995748     O 
            7.6234773327            5.8922378233            6.7101328353     H 
            5.1040865581            5.3230451095            8.0610313886     H 
           -0.4119339814            4.3487869174            0.9254266487     O 
            0.2443250729            5.9827495072            1.4378319690     H 
           -1.5781091493            4.6414504474           -0.4583645416     H 
           -5.8366159889            6.7602808260            6.4698776349     O 
           -5.0190043586            8.3637707684            6.8693536465     H 
           -7.1132461370            7.0979653364            5.1830695060     H 
           -1.2489897310           -1.0919504801          -11.4881065931     O 
           -1.5447346573           -1.4613459324           -9.6853785643     H 
            0.5673911694           -1.2253500861          -11.7444600376     H 
           -0.9619272153            8.7077132523           -5.1909006381     O 
           -1.4895194208            9.3889187222           -6.8005845168     H 
            0.1748549522            9.9108937612           -4.4308234528     H 
           -6.3950719908            0.0394666475           -8.2681861511     O 
           -6.8956723087           -0.9084995336           -9.7615097642     H 
           -7.7479508634            1.2597183721           -8.0271327205     H 
            1.7179703157           -4.9766123465           -8.9534743037     O 
            0.0316203090           -5.5388697052           -9.3262039287     H 
            2.0420718613           -5.6291501317           -7.2491364446     H 
            3.5318536609            0.6597429827            4.1286787709     O 
            2.9951164050            2.2216241543            4.8825086333     H 
            4.4175813037            1.0791709330            2.5830829033     H 
            5.3932734974           -3.6848401615            5.8866556407     O 
            4.8149643979           -2.0463218756            5.2284477135     H 
            6.4993270981           -4.3238235449            4.5899813819     H 
           -7.8335719849            9.8717026971           -6.3642581115     O 
           -6.2749450643           10.4588235677           -5.5959319869     H 
           -7.3570661950            8.6471683203           -7.6287977858     H 
            2.6064125760            0.0361085112           -7.0709575149     O 
            1.0205089724            0.9420268210           -7.0964484721     H 
            2.2457438560           -1.6096380545           -7.7894256363     H 
            9.7870549698            5.0258611647            4.3831365165     O 
           11.1423468697            5.2395882009            3.1109789909     H 
            9.4198885740            3.2182137006            4.5252180706     H 
           16.2571423043           -2.6073894250           -1.1143020528     O 
           17.2321549983           -3.3855543581           -2.4616024266     H 
           17.1172955217           -2.9823164348            0.4826159729     H 
           -9.7034012639            0.7512266445           -1.2143106178     O 
           -9.6197814868           -0.6448063216            0.0224187636     H 
           -8.8866313929            2.1531106119           -0.3581052334     H 
            5.4392981380            2.9171812090           -0.1797695950     O 
            4.1553612472            3.3009163096           -1.4262324084     H 
            6.9812828049            2.6141630549           -1.0865359141     H 
           -9.5928456913           -2.0878303578            7.6892097124     O 
           -8.0147784550           -2.3417044748            6.7832287591     H 
          -10.9117501540           -2.5220403294            6.5049906922     H 
           -4.1875758068           -4.8703170316          -13.1287328753     O 
           -5.8510851260           -4.1307014750          -13.1977730143     H 
           -3.0268480020           -3.4610057169          -12.8036060068     H 
          -10.2092316818            3.4725096795           -8.5735787228     O 
          -11.4879644261            2.6984326137           -9.5962867770     H 
          -10.9644769976            3.8020432828           -6.9017757825     H 
           14.2888261788           -8.0439891535            7.7451458706     O 
           12.4973110409           -8.4336005907            7.7157091227     H 
           14.9346434904           -8.4894905303            6.0841638091     H 
           10.6081279245           -8.4778176018           -7.4668142450     O 
           12.1191672932           -7.4273489836           -7.2824467833     H 
           10.3406446796           -8.5982191366           -9.3051001942     H 
          -19.2747991641           -6.7273990213           -2.4984640837     O 
          -17.6737891604           -7.6004195331           -2.7727425955     H 
          -19.5405938704           -6.8635396292           -0.6951064326     H 
           -5.0818248433           -0.0362920952           -3.0168581959     O 
           -6.8946975257            0.0491945174           -2.6496380239     H 
           -4.4971238035            1.6902951255           -2.9536897993     H 
           -2.0214755037          -11.8125785414           -3.6182464668     O 
           -1.2905731815          -11.7435336055           -1.9268436076     H 
           -0.5766941951          -12.0706726818           -4.7488347678     H 
            0.4322388887           -4.6126392978            6.4264185570     O 
            2.2246566357           -4.6527142447            6.0554636463     H 
            0.1545556245           -2.9575315398            7.1731295810     H 
            9.1361068981          -12.2829858539           -4.3279158908     O 
           10.3682278235          -12.1437693532           -2.9528350082     H 
            9.8650517762          -11.2737252428           -5.6747322874     H 
            4.8898105586            0.8429162209            9.3268607092     O 
            3.2406040541            0.6965973319            8.5092568037     H 
            6.1633939994            0.7299202180            7.9981920104     H 
          -14.7038930237           -3.1136316182            0.2251016754     O 
          -15.9327958631           -4.3477442972            0.8253870089     H 
          -13.3041854123           -4.0178811701           -0.5758637599     H 
           10.7299699076            4.0157409922           -2.8775045710     O 
            9.8310290280            5.4113682735           -2.0408423909     H 
           12.4996834694            4.3377207488           -2.5613838078     H 
           -2.0724663764            2.7841583780           -7.3377483377     O 
           -3.4558149088            1.7547801593           -7.9843849923     H 
           -2.7943122015            3.6676598947           -5.8980852303     H 
            7.4550876961           -7.2257943282            1.1401940760     O 
            8.1232916046           -8.6967027020            2.0301583966     H 
            7.0889789994           -7.7963093752           -0.5735139603     H 
            3.3757081285           -2.4724274286           12.8083098792     O 
            4.0044979013           -1.2975462942           11.5118449247     H 
            1.8876288273           -1.6641040242           13.4896406724     H 
           11.4811843494           -0.4996300470           10.1653757749     O 
           10.8397313560            0.9750005210           11.0677757638     H 
           10.2827695234           -1.8690302752           10.4911146737     H 
           -4.8693542239           -3.0640089937            5.9336194159     O 
           -3.7299139785           -4.0512279434            6.9912440746     H 
           -4.0589247883           -2.6756359769            4.3236831107     H 
            2.1734771759            4.5383797990           -3.8413239031     O 
            0.8231844929            4.6415695395           -5.0436204906     H 
            2.3712521815            6.2510620923           -3.1102989821     H 
           -0.9983271829           13.9263536464           -0.7920703766     O 
            0.2107748258           13.6830872938           -2.1506579958     H 
            0.0439366287           14.1449913118            0.7310232844     H 
           -8.5648510832           -9.8755496009           -2.3144672753     O 
           -8.2056093281          -11.6627747666           -2.0319663625     H 
           -7.6987044262           -8.9719918598           -0.9503726955     H 
           -9.2119776676            2.9166636985            5.6392152990     O 
          -10.3179060759            1.5920461340            5.0195164193     H 
          -10.3128886387            4.2921435641            6.2192646228     H 
           16.0225566235            7.1943012290           -7.6758089779     O 
           14.5125714639            6.2419094870           -8.1436890667     H 
           17.3358778064            5.9200654187           -7.4802609611     H 
           -3.7243490087            3.0464366386          -12.9763269894     O 
           -4.7799333405            2.3845561824          -14.2837891420     H 
           -2.7025894830            1.6238638276          -12.3609161973     H 
          -13.0713232832            0.1793224558            3.6773344543     O 
          -14.0012725394            0.1156316645            5.2691976228     H 
          -13.7444318410           -1.1024252907            2.5260342816     H 
            3.7302045383            3.8163954547           13.3620993621     O 
            4.2976286010            2.8859372213           11.8718096407     H 
            2.5123815664            2.7520340691           14.1848508950     H 
          -12.2897624936            4.4318523423           -4.1556490148     O 
          -13.7571724870            5.4698055179           -4.5817705867     H 
          -12.9739171549            2.8784471391           -3.4102493985     H 
           -6.2459360463            3.3563995513            1.6176424973     O 
           -7.3031578641            3.3304632431            3.1437238446     H 
           -5.0836645654            1.9639971859            1.8008339174     H 
           14.6840807162           -3.1139756406            7.0156177165     O 
           13.8519356232           -2.1315046635            8.3155575056     H 
           14.7188663721           -4.8781080054            7.6142227652     H 
           15.6801059934            2.2574948950           -2.5804657687     O 
           16.0432839425            0.6075590487           -1.8329048672     H 
           16.6587761502            3.5257562572           -1.6683132998     H 
          -17.4740809703            4.0752442798            5.5699925621     O 
          -16.1449582595            4.7665976168            4.5159810232     H 
          -18.5866745582            3.1126378378            4.4997913442     H 
            5.2076579747            3.4459917420          -10.9750280880     O 
            3.5979459930            4.3231377032          -11.0401486644     H 
            5.7554236221            3.6576970309           -9.2066103823     H 
           -6.7459071335           -9.0606317492           10.4662683519     O 
           -7.9730042302           -8.0136768411           11.3410782423     H 
           -5.2213652338           -8.0032216067           10.3992917727     H 
            5.8803074049           11.6392205841            2.2955409108     O 
            7.3811522872           12.0007272040            3.2559843669     H 
            5.4316131003            9.8915946562            2.7323235498     H 
           -8.3775402393            6.8484664039           -2.2594195822     O 
           -8.3421258578            8.1443073262           -3.5783035558     H 
           -9.7440325068            5.7183300879           -2.7721805034     H 
          -12.2292593847            6.7115873332            7.1142865950     O 
          -13.4627353581            7.5980753772            6.0881376380     H 
          -11.1616399647            8.0411621440            7.7719919410     H 
           -9.9056219181           12.9210927956            3.2550457268     O 
          -10.3519291632           13.3143853712            1.5290615551     H 
           -8.0982164438           13.2769460186            3.3380670982     H 
           -9.4447283647            7.7527019211            2.7313822478     O 
           -8.9059446757            7.5268970356            0.9834680528     H 
           -9.7909204018            9.5422366834            2.9625467515     H 
           11.1368815291           -0.1470934004            0.0972212239     O 
           11.0161935243            1.2970764439           -1.0322364357     H 
           12.6201498154            0.1104912792            1.1334954767     H 
            6.5122866924           11.1050544698            7.9805206983     O 
            8.0242946755           11.5182091080            7.0513050264     H 
            6.6635577358            9.3153148195            8.3841835326     H 
            8.6822105566           -5.2998453684           -3.4913022024     O 
            8.3637718852           -3.5334724155           -3.8198559258     H 
            9.1843412763           -6.0947163892           -5.0537088266     H 
            0.4729848747            9.0686554116            2.7454016478     O 
            0.8350620764            9.7058201360            4.4302166767     H 
           -1.3481051402            9.0474025592            2.5146876634     H 
           -1.0132843392            0.4459069167           13.6677510064     O 
           -2.4559838108           -0.6610187284           13.8920157907     H 
           -1.7729860983            2.1090987772           13.3862909723     H 
           -8.8103703286           -2.7473917003            2.1889357959     O 
           -7.7264055746           -4.1015812647            1.5553861991     H 
          -10.3724785404           -3.5604774224            2.6367595408     H 
           11.0719782503           -3.4987128521          -11.2139207724     O 
           11.0428796443           -1.7574402744          -11.7979407547     H 
            9.6318899285           -3.5846740714          -10.0583157165     H 
          -12.5603666783           -5.4591712405            5.0427598767     O 
          -13.5316103423           -5.4195066130            6.6033899087     H 
          -10.9426897095           -6.2845271492            5.4751879317     H 
            6.7456962434           -3.5837270607           -8.5300620679     O 
            5.5881843855           -2.8934971055           -9.7859342601     H 
            6.0418509378           -5.1926528591           -7.9845046603     H 
            3.9330201559           -1.2210222987          -12.1729411598     O 
            4.3668845177            0.5188885964          -11.6185392271     H 
            4.6374554642           -1.4485828569          -13.8217075628     H 
          -16.8337187838            2.1052916873           -7.4944699321     O 
          -16.2190349423            1.4513336306           -5.8594428330     H 
          -15.7891165713            1.2637602239           -8.7552363856     H 
           12.5049669925           -0.5841619455           -5.6878077248     O 
           10.7033422602           -0.3799148612           -5.2831286263     H 
           13.4235766648            0.4564365408           -4.5100494825     H 
           12.4284425094           -5.7214787208           -0.2642584679     O 
           10.9753242874           -5.5013609485           -1.4149996308     H 
           13.6364078653           -4.3895903902           -0.7290100620     H 
          -18.8926009459           -4.8824166201           -7.4582688353     O 
          -19.7626660471           -3.2678281886           -7.4066361820     H 
          -19.4988082521           -5.8006013397           -6.0012619165     H 
           -0.0651692204           -0.0535265523            8.5399088530     O 
           -0.6162800762            0.1632178490           10.2754116252     H 
           -1.0987860436            1.0049752863            7.4502417827     H 
            7.5925536388           -0.2910083990           -4.8394775048     O 
            7.3022968098            1.4893649151           -5.2510074567     H 
            7.0253990721           -1.2275919774           -6.3263969550     H 
            0.7429863789            7.3708996280           11.2162582863     O 
           -0.8838491378            6.5509666596           11.5180893795     H 
            1.9734733469            6.4600415979           12.2492635483     H 
           11.6127910052            4.5682146684           -8.0838092731     O 
           10.4802333154            5.8575592929           -8.7647871821     H 
           11.0883424363            4.2533334257           -6.3459775303     H 
            2.5343093307           -7.3416022508            2.1821964177     O 
            4.2407355550           -7.0983795659            1.5431951564     H 
            2.7912559177           -7.8692137138            3.9268042111     H 
          -15.3831242750            0.7636842859           -2.8857028014     O 
          -16.5906895699            1.8390075207           -2.0109389739     H 
          -15.2424251913           -0.7782657849           -1.8710041826     H 
          -13.7279719520            9.0878590856           -1.2574101310     O 
          -14.8787848624            8.9304618437           -2.6584582469     H 
          -13.3839198869            7.3839706410           -0.6664037873     H 
            2.3361050038           13.0435701018           -4.7824805745     O 
            4.0034485299           12.9279907636           -3.8989182744     H 
            2.4135317880           14.5335029036           -5.8032775239     H 
           15.3253589557            1.1613640545            2.8885217140     O 
           17.0333048170            0.9079114860            2.2380114166     H 
           15.4960576573            1.2164349553            4.7159336805     H 
           18.5821604162            2.8293530174           -6.7009514134     O 
           17.8404559567            1.8440573497           -8.0746027053     H 
           17.3716406546            2.6542955833           -5.3087581413     H 
           10.7657350518           11.3659505662            4.6261784252     O 
           11.2184252165           11.7385351192            2.8875511557     H 
           12.2807408104           10.6550218535            5.3323925841     H 
           13.6180893043            5.7003941280            1.4347547767     O 
           14.4200898249            6.9750854511            2.4899038610     H 
           14.4117138471            4.0813393389            1.8549386706     H 
            4.8038936773          -13.7664833043            1.2853084262     O 
            4.8355379060          -14.8041401524           -0.2579763218     H 
            3.6850006501          -14.5411175265            2.4896073510     H 
           10.6021292929           -4.2448790016            4.2303958894     O 
           12.1632771393           -3.7375376121            5.0826068958     H 
           11.0914000054           -4.7258193459            2.5117681835     H 
            1.3532819984          -13.3687842985            5.3405708471     O 
           -0.1862569476          -13.3517105094            6.3297405010     H 
            2.3739338380          -11.9813809902            5.9948548592     H 
          -20.0748855319           -1.6075250114           -1.9064592925     O 
          -19.6986070790           -3.3967035029           -2.1067096200     H 
          -20.6751161713           -1.0216479111           -3.5289107276     H 
          -14.8247384052           -4.5638871916            9.6135837946     O 
          -14.7535172622           -2.7327282295            9.5259647565     H 
          -16.5815557279           -4.9963379381            9.6850433658     H 
          -13.7192466286           -9.3562658750            2.0123167898     O 
          -12.2054532519          -10.3970270659            2.1687748589     H 
          -13.2854972011           -7.8026221344            2.9177620790     H 
            2.0731035393          -12.2947579274           -6.5515005773     O 
            1.3889008369          -12.2374358501           -8.2473499171     H 
            3.2897995757          -10.8985375470           -6.4991908309     H 
           12.3278444901          -11.0176010615           -0.5888092357     O 
           12.2452450982           -9.1920911815           -0.7629314952     H 
           11.3064758361          -11.4328544069            0.8750336766     H 
           -8.8118946517           -2.6092748938          -11.9437888633     O 
           -9.1729868424           -4.1925879982          -11.0733341945     H 
          -10.3860796106           -1.6798275174          -11.8834642224     H 
           -6.3416730214          -14.4295505757           -2.3923847538     O 
           -6.0624903067          -14.9596506150           -0.6733907967     H 
           -4.7396774629          -13.7174385141           -2.9530987635     H 
           18.3071953479           -3.9242877946            3.3527288763     O 
           18.0020702418           -5.7250632431            3.2771796349     H 
           17.1908235242           -3.3149707746            4.6783715494     H 
            3.9139210203           -9.1213783827            6.8180710057     O 
            5.7119748993           -8.7431435187            6.9466892689     H 
            3.0863664213           -8.2611882068            8.2154055087     H 
           -9.1245748115          -11.2356507606            2.7877878594     O 
           -7.7083474277          -12.3943118960            2.7055567407     H 
           -8.5803855803           -9.8431521254            3.8536699015     H 
          -10.8046375676           -5.2655598942           -2.0833440519     O 
           -9.3475056515           -4.7196890091           -3.0631509236     H 
          -10.6625201221           -7.0797106004           -2.0035292658     H 
           -9.7087566845           -4.9905089057           11.8140527709     O 
           -9.6656635210           -3.9953645578           10.2407578360     H 
          -11.4736106884           -5.1648639378           12.1870128828     H 
           18.7320939183           -4.6740634546           -5.1253184048     O 
           19.6242861664           -6.2195090173           -5.4119318152     H 
           17.2035868986           -4.7362084363           -6.1897010200     H 
           12.7619510851            5.6503805320            8.3999439540     O 
           11.5488656827            5.4761590116            6.9846041389     H 
           11.8115881760            5.3702304545            9.9316217348     H 
          -15.1494015570            0.5624321481            8.3119713356     O 
          -13.7625475673            1.1630190791            9.4165602165     H 
          -16.0492497074            2.0924782331            7.7847490763     H 
           -4.3319529084            8.2028395149            1.5093966167     O 
           -4.5156064972            8.8257871689           -0.2200928606     H 
           -5.0214638050            6.4880567931            1.5515124270     H 
          -21.1869615287           -0.2139669441           -6.8727259505     O 
          -19.6594507695            0.8044357243           -7.2340437418     H 
          -22.5370214927            0.4592695002           -7.8670938784     H 
          -18.0944108099           -6.2864656015            2.4743525882     O 
          -18.3226134266           -5.1698665171            3.9229826470     H 
          -17.0840651386           -7.7073491573            2.9927405222     H 
          -16.7489267269            6.7123484258           -5.0250605671     O 
          -17.0955441880            5.5026780168           -6.3559745045     H 
          -17.6660236262            6.0933682333           -3.5587411213     H 
           14.2244328190           -4.9296605170           -7.3631604006     O 
           13.5656115066           -3.4542335755           -6.4388665475     H 
           13.8428458173           -4.5002611348           -9.1108497249     H 
           -3.3730009230          -12.0929474182            7.3790562223     O 
           -3.2170469445          -10.4364975396            6.5456671211     H 
           -4.5966999190          -11.8472266274            8.6991866213     H 
           -3.0823564522           -6.8986310073           -3.2630840375     O 
           -4.4524103770           -6.1267275098           -4.2250334397     H 
           -3.0646202756           -8.7107302725           -3.6325144571     H 
           -4.8536416950           11.1586328540           -2.4869585774     O 
           -6.4290470407           11.9413999679           -1.9730936925     H 
           -3.4662686182           12.2722798657           -1.9948585720     H 
            6.5276593295            4.4108695432           -6.1736135459     O 
            7.2801450935            6.0375398368           -5.7786269210     H 
            4.8144270657            4.4551463823           -5.4508748834     H 
            9.4288813348           -8.2478597484          -12.3475387911     O 
            7.6501009258           -8.1217614162          -12.7448223962     H 
           10.1305720367           -6.5581015193          -12.5200796930     H 
           -4.6584569112          -13.8482704879            2.6718394169     O 
           -4.3439772862          -13.6861843867            4.4771745976     H 
           -3.3395808745          -12.8716858024            1.8724641930     H 
           10.1858594526            1.5176325372          -11.9000931329     O 
            8.4471170076            2.0415804207          -12.0089166908     H 
           10.8610814478            2.4580639295          -10.4582454454     H 
           21.2361537200           -0.1968528054           -3.5067234382     O 
           20.6533754364           -1.8052983928           -4.1457486308     H 
           20.6606760980            1.0400164444           -4.7503511118     H 
           -6.8173816346          -10.2542846917           -6.9222405296     O 
           -6.3305994111          -11.9976607479           -6.8847110719     H 
           -7.4503512636           -9.9017112239           -5.1871224787     H 
          -14.6676119907           10.0679276301            3.9020511705     O 
          -13.6753325479           11.5472808788            4.2447731036     H 
          -14.6437941358            9.8547599878            2.0855171653     H 
          -13.4563063902           -0.7359996216          -10.1279308005     O 
          -12.5515471150           -0.9080273531           -8.4858595124     H 
          -14.3891370391           -2.2796256275          -10.3180887448     H 
           -5.3855130519           -2.0977430328           12.7237048087     O 
           -5.7406309016           -0.8366450297           11.4162684693     H 
           -6.9524796440           -3.0144296163           12.9571091023     H 
          -20.6032086781            0.9001343918            2.3102739890     O 
          -22.3924521258            0.9652308109            2.5735628887     H 
          -20.3414545939           -0.1595182611            0.7825968487     H 
            4.1979524209            8.8869222390           -7.7351829893     O 
            2.8225527584            7.8817283989           -8.4226828449     H 
            3.4734225434           10.2267516106           -6.7346984621     H 
           15.5810542180            8.6022708039            5.2090693190     O 
           14.8404863467            7.7083802437            6.6302410153     H 
           17.3353780663            8.1328117981            5.1559436384     H 
            3.3305362437            8.7543741067           -1.6172706673     O 
            2.4537852080            9.1114453510           -0.0475651148     H 
            5.0693968881            8.3649116209           -1.1743075364     H 
           -3.3914854900            4.4851413870           11.7844640546     O 
           -3.9524199005            3.3776805995           10.4033304388     H 
           -4.9488898276            5.3117032110           12.2755738965     H 
           20.2064498181            0.6100062108            1.3576756824     O 
           20.6676603594            0.4071130152           -0.4376099183     H 
           20.4871798522           -1.0103674032            2.1374904356     H 
          -11.2192395346           -1.2499071013           -5.7835013220     O 
          -12.0848143144           -2.8227753887           -5.4011944669     H 
          -10.9161068919           -0.4199431417           -4.1811029084     H 
          -13.9860120864           -5.5375701628           -6.4495314659     O 
          -15.7489481230           -5.2834702290           -6.9481273915     H 
          -14.0310320810           -6.6838514458           -5.0133484920     H 
           -7.0131940908           -4.4670733676           -5.5372630816     O 
           -6.9683934880           -2.7071901612           -6.0750851690     H 
           -7.9642739180           -5.3382044434           -6.8513828516     H 
            4.0589449517           -7.8693845711          -12.4064725519     O 
            2.7366234925           -9.1324108937          -12.4504740886     H 
            3.2858641739           -6.4202583288          -11.5547934263     H 
            5.4404067303           -8.5709923994           -7.5453800436     O 
            7.2065071982           -8.9140029371           -7.2516138602     H 
            5.1676882618           -8.6854346339           -9.3657556876     H 
           -3.8806460022           11.3348817916            7.6569424311     O 
           -4.1269126434           12.2972440877            6.1009766914     H 
           -2.0941881858           11.4113718830            8.0107507140     H 
          -13.5813658471            4.8313898469            1.8643468317     O 
          -12.1683701155            5.8001224408            2.5601886073     H 
          -13.2399502477            3.0565865357            2.2908464769     H 
            9.0197450811           -8.0172552632            7.2078971005     O 
            9.4922631692           -6.7623228140            5.9082014528     H 
            8.7841452993           -6.9937269368            8.7143364076     H 
            8.9257398324          -11.5865776474            3.2588840756     O 
            8.7915133840          -11.2975363573            5.0468891534     H 
            7.4509558323          -12.5588038536            2.7014738676     H 
           -0.1231046755          -10.8142028074          -11.0778229868     O 
           -1.1655821864          -11.6280388528          -12.3090235021     H 
           -1.1887071043           -9.5335075872          -10.2331019763     H 
           11.5657407059           11.8105761752           -0.4501674294     O 
           10.5345688604           12.8759365238           -1.5104775326     H 
           12.7937411715           10.9497809505           -1.5216561959     H 
            0.7264348120            5.9206286218          -10.1691997615     O 
           -0.3695851092            7.2314368718          -10.7905560445     H 
           -0.3730419204            4.7086535765           -9.3039160714     H 
            8.4257165760            7.9521421254          -10.3424279552     O 
            6.8581003753            8.3568653135           -9.4408674052     H 
            7.9196542314            6.9706570432          -11.7800291243     H 
          -18.0691430017            4.4878190886           -0.5733083907     O 
          -19.2426914764            3.5981178726            0.5080517515     H 
          -16.5758360552            4.8570643453            0.4402479088     H 
           15.7194877306           -8.4498611067            2.7444787036     O 
           14.5119841693           -7.4178156709            1.8135021018     H 
           15.6909505314          -10.0666820946            1.9168983943     H 
           15.5105748010            0.2495282906           -9.8399847797     O 
           14.6746091965            0.9662555934          -11.2761454215     H 
           14.2230136067            0.0454980467           -8.5378343007     H 
           -2.7461999104            9.9881459995           -9.9545574521     O 
           -4.0670534847            8.6972731226           -9.9512912960     H 
           -3.3979645975           11.4100949002          -10.8582381945     H 
            1.8613092156           -6.9257843893           11.1126732041     O 
            2.4685980964           -5.2494039644           11.6651154553     H 
            1.9215854564           -8.0162351086           12.5527915204     H 
            1.4848652208           10.9539963272            7.5116202068     O 
            1.2385205861            9.8680218528            8.9690447657     H 
            3.3091877026           11.2889464368            7.5448554641     H 
           -5.5760135849            1.1356459242            8.7482106743     O 
           -5.0023295408           -0.2055238349            7.6179421774     H 
           -6.9242447244            1.9783302486            7.8064580056     H 
           -6.0904943869            6.2001321610           -9.7856498804     O 
           -5.1359346855            5.0667814091          -10.8948496723     H 
           -7.6590537874            5.3044787624           -9.4503755577     H 
           16.3985440454            2.3416812293            7.7220223782     O 
           15.0146313596            3.5312856339            8.1189469617     H 
           16.5547068355            1.2149893304            9.1272549705     H 
            9.3423657145            8.9275167032           -5.1839271963     O 
            9.5478380350            9.4711333603           -6.9028141049     H 
           11.0320551103            8.6639601261           -4.5014872410     H 
           -9.8970035447           -6.7310502209           -9.1194331539     O 
           -9.2536338723           -8.3860146777           -8.6873907138     H 
          -11.5030993239           -6.4781662519           -8.2269576837     H 
           -3.1274844285           -7.3299927417           -8.9694722676     O 
           -3.7690745661           -6.5440295343          -10.5402687436     H 
           -4.5046868732           -8.3148086118           -8.2360690333     H 
            1.7864990437           14.4951341050            3.3564619619     O 
            1.3418991863           13.8809107310            5.0067337814     H 
            3.3542831761           13.6171513576            2.9204328980     H 
           -9.1874721019           10.8823960069            8.3799288894     O 
           -7.4001870976           11.1964720338            8.5853826402     H 
           -9.7273202679           11.9295529341            6.9950515812     H 
           -4.8203156829           13.0100624219            2.9958961750     O 
           -4.7590916906           11.2260367484            2.4901985879     H 
           -3.6210341602           13.8785020405            1.9338795771     H 
            6.8173682354           12.7497621464           -2.7138109633     O 
            6.4208551679           12.3128570703           -0.9620439609     H 
            7.4682225277           11.2199227658           -3.5193075914     H 
           -8.1623789686            6.0732743818           10.9919803370     O 
           -7.4526263492            6.2170867990            9.2811179167     H 
           -9.0997038229            7.5968681798           11.2714278580     H 
            8.4419325318            7.6504545390           -0.2712818915     O 
            9.6115379856            9.0700526353           -0.2300247590     H 
            8.3452495787            7.0252153749            1.4439182305     H 
           19.5707633011            4.8507123588            4.3054554827     O 
           18.5822622137            4.0815793668            5.6461460037     H 
           20.3844603954            3.4358230239            3.4718512819     H 
           -3.7273000499            5.1331410361           -3.0885913242     O 
           -2.8488604013            6.6443426146           -3.7036905095     H 
           -5.4726643696            5.6533364300           -2.7241680083     H 
           -9.9417105548           12.4659394933           -1.9784520175     O 
           -9.9368731597           12.7760117092           -3.7654118070     H 
          -11.2137260549           11.1468515138           -1.7279649549     H 
           14.1893293988            8.5477890030           -3.2941595345     O 
           15.0535368991            8.2536342452           -4.9300212102     H 
           15.2054847750            7.7109461266           -2.0290555575     H 
            8.8784925646            0.3880155120            5.8988221128     O 
            9.1353435956           -1.0786796368            4.8245070608     H 
           10.0580265186            0.1915449426            7.3050795523     H 
          -18.7005736303           -2.5389904759            5.9045758313     O 
          -19.4551170060           -1.3739219527            4.7101096402     H 
          -17.5269579551           -1.5344909906            6.8820892311     H 
           -2.6883641587           -8.0265369995            4.4682560947     O 
           -1.4980608955           -6.7779075084            5.1446601627     H 
           -1.7597593515           -8.9967612208            3.2164355887     H 
          -14.7052809469           -9.1181580094           -2.7999418580     O 
          -14.4209363297          -10.8034047206           -3.3882101288     H 
          -14.2982795370           -9.1397209929           -0.9606443694     H 
           -3.0896260058           -5.6890077811            9.9521659377     O 
           -1.3025361789           -6.0413657903           10.1763405827     H 
           -3.6283112931           -4.3836529914           11.1421881691     H 
           18.3623667204            6.1077579020           -0.5816676330     O 
           18.7729469660            5.8766902736            1.2008294191     H 
           19.9242108742            6.2831128241           -1.4778260564     H 
            4.9862712897          -15.5339521261           -3.4216353526     O 
            6.6325370301          -14.9265415911           -3.9345577535     H 
            3.7939159943          -14.6784704367           -4.5204720107     H 
           -2.3748330864            3.2028266970            5.3197426554     O 
           -1.8207486503            3.3927272260            3.5510953060     H 
           -3.7024592285            4.4422333076            5.6584666253     H 
            9.3499454044            3.7819116267           12.0198971820     O 
            8.2455657857            4.4969532171           10.6961977498     H 
            8.3973164102            3.9295396371           13.5527685089     H 
           -2.9799163595           -0.9623190776            1.6225578576     O 
           -3.5280308465           -1.1216753847           -0.1312079084     H 
           -1.1670860651           -0.8388827403            1.5667826575     H 
          -24.1746032659            2.0583795047           51.4243175295     O 
          -22.6666682962            1.7481973042           50.4673026034     H 
          -24.3308578214            0.7138836743           52.6300145968     H 
          -19.8331782459            0.0721237912            3.7101337439     H 
$end
$set
 chrg  1
 ewin_conf 50.0 
$end
