           1           2  0.839520949604058     
           1           3  0.846990723726909     
           4           5  0.763133446195982     
           4           6  0.820799672357485     
           7           8  0.813595548994661     
           7           9  0.825760630416216     
          10          11  0.856309899386547     
          10          12  0.830363556468330     
          13          14  0.847628091107634     
          13          15  0.844135542039725     
          16          17  0.820920495449412     
          16          18  0.851250848196366     
          19          20  0.805070299738500     
          19          21  0.821650164833201     
          22          23  0.784898136907958     
          22          24  0.883014819896251     
          25          26  0.821141086900034     
          25          27  0.808031374242212     
          28          29  0.770357474417285     
          28          30  0.809248946721583     
          31          32  0.857554291181905     
          31          33  0.840303597318515     
          34          35  0.814263709829009     
          34          36  0.831507014991484     
          37          38  0.839169332143076     
          37          39  0.839171427874091     
          40          41  0.828220650756767     
          40          42  0.822616029497430     
          43          44  0.783152749836221     
          43          45  0.833734804587811     
          46          47  0.856010822994336     
          46          48  0.857098495465948     
          49          50  0.843744668087033     
          49          51  0.841144125004433     
          52          53  0.870531436333200     
          52          54  0.792357554671172     
          55          56  0.863315964080354     
          55          57  0.827268839499746     
          58          59  0.789468004286488     
          58          60  0.848387740552337     
          61          62  0.852102759489134     
          61          63  0.858831940432767     
          64          65  0.872917237491182     
          64          66  0.858819249763600     
          67          68  0.768779066388912     
          67          69  0.809564482691548     
          70          71  0.841245181326476     
          70          72  0.817369696270522     
          73          74  0.792415082303550     
          73          75  0.835565286221483     
          76          77  0.835497125329981     
          76          78  0.867398603270989     
          79          80  0.809934740839097     
          79          81  0.840431581681326     
          82          83  0.876518894970120     
          82          84  0.817400419615036     
          85          86  0.885870103071930     
          85          87  0.792739741216574     
          88          89  0.854942931548890     
          88          90  0.854115021404938     
          91          92  0.819531986952745     
          91          93  0.815057630131709     
          94          95  0.833877079852509     
          94          96  0.861106545423411     
          97          98  0.816309993014226     
          97          99  0.857660147891197     
         100         101  0.832175933511446     
         100         102  0.816163974266669     
         103         104  0.818695448827848     
         103         105  0.823957584619199     
         106         107  0.829623431444410     
         106         108  0.847689084667043     
         109         110  0.815357230453053     
         109         111  0.807721009241702     
         112         113  0.826654315169887     
         112         114  0.806434777088275     
         115         116  0.796603999400260     
         115         117  0.859171044731501     
         118         119  0.823975262246345     
         118         120  0.828160829547163     
         121         122  0.824314948593980     
         121         123  0.821426234975052     
         124         125  0.796741048638421     
         124         126  0.865282036567082     
         127         128  0.832630166808386     
         127         129  0.831772689344860     
         130         131  0.818919921987440     
         130         132  0.812171631642430     
         133         134  0.862432743855174     
         133         135  0.791606220794752     
         136         137  0.848441794178289     
         136         138  0.807385432414548     
         139         140  0.832810652096588     
         139         141  0.810110469851274     
         142         143  0.831706583388945     
         142         144  0.808181899225702     
         145         146  0.835526969574664     
         145         147  0.850111334288204     
         148         149  0.920318903044653     
         148         150  0.800241057480099     
         151         152  0.826068287369329     
         151         153  0.804266019191479     
         154         155  0.821259567434886     
         154         156  0.898753191796121     
         157         158  0.821563223104351     
         157         159  0.798918195736415     
         160         161  0.813552041851215     
         160         162  0.834714821177546     
         163         164  0.848571616009321     
         163         165  0.815414084169487     
         166         167  0.814958529093130     
         166         168  0.820876593458614     
         169         170  0.850182349519873     
         169         171  0.880147525847691     
         172         173  0.848571323252414     
         172         174  0.796323990695582     
         175         176  0.859714220177358     
         175         177  0.814915480505165     
         178         179  0.869583738334348     
         178         180  0.794336507852305     
         181         182  0.820280300865523     
         181         183  0.815323223534108     
         184         185  0.848122766610928     
         184         186  0.856700263662773     
         187         188  0.868199940809363     
         187         189  0.833861984783166     
         190         191  0.821496788728713     
         190         192  0.840443149587221     
         193         194  0.827281825424842     
         193         195  0.848567187764769     
         196         197  0.868368349066865     
         196         198  0.837973290984389     
         199         200  0.834788519521581     
         199         201  0.864738102826609     
         202         203  0.831445829996928     
         202         204  0.827622930603805     
         205         206  0.858492960566739     
         205         207  0.824905816585057     
         208         209  0.809872557927694     
         208         210  0.869487060361900     
         211         212  0.846875536743210     
         211         213  0.819368036751514     
         214         215  0.843429804566554     
         214         216  0.794152700821713     
         217         218  0.829638243934750     
         217         219  0.823549391924045     
         220         221  0.784753422346701     
         220         222  0.916943390806341     
         223         224  0.801757157868033     
         223         225  0.837102135756442     
         226         227  0.771890205019971     
         226         228  0.852004017371818     
         229         230  0.769141102457265     
         229         231  0.811828432142870     
         232         233  0.851319988242618     
         232         234  0.874404892123812     
         235         236  0.841682643580479     
         235         237  0.816826225260783     
         238         239  0.809915105785508     
         238         240  0.822497030723543     
         241         242  0.828347683363925     
         241         243  0.833215187498058     
         244         245  0.831217146987299     
         244         246  0.821858745725463     
         247         248  0.813534845710379     
         247         249  0.843385458778818     
         250         251  0.837994820008198     
         250         252  0.795430411454709     
         253         254  0.872711326039097     
         253         255  0.832141552771588     
         256         257  0.770249789570942     
         256         258  0.917851095898190     
         259         260  0.822725459022827     
         259         261  0.835942826507984     
         262         263  0.838407478021565     
         262         264  0.817231264437670     
         265         266  0.844458592297314     
         265         267  0.882152829678032     
         268         269  0.844613510986881     
         268         270  0.813554264045721     
         271         272  0.814991133874103     
         271         273  0.879907147047900     
         274         275  0.827073079145375     
         274         276  0.804850888645467     
         277         278  0.864517371772090     
         277         279  0.839673144986611     
         280         281  0.831373731671581     
         280         282  0.857852345265540     
         283         284  0.850062212173872     
         283         285  0.909265335963709     
         286         287  0.828336503040448     
         286         288  0.816765141899527     
         289         290  0.864929180919753     
         289         291  0.810264735880735     
         292         293  0.844543361000880     
         292         294  0.854473744160108     
         295         296  0.837196692740581     
         295         297  0.864383971126555     
         298         299  0.885851101011308     
         298         300  0.842706665630576     
         301         302  0.864612150982870     
         301         303  0.845583277772326     
         304         305  0.833430582430289     
         304         306  0.843697820473410     
         307         308  0.840181857349464     
         307         309  0.841744806745386     
         310         311  0.816308000084974     
         310         312  0.853218232615698     
         313         314  0.802015962258630     
         313         315  0.900391133679213     
         316         317  0.913244693155097     
         316         318  0.802414048203895     
         319         320  0.783629378885857     
         319         321  0.858104419270291     
         322         323  0.788622592612345     
         322         324  0.824269440162381     
         325         326  0.816347960415715     
         325         327  0.792134439684230     
         328         329  0.796152856472743     
         328         330  0.912740332616038     
         331         332  0.832109869325797     
         331         333  0.878273668754810     
         334         335  0.859083464732192     
         334         336  0.852060723271420     
         337         338  0.797981602089675     
         337         339  0.850828601258462     
         340         341  0.805074322852857     
         340         342  0.886455881191805     
         343         344  0.823826874061017     
         343         345  0.827425842695260     
         346         347  0.858063024057442     
         346         348  0.818780215707736     
         349         350  0.840758503055704     
         349         351  0.783517924548879     
         352         353  0.867414293903133     
         352         354  0.853598096693645     
         355         356  0.846854268697074     
         355         357  0.857723524591448     
         358         359  0.875520063420349     
         358         360  0.824609527371838     
         361         362  0.868593839472406     
         361         363  0.836005920465887     
         364         365  0.903365301608336     
         364         366  0.778628565616004     
         367         368  0.898727100226924     
         367         369  0.857864388379515     
         370         371  0.769651109661994     
         370         372  0.902420119228515     
         373         374  0.822111868430001     
         373         375  0.856738039387145     
         376         377  0.914044174944839     
         376         378  0.783995384458568     
         379         380  0.834165311957135     
         379         381  0.857008940689029     
         382         383  0.850443137528405     
         382         384  0.888693031499488     
         385         386  0.839481585332230     
         385         387  0.836677630076995     
         388         389  0.801624678026318     
         388         390  0.856949221913930     
         391         392  0.804500336294879     
         391         393  0.884262535486926     
         394         395  0.839133490187567     
         394         396  0.822688295448053     
         397         398  0.823430534013701     
         397         399  0.836783543552903     
         400         401  0.822751899891037     
         400         402  0.831998647710434     
         403         404  0.869782773398812     
         403         405  0.816074976591684     
         406         407  0.848719124865137     
         406         408  0.832771731846404     
         409         410  0.830747722192269     
         409         411  0.860995322398850     
         412         413  0.807128223615090     
         412         414  0.801358965394761     
         415         416  0.795294504170235     
         415         417  0.850474212243200     
         418         419  0.879237222099456     
         418         420  0.819302468055052     
         421         422  0.919852157579284     
         421         423  0.797434455602130     
         424         425  0.873098449412568     
         424         426  0.826484701591926     
         427         428  0.878758288229254     
         427         429  0.804931368448867     
         430         431  0.812599912742699     
         430         432  0.898496136767595     
         433         434  0.853332042953485     
         433         435  0.826890036224359     
         436         437  0.826588898699778     
         436         438  0.891724794573871     
         439         440  0.902354477268018     
         439         441  0.825910816735228     
         442         443  0.822396701741999     
         442         444  0.913780945663089     
         445         446  0.797547088658116     
         445         447  0.916765941115437     
         448         449  0.845769386179968     
         448         450  0.816884189474678     
         451         452  0.807593686559399     
         451         453  0.809797760833737     
         454         455  0.813300896655887     
         454         456  0.828755412588042     
         457         458  0.796338453501374     
         457         459  0.901527496261914     
         460         461  0.884253353778838     
         460         462  0.829025783967651     
         463         464  0.853909438372282     
         463         465  0.818480647929350     
         466         467  0.806678078857498     
         466         468  0.828440311984245     
         469         470  0.882541146713488     
         469         471  0.825209085681247     
         472         473  0.863556224018528     
         472         474  0.885428831072858     
         475         476  0.802772407859572     
         475         477  0.861406441328227     
         478         479  0.826588922399544     
         478         480  0.827570066692507     
         481         482  0.805684205852251     
         481         483  0.899497796296984     
         484         485  0.832061994709479     
         484         486  0.837987277520397     
         487         488  0.850770250905763     
         487         489  0.860315645175316     
         490         491  0.808429662605206     
         490         492  0.805266393207729     
         493         494  0.896412195959008     
         493         495  0.825094905866342     
         496         497  0.791942478730824     
         496         498  0.860190288471954     
         499         500  0.820551874282214     
         499         501  0.832195118271132     
         502         503  0.861251377380095     
         502         504  0.849984704027251     
         505         506  0.798692179664259     
         505         507  0.829147954933387     
         508         509  0.909645543819140     
         508         510  0.770936052380230     
         511         512  0.832563770386395     
         511         513  0.830725368584860     
         514         515  0.830841721812541     
         514         516  0.909253595455500     
         517         518  0.872171987262697     
         517         519  0.857762203419682     
         520         521  0.775954719995495     
         520         522  0.817095406646867     
         523         524  0.791227855027177     
         523         525  0.899589496056390     
         526         527  0.830026979924444     
         526         528  0.883789694701141     
         529         530  0.920087734850896     
         529         531  0.920136190222933     
