   -0.63687555
    0.29934318
    0.33795090
   -0.67603706
    0.35263795
    0.32696277
   -0.67883294
    0.34317876
    0.33573421
   -0.69266617
    0.35557604
    0.35193299
   -0.64975395
    0.35386762
    0.34196443
   -0.70802837
    0.35486622
    0.34770309
   -0.70028576
    0.35221569
    0.35126598
   -0.70497687
    0.36051832
    0.34101395
   -0.69235757
    0.34412209
    0.35240535
   -0.68799693
    0.34695989
    0.34515931
   -0.67810762
    0.33805384
    0.35768598
   -0.68357513
    0.35354339
    0.35140686
   -0.73753886
    0.35512519
    0.35888407
   -0.68628249
    0.34678510
    0.34995638
   -0.69845203
    0.35366687
    0.35321539
   -0.69145729
    0.34242880
    0.34289186
   -0.66595972
    0.31707405
    0.35673990
   -0.68242510
    0.35358063
    0.35209017
   -0.66608280
    0.34051606
    0.31584423
   -0.69923871
    0.35879221
    0.34618134
   -0.67183573
    0.33560364
    0.32993341
   -0.69088533
    0.35671137
    0.34670481
   -0.68642711
    0.34416497
    0.35707023
   -0.70243437
    0.35603267
    0.35447110
   -0.70037980
    0.34730183
    0.35161464
   -0.71151417
    0.34765364
    0.34508898
   -0.65777343
    0.34452403
    0.31397122
   -0.70029270
    0.36070581
    0.34918155
   -0.66880228
    0.32050185
    0.32912040
   -0.68666538
    0.33265245
    0.33861673
   -0.64379077
    0.32940785
    0.31134284
   -0.66704841
    0.33680704
    0.32055868
   -0.70901760
    0.35042880
    0.34916460
   -0.68743508
    0.34107977
    0.33917854
   -0.66881385
    0.33087775
    0.33683646
   -0.64712533
    0.32272736
    0.33182828
   -0.68067050
    0.33692899
    0.33984846
   -0.69563887
    0.35251463
    0.35686321
   -0.70180390
    0.35253900
    0.34674010
   -0.67118807
    0.33768559
    0.34716840
   -0.63723725
    0.28642970
    0.34825050
   -0.71104797
    0.34964321
    0.35369464
   -0.68591304
    0.34036040
    0.35157850
   -0.66329080
    0.31571292
    0.33587614
   -0.69298721
    0.34878253
    0.33295650
   -0.69832235
    0.33283940
    0.34619939
   -0.68872364
    0.32943653
    0.34078461
   -0.68080596
    0.34444026
    0.33476774
   -0.67130731
    0.32438579
    0.34307418
   -0.70634039
    0.36134091
    0.34407454
   -0.64274600
    0.33756388
    0.29926044
   -0.68348836
    0.34984058
    0.33148265
   -0.66195363
    0.33367148
    0.32869013
   -0.66249702
    0.33049114
    0.35236995
   -0.64044250
    0.32360083
    0.31494005
   -0.68353491
    0.34576548
    0.35326949
   -0.69651081
    0.35594537
    0.33196008
   -0.72100317
    0.34607660
    0.35796923
   -0.65566780
    0.34317030
    0.31291447
   -0.66650597
    0.33928085
    0.32239669
   -0.66186693
    0.33009371
    0.32116562
   -0.69202980
    0.35220461
    0.35075298
   -0.70287142
    0.32220110
    0.34990423
   -0.71020787
    0.33035092
    0.34053999
   -0.67610155
    0.34563916
    0.35619584
   -0.68896683
    0.34620946
    0.34117917
   -0.69334321
    0.34340150
    0.36463733
   -0.67290930
    0.34870757
    0.33878185
   -0.69265886
    0.34517384
    0.34562892
   -0.66048627
    0.32230129
    0.33220338
   -0.65253037
    0.33495877
    0.33733747
   -0.67639243
    0.33877215
    0.34347990
   -0.69371830
    0.35651445
    0.35250964
   -0.67205884
    0.34941457
    0.33701021
   -0.71349321
    0.34054810
    0.34794706
   -0.70797860
    0.34733832
    0.35866469
   -0.67420643
    0.33898766
    0.33581389
   -0.69605955
    0.32384619
    0.36021042
   -0.69008497
    0.34955186
    0.35928630
   -0.66303982
    0.33167028
    0.32511166
   -0.65985484
    0.32012342
    0.32993960
   -0.63842459
    0.30743551
    0.32556197
   -0.68712114
    0.33863774
    0.35597403
   -0.68485708
    0.34624674
    0.34108187
   -0.68116315
    0.32199672
    0.35617657
   -0.68384327
    0.35106990
    0.35080995
   -0.67894439
    0.34822139
    0.32565545
   -0.64668078
    0.30534706
    0.33345378
   -0.68250089
    0.32820054
    0.33884226
   -0.66470793
    0.32693262
    0.34096929
   -0.70152263
    0.35056321
    0.35335020
   -0.66904918
    0.32511239
    0.34872743
   -0.68189608
    0.33482830
    0.34443517
   -0.68675363
    0.35031000
    0.33923636
   -0.66566833
    0.32996760
    0.33726319
   -0.70024972
    0.35611298
    0.35353910
   -0.63426787
    0.33010693
    0.30004898
   -0.61622902
    0.30277533
    0.33448217
   -0.68655063
    0.34971776
    0.35696657
   -0.66930673
    0.36030403
    0.34528909
   -0.67419705
    0.32819751
    0.34794284
   -0.63907887
    0.35428777
    0.28601544
   -0.69146237
    0.34892554
    0.33566697
   -0.67334586
    0.34092992
    0.34021738
   -0.63783646
    0.34448562
    0.29874294
   -0.67923770
    0.32485512
    0.34548603
   -0.67044265
    0.33983180
    0.32924019
   -0.64430525
    0.33078864
    0.32993577
   -0.67458463
    0.34365250
    0.31224035
   -0.67074305
    0.33151134
    0.32564546
   -0.67773530
    0.32651412
    0.33118188
   -0.68120766
    0.31882638
    0.34494170
   -0.67335735
    0.35229867
    0.33504518
   -0.68567084
    0.35180770
    0.34927432
   -0.67745355
    0.34704218
    0.33678542
   -0.68848819
    0.35374989
    0.34464964
   -0.65977254
    0.32969776
    0.33677426
   -0.66878718
    0.35133232
    0.32596391
   -0.69584580
    0.34696906
    0.32339614
   -0.67568691
    0.35483786
    0.32293833
   -0.63884756
    0.31748655
    0.33202209
   -0.67570814
    0.33400239
    0.31950474
   -0.66469139
    0.33541048
    0.32314135
   -0.65131268
    0.32883417
    0.32142770
   -0.65462396
    0.32836273
    0.32846283
   -0.67902480
    0.35547437
    0.34823825
   -0.68052672
    0.36164776
    0.31779766
   -0.65046683
    0.36255986
    0.29304440
   -0.67074135
    0.34506675
    0.32428691
   -0.65086584
    0.30924186
    0.34737839
   -0.62467485
    0.30512834
    0.33695356
   -0.67889317
    0.34429541
    0.33535338
   -0.67061045
    0.32692568
    0.35202335
   -0.65748958
    0.34060910
    0.32385866
   -0.69751895
    0.35335853
    0.33950786
   -0.69777733
    0.34407095
    0.35148597
   -0.64406747
    0.32121736
    0.32399302
   -0.66898435
    0.32506217
    0.34553505
   -0.66561188
    0.32714933
    0.33881537
   -0.63044432
    0.34984166
    0.28411080
   -0.64964710
    0.33808853
    0.31529938
   -0.67031267
    0.32200940
    0.34046692
   -0.63860924
    0.34214990
    0.32480297
   -0.65449030
    0.33289167
    0.33474006
   -0.66788819
    0.34897385
    0.31599978
   -0.69376520
    0.35105342
    0.35051322
   -0.69608296
    0.34113031
    0.34827659
   -0.64049558
    0.31356191
    0.32447164
   -0.65866170
    0.34156883
    0.32333894
   -0.67180604
    0.34584560
    0.32940582
   -0.65394661
    0.32462109
    0.31636758
   -0.67445886
    0.32582862
    0.33968414
   -0.65604630
    0.32381868
    0.32575465
   -0.66774290
    0.32699134
    0.32712204
   -0.67415760
    0.35343358
    0.33659887
   -0.63236034
    0.33852460
    0.31041662
   -0.67144452
    0.33208545
    0.32593162
   -0.67340670
    0.32829194
    0.34275824
   -0.69518063
    0.32769629
    0.33474258
   -0.67142381
    0.34601862
    0.32401825
   -0.69639059
    0.34484447
    0.34994699
   -0.64537358
    0.32584953
    0.32712440
   -0.67153414
    0.32935648
    0.34359512
   -0.66547903
    0.33780455
    0.32312573
   -0.65986056
    0.33190366
    0.33634280
   -0.69213172
    0.35623250
    0.34185660
   -0.67943381
    0.33866422
    0.32945694
   -0.61790121
    0.31863603
    0.33115316
   -0.67327128
    0.35384218
    0.34609230
   -0.66637759
    0.33235537
    0.32765671
   -0.68913231
    0.34567013
    0.36230798
   -0.64344504
    0.30673061
    0.34409558
   -0.68956411
    0.35083826
    0.34758563
   -0.65732555
    0.34634017
    0.31819566
   -0.64702333
    0.30500042
    0.33414461
   -0.64578620
    0.35253488
    0.28617644
   -0.67274322
    0.33290752
    0.32984390
   -0.66933822
    0.34688163
    0.33180645
   -0.66415845
    0.32116259
    0.33472731
   -0.64074847
    0.32935787
    0.32568913
   -0.67238352
    0.33613076
    0.32213532
   -0.67377124
    0.32597297
    0.33723161
   -0.67021576
    0.32433340
    0.35065281
   -0.69044515
    0.32189499
    0.34954777
   -0.63842415
    0.31356897
    0.32768630
   -0.65681729
    0.32189682
    0.33514837
   -0.68171099
    0.34643831
    0.32323665
   -0.66086303
    0.34086424
    0.31177971
   -0.67591329
    0.34179127
    0.35414280
   -0.65212583
    0.29971130
    0.34042444
   -0.66183664
    0.35202173
    0.29059069
   -0.71387896
    0.33928023
    0.34602099
   -0.67869668
    0.34880351
    0.33442129
   -0.68193856
    0.35907421
    0.33164806
   -0.66715386
    0.34812655
    0.33620276
   -0.64967449
    0.33601555
    0.31832660
   -0.62485116
    0.31803187
    0.32065316
   -0.67233738
    0.33994322
    0.32583965
   -0.66317207
    0.32843122
    0.33674967
   -0.67820592
    0.34018851
    0.32961460
   -0.67275519
    0.33314268
    0.32760409
   -0.68651870
    0.34781356
    0.32814402
   -0.64885185
    0.30616556
    0.33269074
   -0.71156792
    0.35346640
    0.33084196
   -0.62832156
    0.29553414
    0.35304735
   -0.63799628
    0.35002894
    0.28306241
   -0.71162818
    0.34690279
    0.35759470
   -0.67973958
    0.33753951
    0.31239539
   -0.67075477
    0.32717473
    0.31554349
   -0.65444348
    0.33090866
    0.33712510
   -0.68387025
    0.35319862
    0.33957276
   -0.66043853
    0.31996411
    0.34094508
   -0.65081022
    0.31551624
    0.32718274
   -0.65268034
    0.33637629
    0.32732750
   -0.69547130
    0.33908449
    0.35030846
   -0.66021500
    0.34509437
    0.31133281
   -0.65067166
    0.31766167
    0.31105175
   -0.69042237
    0.35197310
    0.33398065
   -0.63327183
    0.30290684
    0.34173326
   -0.72867694
    0.35760934
    0.34956709
   -0.64699311
    0.32743061
    0.32117708
   -0.64454570
    0.31079449
    0.34081232
   -0.65115773
    0.35527647
    0.30227962
   -0.68495581
    0.31674497
    0.34364975
   -0.64790602
    0.34175307
    0.30909465
   -0.69898381
    0.34724092
    0.34860087
   -0.68761027
    0.34672705
    0.34170608
   -0.63559962
    0.35254057
    0.28863920
   -0.68967137
    0.34361007
    0.35219354
   -0.70565103
    0.34524816
    0.35341702
   -0.66603123
    0.32536587
    0.33044060
   -0.66844332
    0.35105307
    0.33861521
   -0.66507951
    0.33857550
    0.33714751
   -0.65356693
    0.31888724
    0.32366585
   -0.66221588
    0.30028741
    0.34361862
   -0.67317431
    0.31922447
    0.32146167
   -0.66101665
    0.35460680
    0.30986158
   -0.66445405
    0.32154858
    0.33696608
   -0.68842374
    0.35139438
    0.35024554
   -0.70621264
    0.34720611
    0.34319870
   -0.62743472
    0.31841924
    0.32601901
   -0.66714695
    0.32678902
    0.33041543
   -0.67410806
    0.33978882
    0.30893294
   -0.66138473
    0.33342186
    0.32148034
   -0.65464691
    0.36249830
    0.30865996
   -0.67004019
    0.32464999
    0.33588601
   -0.67582093
    0.34452860
    0.34736788
   -0.62640589
    0.30290130
    0.34109022
   -0.64349675
    0.33326182
    0.31921097
   -0.67928922
    0.32702085
    0.33623339
   -0.67561114
    0.35038676
    0.32713251
   -0.65476595
    0.33101573
    0.33294134
