$coord
           -9.5334573173          -13.3555919621           -8.9745383823     O 
          -10.7955619862          -13.6959305534           -7.7215158070     H 
          -10.1525561981          -11.9125630398           -9.9366162537     H 
            5.0629101150           -6.9632910685            8.6050430776     O 
            5.6053462386           -5.1825319406            8.7097862104     H 
            4.6293281059           -7.5181906530           10.2988967763     H 
            2.0215705813            0.6444791849           -6.0338404840     O 
            1.4325781391            1.9418183177           -7.1919788171     H 
            3.2003476363           -0.4079569884           -6.9503264638     H 
           10.0161915656           -3.2537729373           -1.0385682159     O 
           11.0620003237           -4.7047906416           -1.4279101470     H 
            8.3455935448           -3.5847515326           -1.7629976897     H 
            5.3016423501           -3.1352856589           -2.7016438108     O 
            5.3820119564           -2.3306701397           -4.3358854627     H 
            4.3055184786           -2.0694397550           -1.5632838830     H 
           -0.5122192794          -10.5305362020           -2.1093929289     O 
            0.2383648371           -8.9843289392           -2.8178624499     H 
           -2.3178147755          -10.3647515685           -2.4862718698     H 
            8.3363470089           -0.4980695548            2.8904722973     O 
            9.3582137762           -0.6452168077            4.4168261153     H 
            9.1766969282           -1.4802559469            1.5840689417     H 
            0.6954924388           -6.1013290027           -4.0321047033     O 
            0.2893197179           -4.5432455781           -3.0539912632     H 
           -0.5957629472           -6.0808625509           -5.3509516208     H 
            8.4229758359           -9.9630248208            6.2984450313     O 
            7.2037012254           -8.7636887615            7.0080454931     H 
            8.7075452449           -9.3749831561            4.5720151062     H 
            0.3310682328            4.4817718076            5.8595419879     O 
            1.9408471776            3.6342151414            5.5860950652     H 
            0.6648391611            6.2725175025            5.6580159072     H 
           -4.0118932626            7.9874542852            6.4686427514     O 
           -3.3656764474            7.7492650408            8.1772660464     H 
           -2.5845924288            8.7341127238            5.5559836462     H 
           -2.8726765853           -0.2786954143            6.4045157757     O 
           -3.3186023241           -2.0339928517            6.1049997426     H 
           -1.1079004370           -0.3473196526            6.9759315321     H 
            4.5161596798           -6.7645132973           -7.1084327552     O 
            3.1673239011           -6.6136889884           -5.8372674784     H 
            6.0728890975           -7.0597084935           -6.0915954567     H 
           -4.1338556466            3.8000065694            3.6411488946     O 
           -3.4274112896            2.3847186591            4.5808958172     H 
           -4.1929489035            5.2240925190            4.8149271273     H 
           10.3220288171            1.2984867545           -2.8853334238     O 
           10.4095893019           -0.3576450369           -2.0519934598     H 
            8.5735987782            1.8430919112           -2.7272869983     H 
            1.8393953981           -3.6137811642          -10.2380259596     O 
            1.8780439656           -4.3154315036          -11.9525599250     H 
            2.6218238032           -4.8252961705           -9.1190264510     H 
           -6.4361396612           -0.3658864228          -13.6377966512     O 
           -8.0421125553            0.3635647263          -14.1146382106     H 
           -5.8362067480            0.6615497378          -12.2183644847     H 
          -15.7040409741           -0.6651990785            0.8368191915     O 
          -14.9674089971           -2.3175868572            0.5996846221     H 
          -16.3637421111           -0.1743858342           -0.8087420100     H 
           -6.5734098769           -4.7378449318           -2.6260877079     O 
           -7.5397684215           -6.0567115138           -1.7867479614     H 
           -7.6797828450           -3.3189192894           -2.8370186491     H 
          -12.1179744122            3.0468412830            0.1291188739     O 
          -10.5029254526            2.5657044498            0.8842281189     H 
          -12.5458405662            1.6452003486           -0.9636330620     H 
           -3.6345930092            7.4386840355           -7.3040447885     O 
           -4.0680357625            8.4607488181           -5.8524907786     H 
           -4.5794767689            8.1646705501           -8.6885014545     H 
            6.9646529322            3.2059123402           -7.8494035879     O 
            6.4971197054            2.9782243073           -6.0762846200     H 
            8.7529252487            3.6813096132           -7.8262646528     H 
           -2.8815853145           -6.5073943455            0.8374725541     O 
           -3.3857271441           -8.2729317698            1.0199917453     H 
           -3.6319791347           -5.9363056980           -0.7258898527     H 
           -5.7514702246           -1.9108696693           -7.3144357652     O 
           -4.3889214096           -1.2053897070           -8.3774621145     H 
           -5.9039891714           -0.7900378701           -5.8623648202     H 
           -6.3213975912           -3.3817615644            2.8287898010     O 
           -5.0381288839           -4.6518732205            2.4755308871     H 
           -6.9252768647           -3.5075362069            4.5720032036     H 
          -12.2152010648           -1.2900804846           -3.0231553595     O 
          -11.7941022575           -2.3278623957           -1.5400932720     H 
          -12.4662550080           -2.4451697225           -4.4377728665     H 
            6.7616941357           -3.2679790906          -13.2434506458     O 
            6.8925176184           -2.7589219505          -11.4822935137     H 
            7.3179966195           -1.8510793878          -14.2383247107     H 
            8.8822713831           -8.9172077099            1.2974276776     O 
            7.4922023119           -8.8664604677            0.0650988782     H 
           10.3163164810           -8.0716201116            0.4949743347     H 
           -9.2726910684           -8.5280290502           -0.3268770665     O 
          -10.0069670084           -9.7186881080           -1.5033355111     H 
           -9.4177671469           -9.3547988217            1.2937685754     H 
            9.9604071783            8.0988960455            5.5752176133     O 
           11.5689964191            8.3593797279            6.4337664156     H 
            9.1400234080            9.7427291925            5.4826099659     H 
          -25.2695287341            0.0401999697           -1.4453257243     O 
          -24.4420569230           -0.9045547350           -2.7798269151     H 
          -25.1424873297            1.7781426143           -1.9791020455     H 
           -8.2989875376           -3.1879219993            7.3857525210     O 
           -8.6039191508           -4.6088258107            8.5141008423     H 
           -7.6777105108           -1.8006286387            8.3733031164     H 
            5.4566461860            2.7104097266           -3.0577214025     O 
            4.9204318999            3.8010118815           -1.6745699825     H 
            3.9459049775            1.9101294842           -3.7678890064     H 
           10.8208914126           -1.3130694433            7.2886821165     O 
            9.2529641051           -1.5494745141            8.2319590488     H 
           11.9154681879           -0.2627526086            8.3182411030     H 
           11.1483443945           -5.3397308121            4.2718465657     O 
           12.7399798621           -6.2071210843            4.4572358185     H 
           10.9775326812           -4.2354746085            5.7227588980     H 
          -10.0704095983          -12.2173338136            3.5831387038     O 
          -11.6073101429          -12.8431814638            2.8304369653     H 
           -8.8553373692          -13.5937510652            3.5628508296     H 
            0.3912758111            9.5748382187            4.5775219315     O 
            1.4744287275           10.7207233812            5.5242369812     H 
            0.6734591381            9.9072475824            2.7975517109     H 
            1.0119609225           -4.5418887996            3.5273581807     O 
            2.6933105370           -5.2851602501            3.3493173416     H 
           -0.1778248340           -5.4206045407            2.4380111326     H 
           -7.5832896315            1.2422437958            1.2319903807     O 
           -7.1411498398           -0.4398769722            1.8224865186     H 
           -6.4198081875            2.3691724981            2.1149759325     H 
            8.7692204382           -7.0167233843           -4.7478528647     O 
            9.6799198163           -6.8113447605           -6.3184570998     H 
            9.0550459956           -8.7333278535           -4.1327434314     H 
            0.8707661722           -9.5698387102          -12.9020482265     O 
            0.8067305182          -10.1196821642          -14.6211151416     H 
            2.6380586335           -9.0363160945          -12.6068922317     H 
            4.5501648527            7.3130688055           -8.8798775263     O 
            4.1851963709            8.0912986399           -7.2467883977     H 
            5.4274254096            5.6846418746           -8.5302521450     H 
           -3.2994520195            2.4346643720           -5.4303750853     O 
           -1.6965771606            3.2700283980           -5.1621176088     H 
           -4.4424688002            3.2656960702           -4.2670399285     H 
          -12.7330831690           -3.2982197423          -13.0614006613     O 
          -12.6456981957           -1.5332926305          -13.4889121622     H 
          -11.0701121481           -3.7307295140          -12.3864236369     H 
           17.0860836615           -1.4341752576           -7.5145729518     O 
           16.0520161622           -2.7795508443           -6.7767706245     H 
           18.7481269439           -1.6314520392           -6.7472266004     H 
           14.7627680258            3.5955720941           -2.5942357068     O 
           14.6430390881            5.3981876850           -2.9249330138     H 
           13.0247651649            3.0101688200           -2.4040037731     H 
            5.8525834324           -5.1114669030            3.3069117208     O 
            6.5083481095           -3.4037984208            3.2973214240     H 
            7.2640011944           -6.1824156903            2.8608593542     H 
          -17.2052742442            0.4483431561           -3.9199056055     O 
          -17.0497388285           -1.2987610537           -4.5107649412     H 
          -18.4614234965            1.2917399665           -4.9675782814     H 
           -8.5521052203           13.4737237604           -0.4318093260     O 
           -9.1406499047           14.0166199271            1.2097562325     H 
          -10.0693961037           12.9337857131           -1.3745261884     H 
           -5.6101451308            3.0228707613           -9.8610762027     O 
           -4.5363820545            2.7910220326           -8.3583952022     H 
           -7.0423074013            3.9747948257           -9.1886721011     H 
           10.1435192655           -5.6460777884           -9.6670122078     O 
           11.4456660732           -4.5373526636          -10.3553948873     H 
           10.2009806555           -7.1554298652          -10.6615481007     H 
            0.1632594280            4.3947909854           -9.2736728113     O 
           -1.2762762763            5.3943510906           -8.7332769116     H 
            1.5850406661            5.5491467657           -9.3074541030     H 
           14.1052738264            8.5682165118            8.5488016779     O 
           15.4402303810            7.4291890177            7.9933882928     H 
           13.3039522870            7.7579394498            9.9785183235     H 
            8.9604271709            3.5043239711            7.1365434762     O 
            8.8560519288            3.2325226296            8.9236486209     H 
            8.9968794804            5.3312651190            6.8434180172     H 
            2.9677772488            6.9332846948           13.1439680945     O 
            1.4216509056            7.5751344017           12.4120775530     H 
            4.3329499147            7.9595305983           12.5246952900     H 
           13.7831019409           -4.8256354383           -5.7086865515     O 
           13.5117506705           -6.5584753997           -6.2556901587     H 
           12.4344987666           -3.7970767468           -6.4287808800     H 
           -8.8833441692            3.7267184901            6.5820839765     O 
           -9.9687447119            2.4221639979            5.8159222165     H 
           -7.6748273104            2.8111968502            7.6226671634     H 
           -6.0827991670            1.0215401276            9.8751249742     O 
           -5.4447963626            2.1978351188           11.1595973087     H 
           -4.6469040174            0.6548653204            8.7174713299     H 
          -16.5865527050           -4.5241462789           -4.7103327180     O 
          -15.9747961054           -4.9269394838           -3.0115825771     H 
          -18.1919482377           -5.3526060048           -4.8664418469     H 
          -20.2632001485            2.3696154812            0.1175251627     O 
          -21.3091688681            2.8048010636           -1.3532252941     H 
          -21.0502387406            3.3290493172            1.4665306179     H 
           13.1851130374           -9.0371307312            8.0307237607     O 
           11.4689920924           -9.4045860062            7.4669033210     H 
           14.2961005539           -9.9893121237            6.9436901863     H 
          -10.2935142629            0.2793545229           -8.5506827895     O 
          -11.0511239858           -1.3744892367           -8.1985948098     H 
           -8.4943151964            0.0249013251           -8.2911308379     H 
          -11.3230739650            1.9162656298          -13.0852598547     O 
          -10.6575166569            3.6141605864          -13.2880518250     H 
          -10.8154787071            1.3940366827          -11.3615251869     H 
            0.5093976330           -4.1951784946           12.2993079831     O 
           -1.1028065666           -5.0838870544           12.1465715630     H 
            0.0440300462           -2.5773952787           13.1299085615     H 
          -11.7992004086            0.2109907769            4.6133779046     O 
          -13.2235638230            1.0343398431            3.8220362236     H 
          -12.4289137959           -1.0362868393            5.8421283267     H 
          -16.2375550467            3.2080286209            4.0787533673     O 
          -16.8274186122            2.1820334772            2.6900209799     H 
          -17.7302410493            3.8722835112            4.9668913706     H 
            9.0393779716            6.7867225461           -2.8391101396     O 
            9.7124843303            8.3267421425           -2.0800627591     H 
            9.0504312595            5.5956613878           -1.4124349187     H 
           -4.4669373149          -11.1765569002            1.6151164324     O 
           -5.4160566149          -12.0440786016            0.2941921611     H 
           -3.2313497215          -12.3878094858            2.2453728892     H 
          -13.4998621974            3.2775401373           -5.8727583392     O 
          -12.1314602738            2.2306804909           -6.5140339449     H 
          -14.6323431375            2.1728604872           -4.9101534843     H 
           -1.6421477382           -1.1636900304          -15.6902109174     O 
           -0.8385461189            0.4675983146          -15.5401667787     H 
           -3.3663493686           -0.9014661664          -15.1192222419     H 
           -2.7491413378           -5.8937758678          -12.3408626811     O 
           -1.3607507630           -7.0147761631          -12.7944575538     H 
           -2.4889631476           -4.3148342786          -13.2090788191     H 
           -2.0300507202           -0.4364290527          -10.2614029531     O 
           -1.2819233591            1.2070933146          -10.0233169041     H 
           -0.6821314799           -1.6688543570          -10.0899424518     H 
            3.8292387099            5.7475649201            0.7441817517     O 
            4.2121500671            4.5739439550            2.1423934521     H 
            2.0298824010            6.1146306138            0.8480946472     H 
            1.5989458991           -1.7857388148            7.8147222747     O 
            1.5364807214           -2.9064881573            6.3612763459     H 
            1.2159049161           -2.7913827629            9.3064907360     H 
           -7.9765577121            1.0442088558           -3.7774833652     O 
           -9.6600445098            0.2633200178           -3.6846437517     H 
           -7.5211533190            1.3736331476           -2.0209597102     H 
           -3.0438620862           -6.0758941189           -7.2965372535     O 
           -2.7733611312           -5.9137651098           -9.1209744642     H 
           -4.1677342097           -4.6545702771           -6.8918093321     H 
           -5.0627126341           10.0808120241            1.2828288362     O 
           -6.1499486121           11.0678162947            0.1807003566     H 
           -4.5217751332           11.2301094350            2.6175493359     H 
           -0.9976356520            3.2111924369           10.4013538261     O 
           -1.3697391214            4.8222680687           11.1580022248     H 
           -0.6400297668            3.5895070459            8.5980495980     H 
           -6.6382648228           -8.6429141710            5.3983340074     O 
           -6.1104776619           -9.4661635198            3.8315488783     H 
           -8.3941012902           -8.0913387132            5.1813395519     H 
          -23.1918403973            4.4470696757           -3.4260905673     O 
          -22.7714367794            6.2590150554           -3.4387772230     H 
          -22.5126255864            3.8203344804           -5.0047145097     H 
           -8.9350218598            6.5136031630          -13.2233591217     O 
           -7.3864004899            6.0506333556          -14.0713365442     H 
           -8.3949680219            7.8432819970          -12.0788167974     H 
          -23.9582941291           -7.6744912092            1.2181690417     O 
          -24.8709657373           -6.1677366898            1.6752342655     H 
          -22.5414936124           -7.7172407425            2.3937236927     H 
          -11.4450108083           -7.0800183035            4.6366207505     O 
          -12.9405479330           -8.1609642786            4.5585526778     H 
          -11.4558926926           -6.0591088177            3.0902275115     H 
            6.8062647747           12.9647208419           -3.6664705685     O 
            5.8730291912           11.3795667168           -3.6523627187     H 
            8.4712001770           12.5512328052           -4.3720374844     H 
            6.0570380197            9.7408897705            2.4962099571     O 
            4.8984899474           11.0894245244            2.1545292003     H 
            5.3562147534            8.2157266006            1.6703542614     H 
            3.7587727619            1.0749840055          -11.3059700659     O 
            3.2934772250           -0.6585599100          -10.8801595163     H 
            5.0269680821            1.6164376988          -10.0897307749     H 
            0.8229710655            3.5402293368          -14.7028090884     O 
            1.3881498731            2.7889321741          -13.1189453965     H 
            1.7538794067            5.1294681750          -14.7808121838     H 
           19.9355926022           -6.8337252755           -7.4352975621     O 
           20.8036542113           -5.2456612100           -7.5738463911     H 
           19.1759188218           -6.8323317415           -5.7555780927     H 
           22.3296602925            2.4834279340           -2.7349807894     O 
           21.6118824437            3.5411440159           -4.0654617952     H 
           23.2019658760            3.6564268232           -1.5801810773     H 
           -1.2708417338           12.9499365755            9.0737771865     O 
            0.4771046626           13.2912777938            8.6558421191     H 
           -2.1700510245           13.0604397458            7.4609034443     H 
           13.7063130203           -1.3166435464            2.3758285433     O 
           14.3711509485           -1.4427936688            0.6527677837     H 
           12.6765735440           -2.8222234073            2.6678719877     H 
           15.9691166102           -6.5002191613            3.0390582211     O 
           16.5652152619           -8.1224850034            3.6249036476     H 
           17.3816539509           -5.4341401790            2.5112526472     H 
            9.2857724990            4.3985454983            1.4569195158     O 
            9.2208412111            5.5344697879            2.8749016670     H 
            8.8558523890            2.7035975144            2.0307523426     H 
          -11.8945514301           -4.1409953918           -7.0713423545     O 
          -10.7219043846           -5.5514378777           -6.8334453351     H 
          -13.4450746175           -4.8295643792           -7.7827698265     H 
          -15.7621210704           -5.8298233698            0.1956258559     O 
          -15.9555473618           -7.5907330566           -0.2845290913     H 
          -17.4298582108           -5.2474809530            0.6774512059     H 
          -10.9404885323           -3.4454425230            1.2080266510     O 
           -9.1202744215           -3.7296100513            1.3900784697     H 
          -11.2689204655           -2.0512676988            2.3870947383     H 
            4.7820324768           13.4697123739           -8.3832054042     O 
            5.4658376416           13.6905037545           -6.6853202806     H 
            6.1390311541           12.8512430513           -9.4121165473     H 
           -5.1166806289            3.8075531498           13.9460251017     O 
           -6.0757311620            2.9587271723           15.2251053579     H 
           -5.6820788363            5.5486629582           13.9033946266     H 
           13.5235180900            3.1619021774            4.6981057608     O 
           11.9554606029            3.0802290070            5.6610582677     H 
           13.6090900898            1.5970598888            3.7229262026     H 
            4.7002107672            2.5413905242            4.4090643030     O 
            6.1817883962            2.6890752097            5.4928309627     H 
            4.8585466373            0.9966074136            3.4427753753     H 
           18.4351467538            1.9779717416            0.5381866598     O 
           19.8150991636            1.8731492687           -0.6788143447     H 
           16.9385614473            2.4392979732           -0.4439708004     H 
           20.2077986866            5.4385719020           -6.3726454196     O 
           18.5700996451            4.7379992895           -6.9866296577     H 
           21.2249108847            5.6950276811           -7.8442865232     H 
           10.9994570252           -0.8383098728           -7.2797256613     O 
           10.8815092447            0.2223800140           -5.7557856103     H 
           11.4072314268            0.2361382876           -8.7127961912     H 
          -20.2476132739           -3.0461883689            0.1640028133     O 
          -21.7152876250           -3.1192180826            1.2955534019     H 
          -20.1598066519           -1.2937457405           -0.3566372030     H 
          -22.5465792716            6.3345221159            2.5846030247     O 
          -21.2982382576            7.5964473481            2.0478950305     H 
          -24.0104338096            6.5914031648            1.5516539896     H 
          -12.8165285530           11.9463046776           -2.5777197917     O 
          -13.7969004329           12.1504972445           -1.0282809069     H 
          -12.5858626595           10.1156973144           -2.7385355503     H 
           -5.7416335131            5.4063663902           -1.9306456585     O 
           -6.8662367585            5.4639134327           -0.4924355756     H 
           -5.2568373125            7.1271152455           -2.2411820788     H 
           12.4134755866            1.7555909405          -11.5084714251     O 
           12.9847311052            0.1741009151          -12.2244586808     H 
           13.8859429075            2.5643515831          -10.7584469956     H 
          -14.5732706628           11.9815492162            2.2050646997     O 
          -14.1457152785           10.2654530108            2.7843011181     H 
          -13.3288109270           13.0585889768            3.0021805459     H 
            0.6128728398           10.5619122199           -7.5030395690     O 
           -0.2680890505           10.3216045572           -9.1036372296     H 
            1.9921514473           11.7250797772           -7.8459914202     H 
           14.2950198177           -3.1565151479          -11.6012092122     O 
           15.3995350919           -2.3743160326          -10.3623279997     H 
           14.9555587899           -4.8876470684          -11.7114696351     H 
          -15.8265242575            2.0950135860          -10.2964203987     O 
          -14.5084294117            2.0373099252          -11.5686374562     H 
          -15.0061241999            2.7360666226           -8.7578242372     H 
           -1.0476344414           -0.0006950924           14.3084360862     O 
           -1.1669319135            1.1899244690           12.8988693439     H 
           -2.7769952889           -0.5660596359           14.6365078369     H 
           -9.1559249687           -8.2353593624           -6.5103851320     O 
           -8.0912752689           -8.4434525597           -5.0264983473     H 
           -8.0838206753           -8.7009030392           -7.9453582886     H 
           -5.0125764350           -9.5337124324           -3.9203475170     O 
           -4.3885787946           -8.2306752771           -5.0516025908     H 
           -5.0905451878          -11.1024229195           -4.9026679871     H 
          -16.4632634156            5.4868097879           -1.1122337392     O 
          -14.9002415648            4.7220097481           -0.5365943015     H 
          -17.7783251588            4.2038172668           -0.8829758355     H 
          -11.5559326877          -12.5777108385           -2.6713588645     O 
          -12.6070085466          -11.9771441885           -4.0316447031     H 
          -12.6882596450          -12.8779680552           -1.2502372982     H 
           20.8314219043           -5.0361610754            6.4961179649     O 
           19.1719942885           -4.2287364030            6.2370118933     H 
           22.0216312010           -3.7216614091            6.0268658071     H 
           -3.6907784870            5.6763358511          -13.6034468384     O 
           -4.2779116623            4.7018982152          -12.1270889263     H 
           -2.1874088008            4.7923056310          -14.1985361342     H 
           11.4222598140            5.2951784788           -6.9851419770     O 
           10.7748782964            5.8088262691           -5.3185594205     H 
           11.0972780425            6.7104973475           -8.1034758020     H 
          -24.3738447249           -2.4679287385            2.9653317926     O 
          -23.9115647269           -1.4065891909            4.3783748979     H 
          -25.0022411328           -1.3828859367            1.6144291775     H 
            4.6961607976            7.3502017228            7.1879156670     O 
            5.2377420324            8.0712233884            5.5982208708     H 
            5.6289524162            8.2422733458            8.4844422561     H 
            3.2588423888            2.4214222917           15.8234792064     O 
            3.1070774644            4.0539557185           14.9903134075     H 
            1.5783805616            1.6978708972           15.7567677855     H 
           -5.6025350849           -2.1989549419           14.0732289284     O 
           -6.1406787705           -1.2802777563           12.5830007898     H 
           -5.2264297629           -3.8969696906           13.5248346582     H 
            2.7420026169           -8.8529250065           12.8322432878     O 
            1.3151516877           -9.9292992531           12.4484475788     H 
            2.0272969243           -7.1748950832           13.0360294103     H 
            0.3615148682            5.8029505930           -4.0453347043     O 
           -0.4204318128            6.0869510440           -2.3810814756     H 
           -0.4647881623            6.9557866358           -5.1925880882     H 
            7.7395833275            2.5431588468           13.1262655122     O 
            6.3530234290            2.5990168708           11.8420399998     H 
            6.8613945667            2.6561239164           14.7132641098     H 
            1.0552181324          -15.2309744984           -1.5658801444     O 
            0.5124084085          -13.4942840316           -1.9830671384     H 
            1.0852705579          -16.1199454247           -3.1384891409     H 
           -2.1663842307           10.8226443241           -3.3816194583     O 
           -1.1435422004           10.9093452591           -4.9310994989     H 
           -3.1198813398           12.3790919536           -3.2799071765     H 
           -4.0060728798           13.6394432671            4.7665708731     O 
           -5.6535531272           14.2022174479            5.2675413543     H 
           -3.2958942242           14.9925132441            3.6707778647     H 
           24.1758662029            5.6427387823            0.6890246580     O 
           23.4619089526            7.3071322347            0.6008746196     H 
           23.5356400957            4.9024824134            2.2500293442     H 
           19.3345584510           -3.1947291263            1.1183924574     O 
           18.4565082171           -1.6233888633            0.7578417909     H 
           20.7793680694           -2.6870360159            2.1495987484     H 
          -10.4643699351            7.2444914419            9.7417416676     O 
          -12.2831303172            7.3253165030            9.7993381944     H 
          -10.0194857243            5.8537823708            8.5798580854     H 
           -0.6399914949          -10.9817770344           -8.0865737133     O 
           -1.5997762939           -9.4616129155           -7.7742035253     H 
           -0.0948358837          -10.8334516007           -9.8267440156     H 
           -8.1020719518           10.7996918910            7.1209597113     O 
           -6.5943668747            9.8129037786            6.6488294113     H 
           -9.1811554863            9.5960178773            8.0344616919     H 
            1.9351084635           -9.8739749726            2.1204684838     O 
            3.2802354175          -11.0948425017            1.7756729274     H 
            0.6672615996          -10.1683967958            0.8029530961     H 
          -21.4450341953            9.1900560166           -3.6111354817     O 
          -20.6912811945            9.5939261742           -1.9848945644     H 
          -20.0247560706            8.9538304159           -4.7396693894     H 
          -14.9937586211            2.1002204159            8.9746883659     O 
          -15.2631955621            3.8744513927            9.3683689229     H 
          -15.2002017687            2.0234830180            7.1510297848     H 
           16.3462195276           11.9910333932            3.8651176840     O 
           17.9234328083           11.4438397073            4.6551375256     H 
           15.4340439899           10.4327757582            3.4908848742     H 
          -18.7520351226           -1.9308209510           -9.2993709049     O 
          -17.5239850679           -0.5590753688           -9.5823265894     H 
          -19.8782953266           -1.8910200106          -10.7134576473     H 
           12.2256455412           14.8103172287           -1.6220418884     O 
           14.0524132320           14.6539288240           -1.3361673474     H 
           11.9914622040           14.4855630276           -3.3978995101     H 
           11.1473815659           11.7346476381           -5.9482240395     O 
           10.6782271959           10.9750213348           -7.5414107207     H 
           12.3236182883           10.5581603629           -5.1344495682     H 
           14.4000420681          -12.0010293528           -2.5138109992     O 
           13.1987188645          -12.8301887840           -1.4002248572     H 
           16.0610064318          -12.1950152287           -1.7920571602     H 
           -1.2901794903          -14.9089756877            3.1185412079     O 
           -0.4069896154          -15.3085372032            1.5614535961     H 
           -0.0280336763          -14.7763376924            4.4405129761     H 
           -5.7073723631          -12.8901792420            8.0439718551     O 
           -5.9721700260          -11.3105475199            7.0990098509     H 
           -5.7862937121          -14.2235097109            6.8107554593     H 
          -18.0168048054           -2.3480272826            4.9685013154     O 
          -16.5505129232           -2.7873015517            6.0120502627     H 
          -17.3593755198           -1.6832884282            3.3740383364     H 
           13.1179448968           -7.3083543683           -0.9886893190     O 
           13.4766637459           -8.9978184272           -1.6419517965     H 
           14.1474851512           -7.0480606914            0.5373293070     H 
           19.2265817390           -3.8547967498           11.5302082629     O 
           20.0847115774           -4.6267460605           10.1106731467     H 
           17.4549808603           -4.2910936343           11.3122429860     H 
           14.2173838798           -4.5297613779           10.0628135247     O 
           13.8130536000           -6.2260935477            9.4450721815     H 
           12.7727571136           -3.9098690463           10.9870267037     H 
          -19.9374407874           -6.9630519981            4.4639349214     O 
          -19.3725840897           -5.1976553127            4.3437427052     H 
          -20.3906655016           -7.1025841443            6.2508032040     H 
           -6.1721887157           13.3339079217           11.1687240330     O 
           -6.8987937488           12.6266252125            9.6246723382     H 
           -4.4005048904           13.5915251988           10.8180468257     H 
           -8.9656923939           -6.9920058900           10.6790039073     O 
           -7.2301681618           -7.1877809959           11.2491232427     H 
           -9.4982981997           -8.5745294539            9.8830316571     H 
           -6.4020963352          -16.0008675737            3.3376449026     O 
           -4.5730552766          -15.9842686337            3.4715226688     H 
           -6.7067419944          -15.9813478072            1.5307604017     H 
          -17.1637482567          -10.0010051082           -2.4000992484     O 
          -16.1982873569           -9.9222972608           -3.9619452170     H 
          -18.7664290899           -9.1395696153           -2.7127901305     H 
            5.5783538401           -8.2370882915          -11.8089253907     O 
            5.2241788222           -7.7810844550          -10.0484291842     H 
            6.1609069029           -6.6930033728          -12.5987224708     H 
            7.6556653663            9.4472548777           10.8364656809     O 
            9.0628358847            8.3209750294           11.1728956690     H 
            8.3504059804           11.0102361184           10.2370546429     H 
            8.3842661839           13.0207801076            5.7616313787     O 
           10.0605060189           13.4954002965            6.4169933946     H 
            8.2355360268           13.7881818463            4.1049520633     H 
          -15.7612106962           -9.6245746248            5.0485453702     O 
          -15.7014557338           -9.6320781086            6.8798873744     H 
          -17.3080916289           -8.6735806712            4.6160053423     H 
           11.3570074905            5.7456884546           11.8359660931     O 
            9.9693261150            4.8883121582           12.6983870488     H 
           12.4239888929            4.3252746516           11.3151310311     H 
            3.9759113345          -11.8672608095           -5.3552078604     O 
            4.2203825916          -10.6061868292           -4.0378314599     H 
            2.3761265176          -11.5029784254           -6.1646859502     H 
          -13.3782148256            7.4132698495            3.8608511129     O 
          -14.2648877325            5.8369348662            3.5115574188     H 
          -11.6354759594            7.1580892646            3.2787747072     H 
          -15.0207010235           -8.8695775516           10.2052327107     O 
          -14.4297366807           -7.3443495314           11.0103862917     H 
          -13.5653356578           -9.9687470665           10.0669005779     H 
           -1.6751540414          -10.9386447791           10.5996572160     O 
           -3.0052723029          -12.0299396297            9.9537259558     H 
           -0.8311232656          -10.2697670722            9.0992251997     H 
            7.0738875875          -14.6462655761            4.6833744496     O 
            7.6874362664          -13.0501159181            5.3897796842     H 
            5.4196733592          -14.8676972797            5.4423121154     H 
           12.8440880526           -9.8112196216           -7.0806241544     O 
           13.4179392028          -10.7795897520           -5.6372609456     H 
           11.2242151301          -10.5334822033           -7.5727480786     H 
           16.6983270995           -2.2168287445            6.2341393020     O 
           15.6928456542           -1.8395384942            4.7143387514     H 
           15.5598125176           -3.0117328099            7.4474119366     H 
          -12.8580597957           -4.1216765753           12.2266111223     O 
          -12.2024108755           -2.4031930476           12.4722424431     H 
          -11.3540909815           -5.1711206256           12.0800422102     H 
           -6.6784944536           10.2684547821          -10.4094201117     O 
           -5.3499542252           11.1562092502          -11.2734437313     H 
           -7.7873011476           11.4626589431           -9.5893250798     H 
           18.0463946425           -6.5032360055           -2.6414444249     O 
           18.5853444288           -5.1420855068           -1.5191326874     H 
           16.2297985034           -6.3334867214           -2.7999488332     H 
            3.2614015139           13.3326621168            6.5594936629     O 
            5.0852698417           13.1316310187            6.6040303351     H 
            2.9177647715           14.4009249893            5.0935724496     H 
           -8.6799687305            5.2126617612           -6.7268508845     O 
           -7.7239297628            6.6078306933           -6.0201316222     H 
           -8.4554877233            3.8036271698           -5.5398934663     H 
            9.1367367470          -11.8881721637           -3.1035883262     O 
            8.8878532475          -12.8475965649           -4.6165760040     H 
            7.7229130167          -12.2809471512           -1.9905540907     H 
          -11.5374966661            7.0784861277           -2.8010997691     O 
          -12.1886720765            5.9390305122           -4.0966185949     H 
          -11.3435407706            6.0085844675           -1.3183185740     H 
          -10.6192099797          -11.3848464870            8.6954719687     O 
          -10.7248886653          -11.4082220969            6.8500528237     H 
           -9.1460492516          -12.4013136209            9.0797931969     H 
          -17.8476676893           -1.8591249227           10.9022210327     O 
          -16.6220015970           -2.6054860500           12.0156621354     H 
          -16.9930323996           -0.4060641098           10.1637499240     H 
          -10.3560572015           14.2803911593            4.4242715706     O 
           -9.6193947907           12.8337046889            5.3532184013     H 
          -10.7427685336           15.5457844725            5.6558003354     H 
           -6.6754092453            8.6432909749           13.0385611449     O 
           -8.0972401966            8.0843696320           12.0142682671     H 
           -6.6279207570           10.4811084960           12.8190365812     H 
          -16.9688889579            7.4849719304           -5.8236597627     O 
          -16.4658477216            6.8058012053           -4.1804084781     H 
          -15.4603264322            7.5428168659           -6.8605831912     H 
          -11.0772506096            0.5925872538           11.9188906175     O 
           -9.4967393467            0.9399517999           11.0885707793     H 
          -12.4108842232            1.2236962414           10.8184730788     H 
           -2.2987870820           17.0468845477            1.6624878159     O 
           -0.4764997986           16.8313374010            1.6874077248     H 
           -2.8831891087           16.5494685248           -0.0051249613     H 
           19.2412203142            9.2824306078           -3.0304858561     O 
           19.3479500483            8.3711422044           -1.4117053108     H 
           19.7654413969            8.0778041154           -4.3125729112     H 
          -15.6495627473           -6.0412883399           -9.9864315061     O 
          -16.9708500488           -4.8888667739           -9.4367251949     H 
          -14.7679661777           -5.1091399636          -11.3224568703     H 
          -18.8960149637            9.3785283536            0.8822964700     O 
          -17.7726710263           10.6760381659            1.4970208406     H 
          -17.7992205017            8.0266129629            0.2180554021     H 
          -21.1928502984           -6.8111809697           -2.9461267064     O 
          -22.4968659693           -7.5970612609           -1.9066703452     H 
          -20.7199710660           -5.3559598290           -1.8674048426     H 
          -19.8652294590           -6.5443047337            9.4872037060     O 
          -18.4837521497           -7.6230026347            9.9834736398     H 
          -19.3234629515           -4.8330923863            9.8716130576     H 
          -20.1013685885            4.8069714521            6.8202708941     O 
          -21.2640286351            5.5862888700            5.6442153603     H 
          -20.8176809130            3.1306762416            7.1775038279     H 
          -14.0042086688           -9.8799425792           -6.5817533694     O 
          -12.2541104368           -9.2736556074           -6.6013278826     H 
          -14.8901078034           -8.8052848422           -7.7647909372     H 
          -19.7918454404            3.5169083411           -7.1573581805     O 
          -18.8566235267            5.0564651327           -6.6836266197     H 
          -19.1260340824            3.0650042281           -8.7862212985     H 
            6.3493757109           -2.1819215555            9.3689877691     O 
            6.1313413989           -2.0794911680           11.2015744675     H 
            4.9298798233           -1.2548613703            8.6440207376     H 
           10.4969106698           -1.8381907769           13.1373673937     O 
            9.5234290867           -2.9734841860           14.1593206628     H 
            9.4828067742           -0.2908084650           13.0800070615     H 
            6.0404388911            1.4846536576          -15.7018088491     O 
            5.1138283590            1.3482257677          -14.0797603582     H 
            4.7912667937            1.9252284580          -16.9349952324     H 
            6.2382119011           -2.0409133518           -7.8807497527     O 
            6.0371593876           -3.8550145760           -7.7059451188     H 
            8.0478165749           -1.6822216881           -7.6565801658     H 
           -8.0687425336           -4.5507412219          -11.2378866641     O 
           -7.5640740452           -4.0226161529           -9.5582821758     H 
           -7.2210663085           -3.3522135014          -12.3570889730     H 
           17.5381403944            4.9704810294            7.0170534915     O 
           16.1379992704            4.1922436263            6.0528267112     H 
           17.9403370980            3.7564759818            8.3288498663     H 
           15.4990896706           -1.5746446162           -2.2388339223     O 
           14.5947689219           -2.7890811703           -3.2665934812     H 
           15.3370680728            0.0526322701           -3.0336384028     H 
            5.1587482404           -2.2543399569           14.3036180400     O 
            4.5869466152           -0.6231247072           14.9349137036     H 
            3.6537371899           -3.2447581652           14.0612042511     H 
            5.6167649594          -12.8146938232           10.5335159495     O 
            6.9982036021          -12.0420942107            9.6388058918     H 
            4.9674371922          -11.5698258000           11.6941719771     H 
            2.6187656274           15.4769215402            1.9325184480     O 
            2.2187698564           13.9559064681            0.9470902026     H 
            4.3594903568           15.8867481054            1.5316643631     H 
           13.7254465332            1.4353603734           10.6224245345     O 
           13.1761032010            0.2640986315           11.9058757993     H 
           15.5598724703            1.2022248600           10.4317070486     H 
           -1.8659563191            8.3689128900           11.1101802644     O 
           -1.4992775483           10.0866241480           10.5038704040     H 
           -3.4238007843            8.4859580761           12.0835796173     H 
            2.3297869888          -13.8357660454            6.7614739596     O 
            1.8427935817          -12.0688722424            6.6455053278     H 
            3.2274455406          -13.9443343646            8.3650557539     H 
           18.6028719515            0.7771886802            9.6605499530     O 
           18.1132119935           -0.1494694793            8.1141297933     H 
           19.1564112426           -0.5943591204           10.7739281431     H 
           20.3652287997            9.3448672571            5.5709277114     O 
           19.5894777814            8.2762412013            6.8199626025     H 
           20.1841285795            8.4119888200            3.9851211917     H 
           -3.9370121001           -6.6073678238           11.5789131689     O 
           -3.7686311150           -5.9984566941            9.7995233669     H 
           -3.2356119551           -8.3295044530           11.5368601268     H 
           22.1119857286            3.6701530190            5.0470000234     O 
           23.1049521969            4.0896385036            6.5000730315     H 
           20.3589135771            4.1150648973            5.4594725304     H 
           22.3677487727           -8.0025503760            2.7894259039     O 
           21.6277735795           -6.9644660349            4.1675964619     H 
           23.9492123749           -8.6031594530            3.4257135386     H 
            0.7767591865           -8.7316420696            6.7160936772     O 
            2.3391896005           -7.9241979332            7.3116711540     H 
            1.0548571647           -9.0372347463            4.8998053890     H 
           18.9507292696          -10.7479921322           -0.0154538925     O 
           18.5844685429           -9.2688856817           -1.0804065846     H 
           20.3306727337          -10.1845584440            1.0447317475     H 
           15.7749536148          -11.5620819689            4.0326022641     O 
           14.2092063193          -12.2433051647            3.3296633311     H 
           17.0046063521          -11.7097574444            2.6787426548     H 
           -4.9088201137          -13.7878854244           -6.5738465965     O 
           -3.4589236769          -13.1707499306           -7.5158992771     H 
           -6.3860204853          -13.6712457385           -7.6687003548     H 
            4.8905934305           -8.0929540808           -1.6605578214     O 
            5.0574115700           -6.3105022070           -2.0930913715     H 
            3.7382463494           -8.1792230613           -0.2453903490     H 
          -15.5853167073            7.1940558372            8.5377036744     O 
          -17.3631438377            6.9049950929            8.2476532992     H 
          -14.8413924198            7.4652879007            6.8682961921     H 
           17.0903400571           13.7770257212           -0.8705683326     O 
           18.0728255211           12.5145130229           -1.7422104270     H 
           17.0125021457           13.2681738038            0.9041165314     H 
           -6.8153813182          -14.4174729802           -1.6505876486     O 
           -8.5091084273          -13.8492310269           -2.0686909122     H 
           -5.9561546980          -14.6220809454           -3.2487671842     H 
           10.5435305729           10.4204807402            0.2370800848     O 
           10.9890165312           12.1603337836           -0.2132046065     H 
            8.9614789077           10.4150094346            1.2005699145     H 
            7.6262878951           15.1381559659            0.8504763506     O 
            7.2331729345           14.3231712788           -0.7756982656     H 
            9.1892188147           16.0104071496            0.5259662558     H 
          -22.4571505438           -2.2240599490           -5.3525279796     O 
          -21.1588967529           -1.9599756881           -6.6101888439     H 
          -22.3731408092           -3.9874781369           -4.8808626724     H 
          -13.7427548385           -3.4846839562            7.2695510767     O 
          -12.7771910630           -4.8550817238            6.4619387885     H 
          -13.5202644303           -3.6694326240            9.0908014762     H 
           23.3503837240           -5.8042365322           -1.8348550571     O 
           23.1995704141           -7.2161744316           -2.9605717744     H 
           22.8237554582           -6.3983630037           -0.1681600827     H 
            4.4941569477            8.4702820408           -3.8504646689     O 
            3.0735372289            7.2586382835           -3.8035051604     H 
            6.0524230569            7.5419614201           -3.4250048993     H 
           13.0508747651           13.5619824990            7.4557062420     O 
           14.2235578606           13.5652883234            6.0348646446     H 
           13.4576217190           11.9975939197            8.3141723414     H 
          -10.9279345649           -9.0747696279          -11.6714925477     O 
          -12.6553719213           -8.5254660801          -11.6415366021     H 
           -9.9019692485           -7.5559017228          -11.6167886517     H 
          -21.7883718297            0.0426526780            7.1271214578     O 
          -20.3560042746           -0.8386482310            6.3109838495     H 
          -21.8218512320           -0.6268073902            8.8115227935     H 
           -7.3923112140            9.7160230270           -4.2691966064     O 
           -8.2305422918           10.8801177624           -5.4100361559     H 
           -8.7692174337            8.8504055579           -3.4036029152     H 
            3.7575913188            7.7138905175          -13.9390004943     O 
            3.8759090037            7.7188787627          -12.1020322874     H 
            5.4434168821            7.3399623049          -14.5025771945     H 
           18.9772511687            6.8525994522            1.3488823624     O 
           17.1918505986            7.2241853240            1.6412533299     H 
           19.0156587267            4.9886793004            1.2690770074     H 
           -8.6372757127            6.6527504054            2.3664188248     O 
           -8.3077382951            5.6244540338            3.8548741522     H 
           -7.3413090661            7.9649179249            2.3033137715     H 
           -4.5895318268           15.3818302391           -2.7760839557     O 
           -6.1307079652           14.7402997634           -1.9471016931     H 
           -5.1321541559           16.5036459484           -4.0841498535     H 
           -3.1735736415           -5.4374049023            6.8886027266     O 
           -1.5984700792           -6.3440682651            6.5772088959     H 
           -4.5225359504           -6.5253845776            6.2191395235     H 
           14.1320429009            7.5883745384            2.3032639494     O 
           12.5348579869            8.3686286712            1.8200575331     H 
           13.7082924776            5.9500628778            3.0538206666     H 
            5.3706706979          -13.1180105795            0.2612223753     O 
            4.1047637538          -14.2216332707           -0.4757620108     H 
            6.0889517055          -13.9347848613            1.7623686777     H 
            4.2072547658            2.8132535179            9.7591695783     O 
            4.3245390851            4.3889386199            8.8190014930     H 
            2.4756949199            2.7147424273           10.3478737469     H 
           14.2986515881            8.6945673130           -3.3214825312     O 
           13.7511254047            9.1521232556           -1.6442542905     H 
           16.1034830781            9.1312436768           -3.4135542710     H 
           16.0459042367           -7.8081001801          -10.7553744825     O 
           14.9301561505           -8.7292933149           -9.6312807663     H 
           17.5819303830           -7.5424220563           -9.7746014965     H 
           -1.4559103670            9.9286946956          -12.1816445778     O 
            0.0690278297            9.9160400454          -13.1646380415     H 
           -2.3622056787            8.3668289490          -12.6723191864     H 
            9.0119406357            5.2020345016          -13.6124122210     O 
            7.9986741840            3.9973660599          -14.5635108604     H 
           10.2865464279            4.1413203918          -12.8303976076     H 
           11.5116928677          -13.2403671161            1.7060722485     O 
           10.4282071775          -11.7464368990            1.4518322815     H 
           10.4819650346          -14.4459335732            2.5870701135     H 
          -10.6052376113           12.2316926606           -7.4113287680     O 
          -11.6208111590           12.7683683237           -5.9924522864     H 
          -11.4554912464           10.7007141125           -8.0248466820     H 
           -1.2749206638            6.6247588768            0.5732740137     O 
           -2.1734836057            5.3557020863            1.5736788548     H 
           -2.4192292012            8.0596361803            0.5483917094     H 
            1.6821449329           11.0768151145           -0.3120626317     O 
            0.0811172510           11.0469897713           -1.2721961057     H 
            2.8515641522           10.1887996334           -1.4209567235     H 
           25.7553832209           -1.3002721020           -0.4411428634     O 
           24.9301475445           -0.0130723571           -1.4307136389     H 
           25.2160865030           -2.9137570326           -1.1147384674     H 
           23.1761184103           -1.3029576307            3.8958169688     O 
           22.7016651957            0.4349371984            4.2492334126     H 
           24.3964200236           -1.2382305957            2.5028781756     H 
            8.0647046479          -11.5600044091           -8.4386910775     O 
            6.5533787937          -11.6807336313           -7.3652286068     H 
            7.4689244358          -10.8406340480          -10.0016224766     H 
           21.5200065165           -2.1116593107           -5.1042318113     O 
           21.8870933961           -3.3870796976           -3.8366856505     H 
           21.8796575732           -0.5011997777           -4.3231904245     H 
          -12.5234290238            7.7075878310           -8.8462352290     O 
          -11.2578717714            6.6212808942           -8.0221213104     H 
          -12.3713674592            7.3766709930          -10.6212729071     H 
          -14.9021995182          -12.8852047257            1.2459035256     O 
          -16.0883256718          -12.2368464036            0.0071541351     H 
          -15.2780985039          -11.8997556463            2.7614445500     H 
           16.0437502970            3.4400612744           -8.1663338228     O 
           16.3174359176            1.6553658778           -7.7329674127     H 
           14.5466627948            4.0286955146           -7.2601891812     H 
           -5.7729636062           -9.5787308621          -10.1658713222     O 
           -6.6413438631          -10.6564515811          -11.3298277949     H 
           -5.1874660003           -8.1249504892          -11.1135474510     H 
            2.0212871967           -4.7578663271          -15.1135899249     O 
            0.8393893965           -3.4661816785          -15.6718245945     H 
            3.7060923576           -4.0592081973          -15.1890919209     H 
            9.2315524426            8.9759427805          -10.0211488940     O 
            9.4725412662            7.9998578641          -11.5520811221     H 
            7.4771420909            8.6114221046           -9.5483837731     H 
            1.6267554790           -0.0433854329            1.3171796290     O 
            1.3594841550           -1.6020606192            2.2982653698     H 
            0.6488860583            1.2489950948            2.1292240244     H 
           -1.3932040964           -2.1082108960           -2.1898242440     O 
           -0.3892185941           -1.1131689273           -1.0242532065     H 
           -1.9716314422           -1.0104388483           -3.5150998184     H 
           24.8485919789           -4.0481991697           -1.6110932182     H 
$end
$set
 chrg  1
 ewin_conf 50.0 
$end
