           1           2  0.903966096465096     
           1           3  0.835292407152221     
           4           5  0.790357984049629     
           4           6  0.843822991485355     
           7           8  0.830049414357133     
           7           9  0.846176904232309     
          10          11  0.812595342742202     
          10          12  0.808189778784420     
          13          14  0.827406762501287     
          13          15  0.868372691358521     
          16          17  0.790254422677293     
          16          18  0.792369956510569     
          19          20  0.815115437458624     
          19          21  0.813731172527387     
          22          23  0.775394774771314     
          22          24  0.808966958500431     
          25          26  0.812867588746939     
          25          27  0.819437223915888     
          28          29  0.814085883677877     
          28          30  0.831870228946820     
          31          32  0.825904102185125     
          31          33  0.807646279521489     
          34          35  0.825456646953830     
          34          36  0.798777125341566     
          37          38  0.780219413728278     
          37          39  0.755779415230488     
          40          41  0.820726190713257     
          40          42  0.804260086266261     
          43          44  0.792435969116048     
          43          45  0.811768164870650     
          46          47  0.803370915650329     
          46          48  0.826393383670870     
          49          50  0.865860108681647     
          49          51  0.816232414949287     
          52          53  0.834584983931966     
          52          54  0.813223955477328     
          55          56  0.838602890386633     
          55          57  0.880895683035658     
          58          59  0.795588191170078     
          58          60  0.841899953063001     
          61          62  0.841245061512229     
          61          63  0.843959606684479     
          64          65  0.806147276740102     
          64          66  0.802684679898740     
          67          68  0.809173976646895     
          67          69  0.838262218429441     
          70          71  0.789749481856167     
          70          72  0.814704454333065     
          73          74  0.803359809500306     
          73          75  0.804447842390759     
          76          77  0.791343649517893     
          76          78  0.806484958274884     
          79          80  0.841156089832101     
          79          81  0.875237044114796     
          82          83  0.787477313473634     
          82          84  0.805471814682326     
          85          86  0.850746245916543     
          85          87  0.849607193088841     
          88          89  0.826903640580507     
          88          90  0.819610207155075     
          91          92  0.859183778018158     
          91          93  0.872138121200991     
          94          95  0.818728099469655     
          94          96  0.866385843288805     
          97          98  0.808833656259701     
          97          99  0.800097728821571     
         100         101  0.817712464278772     
         100         102  0.821755560943254     
         103         104  0.851590158482372     
         103         105  0.836235093393049     
         106         107  0.866727682511402     
         106         108  0.844077320559869     
         109         110  0.823010080737112     
         109         111  0.832194365977483     
         112         113  0.810857882688641     
         112         114  0.812425924121901     
         115         116  0.811340316701019     
         115         117  0.801439857457458     
         118         119  0.839463965508946     
         118         120  0.816202338443488     
         121         122  0.911299680251018     
         121         123  0.795879567672570     
         124         125  0.813669878049533     
          64         126  0.101452303180882     
         124         126  0.767121297414026     
         127         128  0.830459968980997     
         127         129  0.831079619732574     
         130         131  0.873479122475823     
         130         132  0.827001752683143     
         133         134  0.805157352844153     
         133         135  0.826142175673322     
         136         137  0.825346080524985     
         136         138  0.819724205946838     
         139         140  0.843780783038867     
         139         141  0.828258394298950     
         142         143  0.813794681326114     
         142         144  0.826639998473488     
         145         146  0.855336515847583     
         145         147  0.792552776529308     
         148         149  0.784935818311940     
         148         150  0.806355492128060     
         151         152  0.828758454574728     
         151         153  0.900313324744953     
         154         155  0.829635095914314     
         154         156  0.838227776276052     
         157         158  0.831381644590835     
         157         159  0.852319320489338     
         160         161  0.869150733512230     
         160         162  0.804134933173336     
         163         164  0.860732059277993     
         163         165  0.883555125436130     
         166         167  0.817407878601005     
         166         168  0.819493600233405     
         169         170  0.790104076169786     
         169         171  0.825956809231112     
         172         173  0.804864279906640     
         172         174  0.769121229962859     
         175         176  0.818645962384864     
         175         177  0.879733938391271     
         178         179  0.812225548290088     
         178         180  0.853840109453978     
         181         182  0.830980990351300     
         181         183  0.867939521069935     
         184         185  0.797469564350537     
         184         186  0.818820555492959     
         187         188  0.848476434234006     
         187         189  0.787843776078949     
         190         191  0.819932026360838     
         190         192  0.779965112286232     
         193         194  0.842206188556970     
         193         195  0.788243569244010     
         196         197  0.836408021585475     
         196         198  0.797663212933021     
         199         200  0.813695606424959     
         199         201  0.790281911167584     
         202         203  0.818069818254901     
         202         204  0.824385850889915     
         205         206  0.823952640918225     
         205         207  0.809173201490389     
         208         209  0.868838936699113     
         208         210  0.843925877076169     
         211         212  0.835444023659443     
         211         213  0.858742759975763     
         214         215  0.848329122133633     
         214         216  0.819465121238484     
         217         218  0.786532643838293     
         217         219  0.821783470244556     
         220         221  0.829180262793424     
         220         222  0.833308191094841     
         223         224  0.789202076393392     
         223         225  0.811033316279676     
         226         227  0.803668997619008     
         226         228  0.792844163783965     
         229         230  0.835213886794436     
         229         231  0.823155177874236     
         232         233  0.865140666811314     
         232         234  0.763652986202835     
         235         236  0.812406447615961     
         235         237  0.800361476269097     
         238         239  0.813995513629981     
         238         240  0.862091615147911     
         241         242  0.872956610627194     
         241         243  0.841000323523032     
         244         245  0.890483535305443     
         244         246  0.848768001392878     
         247         248  0.814491171539488     
         247         249  0.803811647222713     
         250         251  0.823103280853982     
         250         252  0.814228161499226     
         253         254  0.873542929783796     
         253         255  0.776428128533511     
         256         257  0.810832649896483     
         256         258  0.822032340375495     
         259         260  0.831362940309915     
         259         261  0.836460879651998     
         262         263  0.892960304109598     
         262         264  0.836162891029723     
         265         266  0.834357014031378     
         265         267  0.803752663786662     
         268         269  0.853313913982593     
         268         270  0.824579624565947     
         271         272  0.791301886268460     
         271         273  0.803215455007821     
         274         275  0.851394601543866     
         274         276  0.807675242321099     
         277         278  0.856638952296007     
         277         279  0.816868472944526     
         280         281  0.796260878464167     
         280         282  0.818348300325050     
         283         284  0.837033783918027     
         283         285  0.849528528870694     
         286         287  0.791922716258301     
         286         288  0.803322334991796     
         289         290  0.838481544646498     
         289         291  0.902682980517720     
         292         293  0.904217633929726     
         292         294  0.845413892503354     
         295         296  0.817314041818589     
         295         297  0.807450756489825     
         298         299  0.802224254207123     
         298         300  0.842716360613640     
         301         302  0.834085589580778     
         301         303  0.818299930767604     
         304         305  0.778653591936238     
         304         306  0.913332934499447     
         307         308  0.792642362320259     
         307         309  0.825184063124921     
         310         311  0.806458387140967     
         310         312  0.843605685331704     
         313         314  0.819681286036206     
         313         315  0.900585481927506     
         316         317  0.833837111546078     
         316         318  0.817446720387726     
         319         320  0.836630420904447     
         319         321  0.866177015856614     
         322         323  0.862273465623471     
         322         324  0.844813669522743     
         325         326  0.808412694779375     
         325         327  0.858698578724213     
         328         329  0.830590492201977     
         328         330  0.839810902951024     
         331         332  0.850894173239406     
         331         333  0.820412462340310     
         334         335  0.849676089538204     
         334         336  0.812020510747722     
         337         338  0.818544765833338     
         337         339  0.821980462115885     
         340         341  0.817075615905024     
         340         342  0.810549712202986     
         343         344  0.830886959553059     
         343         345  0.808705318974108     
         346         347  0.817642301333321     
         346         348  0.809283607920892     
         349         350  0.856602674625423     
         349         351  0.833947604643422     
         352         353  0.800512751119584     
         352         354  0.856223157581816     
         355         356  0.794910533199577     
         355         357  0.833824308718290     
         358         359  0.797322335627460     
         358         360  0.850457770063868     
         361         362  0.871007779669593     
         361         363  0.845689241675455     
         364         365  0.844179131005906     
         364         366  0.845526299265577     
         367         368  0.844325394865511     
         367         369  0.855202814052096     
         370         371  0.851548647523760     
         370         372  0.868225461131590     
         373         374  0.866340892198309     
         373         375  0.843725759376703     
         376         377  0.794491479856787     
         376         378  0.848837197377104     
         379         380  0.759606264169104     
         379         381  0.873815267688928     
         382         383  0.793563964311863     
         382         384  0.905576923405386     
         385         386  0.804710950128651     
         385         387  0.848730061873110     
         388         389  0.892501588919620     
         388         390  0.780581040511532     
         391         392  0.899219016450636     
         391         393  0.838059527813914     
         394         395  0.835537420432063     
         394         396  0.814168250654974     
         397         398  0.860914911945743     
         397         399  0.795109062593363     
         400         401  0.854427016206950     
         400         402  0.859159112339203     
         403         404  0.794234248902378     
         403         405  0.807509776996870     
         406         407  0.811471555190476     
         406         408  0.796894367937041     
         409         410  0.850184486231287     
         409         411  0.866428786560332     
         412         413  0.843706219836112     
         412         414  0.826158183332515     
         415         416  0.835055117662184     
         415         417  0.833117603640611     
         418         419  0.806023654821340     
         418         420  0.916781257748517     
         421         422  0.818237609361563     
         421         423  0.881528202592997     
         424         425  0.859841664682724     
         424         426  0.818027231599046     
         427         428  0.844047360163320     
         427         429  0.868900915765895     
         430         431  0.850177971501289     
         430         432  0.846560984183101     
         433         434  0.808639165870459     
         433         435  0.881229086503336     
         436         437  0.802716090663309     
         436         438  0.800323019575338     
         439         440  0.811271513061449     
         439         441  0.797365139090971     
         442         443  0.873468477047064     
         442         444  0.856305021324068     
         445         446  0.821987679925698     
         445         447  0.864569029178167     
         448         449  0.805924490276271     
         448         450  0.835428597117932     
         451         452  0.836241643906304     
         451         453  0.875074391907006     
         454         455  0.835396412040571     
         454         456  0.814777915907605     
         457         458  0.852902435654847     
         457         459  0.858723753680517     
         460         461  0.844627481984952     
         460         462  0.832442565422957     
         463         464  0.810441849727554     
         463         465  0.851816041947374     
         466         467  0.848901476507933     
         466         468  0.896464190475581     
         469         470  0.808689722956933     
         469         471  0.857163266751797     
         472         473  0.847587306514322     
         472         474  0.796791456403368     
         475         476  0.822843544765147     
         475         477  0.820398193869351     
         478         479  0.836787819729060     
         478         480  0.858927392463616     
         481         482  0.820890589063214     
         481         483  0.801184865137431     
         484         485  0.869936475695349     
         484         486  0.857629167848999     
         487         488  0.843147106860607     
         487         489  0.825141522664484     
         490         491  0.827169432413195     
         490         492  0.852941158163870     
         493         494  0.853211064982690     
         493         495  0.835009877209713     
         496         497  0.779675594156738     
         496         498  0.826679651567498     
         499         500  0.818682328058694     
         499         501  0.839314516698401     
         502         503  0.885619085520622     
         502         504  0.861170554393607     
         505         506  0.819256824766733     
         505         507  0.837300457428775     
         508         509  0.840459146222485     
         508         510  0.837430921780361     
         511         512  0.828874312166807     
         511         513  0.794259122157301     
         514         515  0.891366064863274     
         514         516  0.825087378796939     
         517         518  0.818127537748203     
         517         519  0.819276900420314     
         520         521  0.825941461729323     
         520         522  0.859453741401816     
         523         524  0.894367174584763     
         523         525  0.838087647031522     
         526         527  0.794135266708143     
         526         528  0.910712152695527     
         529         530  0.844636840111875     
         529         531  0.823098945193119     
         532         533  0.824392458933947     
         532         534  0.847768157149273     
         535         536  0.865317922790005     
         535         537  0.835546067288062     
         538         539  0.850612432721672     
         538         540  0.852720866795398     
         541         542  0.812603515704341     
         541         543  0.846178454127870     
         544         545  0.846081325139495     
         544         546  0.822403749795099     
         547         548  0.856989117190295     
         547         549  0.803027063201181     
         550         551  0.845857508455372     
         550         552  0.790371825173557     
         553         554  0.881099716847612     
         553         555  0.854421349610069     
         556         557  0.859180737809094     
         556         558  0.818069636899922     
         559         560  0.813304339924515     
         559         561  0.859512229932444     
         562         563  0.809180583610252     
         562         564  0.873780660086453     
         565         566  0.812859706864617     
         565         567  0.821924472225614     
         568         569  0.896840704303048     
         568         570  0.821981677333055     
         571         572  0.786012966150333     
         571         573  0.907330848037899     
         574         575  0.821176569436131     
         574         576  0.790126125861848     
         577         578  0.837914785902786     
         577         579  0.828251965782276     
         580         581  0.790446901092479     
         580         582  0.845786158151064     
         583         584  0.821449018325916     
         583         585  0.854388824225447     
         586         587  0.839072094395635     
         586         588  0.874580885475825     
         589         590  0.886441630914691     
         589         591  0.874440771733632     
         592         593  0.815352919304883     
         592         594  0.848379181931999     
         595         596  0.865525232829168     
         595         597  0.800324603122888     
         598         599  0.809464823205168     
         598         600  0.838870681578593     
         601         602  0.840877652040668     
         601         603  0.839720961860494     
         604         605  0.801748199656292     
         604         606  0.824100982205352     
         607         608  0.888976609456237     
         607         609  0.829457700807441     
         610         611  0.769844253323560     
         610         612  0.810014861399135     
         613         614  0.908955012793387     
         613         615  0.807594950498982     
         616         617  0.785930730009042     
         616         618  0.915370686927620     
         619         620  0.805820218813582     
         619         621  0.778284749247439     
         622         623  0.813542443829313     
         622         624  0.859151264714154     
         625         626  0.835867894534928     
         625         627  0.850836985543195     
         628         629  0.850120128962738     
         628         630  0.840823272975175     
         631         632  0.813889428683864     
         631         633  0.831364661878802     
         634         635  0.868134576908019     
         634         636  0.831586318648134     
         637         638  0.873347120568234     
         637         639  0.835424429449155     
         640         641  0.843915833996270     
         640         642  0.859176454653167     
         643         644  0.806365058630808     
         643         645  0.804741492214569     
         646         647  0.808761487415295     
         646         648  0.881268123564733     
         649         650  0.860591847800598     
         649         651  0.868829053198649     
         652         653  0.793026465581561     
         652         654  0.810900117017653     
         655         656  0.899063246143907     
         655         657  0.828748472083427     
         658         659  0.767934630253220     
         658         660  0.792702156205265     
         661         662  0.846057349270381     
         661         663  0.862952474601008     
         664         665  0.889617448183728     
         664         666  0.844191808070214     
         667         668  0.791894556491769     
         667         669  0.902045959072170     
         670         671  0.843771817174341     
         670         672  0.822507916379512     
         673         674  0.835035008108038     
         673         675  0.892987475746236     
         676         677  0.814622074728787     
         676         678  0.788924733187947     
         679         680  0.825618380730424     
         679         681  0.815775647464801     
         682         683  0.801908103306988     
         682         684  0.910238140245172     
         611         685  0.100020005072664     
         685         686  0.821960943144784     
         685         687  0.791961658662363     
         688         689  0.805952035273665     
         688         690  0.803121216790361     
         691         692  0.843867237618127     
         691         693  0.811509391881370     
         694         695  0.825483695113211     
         694         696  0.835960421188177     
         697         698  0.858900747641333     
         697         699  0.804194845649464     
         700         701  0.858894319471810     
         700         702  0.849312199046430     
         703         704  0.900674692390362     
         703         705  0.795279102197498     
         706         707  0.841873934359332     
         706         708  0.858749859269818     
         709         710  0.799823185389400     
         709         711  0.885616548009153     
         712         713  0.868865329455433     
         712         714  0.824819784649402     
         715         716  0.805937457112575     
         715         717  0.822163560801660     
         718         719  0.785902469135812     
         718         720  0.821574459242989     
         721         722  0.878697202396512     
         721         723  0.862514125035994     
         724         725  0.845820790016476     
         724         726  0.821133235751389     
         727         728  0.814332039948363     
         727         729  0.874253978812765     
         730         731  0.840838767681038     
         730         732  0.856123852176580     
         733         734  0.798589051291871     
         733         735  0.893351676373189     
         736         737  0.853778807346287     
         736         738  0.826433757464649     
         739         740  0.813650591623256     
         739         741  0.825470116238553     
         742         743  0.897659274689809     
         742         744  0.842767290984975     
         745         746  0.845512572530250     
         745         747  0.869640499292781     
         748         749  0.854914017312020     
         748         750  0.818770904281039     
         751         752  0.802724824962714     
         751         753  0.883317472456786     
         754         755  0.829842158894347     
         754         756  0.869704647508049     
