           1           2  0.985638502605496     
           2           3  0.986062158167543     
           2           4  0.986040401101633     
           2           5   1.00697747886060     
           5           6  0.957027568706936     
           5           7  0.986229674861565     
           7           8  0.968431694221300     
           7           9  0.966457315892595     
           5          10   1.01026672895568     
          10          11  0.976402604040370     
          10          12  0.986501162820444     
          10          13  0.976252794194093     
           7          14   1.01790377352372     
          14          15  0.937914629342135     
          14          16  0.950763250549393     
          17          18  0.917031034648125     
          17          19  0.781051816320725     
          20          21  0.770891517695616     
          20          22  0.915295172718067     
          23          24  0.833119951732825     
          23          25  0.855788407774686     
          26          27  0.835444672464895     
          26          28  0.828561542450901     
          21          29  0.105288523341065     
          14          30  0.102697461498066     
          29          30  0.788478477197786     
          29          31  0.818530196540220     
          23          33  0.103019640110978     
          32          33  0.774616947145599     
          32          34  0.914995486081761     
          35          36  0.821400097020523     
          35          37  0.803147526128134     
          38          39  0.845282448761400     
          38          40  0.841956699913715     
          41          42  0.836383602555732     
          41          43  0.885550463977580     
          44          45  0.920022029434437     
          44          46  0.815656489341452     
          47          48  0.805162754291475     
          47          49  0.916209171759602     
          50          51  0.856510567746503     
          50          52  0.840972172844990     
          53          54  0.844227725237286     
          53          55  0.849244988007123     
          56          57  0.851877357630387     
          56          58  0.860705551667884     
          59          60  0.844239653011627     
          59          61  0.878759664705493     
          62          63  0.918011458382652     
          62          64  0.808726838834574     
          65          66  0.783313896724464     
          65          67  0.912146589240576     
          68          69  0.881897672431039     
          68          70  0.852934415695658     
          71          72  0.915902639720658     
          71          73  0.799802888732638     
          74          75  0.847718691717532     
          74          76  0.846428493765860     
          77          78  0.858516440299925     
          77          79  0.850195803926199     
          80          81  0.917321065502138     
          80          82  0.782871626265720     
          83          84  0.902579039780336     
          83          85  0.821545642676973     
          86          87  0.842654224437227     
          86          88  0.916493282292022     
          89          90  0.855108247715752     
          89          91  0.873120824275339     
