   -0.67487162
    0.32692820
    0.34415307
   -0.68226210
    0.34499824
    0.33616342
   -0.67824233
    0.34030435
    0.35011323
   -0.72504592
    0.34041553
    0.34633760
   -0.69296900
    0.35236831
    0.34192010
   -0.67590988
    0.34560511
    0.32931445
   -0.68370154
    0.34394101
    0.34670088
   -0.69264063
    0.35406324
    0.35811495
   -0.68469106
    0.34760410
    0.33998565
   -0.68052352
    0.34560659
    0.34571663
   -0.70117801
    0.34612553
    0.34983616
   -0.73439556
    0.34366082
    0.34451822
   -0.66967442
    0.33479827
    0.34642868
   -0.67544237
    0.33854426
    0.35386680
   -0.69944035
    0.34599356
    0.34521140
   -0.70187243
    0.35302419
    0.35552903
   -0.70074912
    0.34505084
    0.35740020
   -0.67944885
    0.34213514
    0.35951907
   -0.70334371
    0.35303332
    0.35277406
   -0.70406384
    0.35476440
    0.33979563
   -0.67845866
    0.34064842
    0.34121699
   -0.69245744
    0.34480122
    0.35939508
   -0.69714009
    0.34748119
    0.35072672
   -0.70926436
    0.34579482
    0.35490745
   -0.70019886
    0.34788774
    0.35380572
   -0.69470539
    0.35228782
    0.34610553
   -0.65564239
    0.30807424
    0.34362592
   -0.69012238
    0.34887729
    0.34577875
   -0.66381845
    0.35051901
    0.32773094
   -0.67380828
    0.34233975
    0.34527940
   -0.66853386
    0.32195245
    0.34203458
   -0.68272110
    0.34646025
    0.33417193
   -0.67440870
    0.33659475
    0.33757782
   -0.68719305
    0.34115942
    0.33192268
   -0.67625108
    0.33522474
    0.33808061
   -0.68467139
    0.36442580
    0.33321814
   -0.67878897
    0.35061771
    0.33796477
   -0.68326536
    0.34457330
    0.34636623
   -0.67272372
    0.34041005
    0.35100520
   -0.68038953
    0.35021139
    0.35003908
   -0.64604964
    0.32869824
    0.31538178
   -0.68041111
    0.34021682
    0.34755683
   -0.69145311
    0.33166031
    0.31893672
   -0.72313058
    0.33783295
    0.35173757
   -0.65942589
    0.31556895
    0.34927488
   -0.67825413
    0.35250373
    0.33535175
   -0.69069614
    0.35056513
    0.34319493
   -0.67866711
    0.33927784
    0.34804407
   -0.64921647
    0.34443493
    0.31815907
   -0.66969213
    0.33414170
    0.33339515
   -0.68894489
    0.33358351
    0.34653027
   -0.69400086
    0.34948797
    0.33522542
   -0.63757336
    0.32079456
    0.33282824
   -0.70136164
    0.34925746
    0.35120580
   -0.69088652
    0.34899148
    0.33452189
   -0.69503172
    0.34680404
    0.35499742
   -0.69783950
    0.34735083
    0.35718139
   -0.68323208
    0.34692133
    0.34325915
   -0.69521220
    0.33560034
    0.35325449
   -0.62484954
    0.31439396
    0.32504288
   -0.69871847
    0.35531638
    0.34305882
   -0.66684242
    0.35036593
    0.34537525
   -0.66185391
    0.32475683
    0.33518111
   -0.68294518
    0.32460788
    0.34118429
   -0.65881468
    0.35177318
    0.32136871
   -0.68197306
    0.33560078
    0.34717072
   -0.71164495
    0.33973845
    0.36423807
   -0.68734376
    0.35609873
    0.34877160
   -0.70071827
    0.35523042
    0.34419606
   -0.68155395
    0.32448289
    0.34771714
   -0.66288568
    0.32672190
    0.33504641
   -0.66728760
    0.35108158
    0.35828170
   -0.67627924
    0.33864566
    0.35983331
   -0.67816779
    0.33491556
    0.32733008
   -0.68367430
    0.35345023
    0.34963771
   -0.67796421
    0.34217053
    0.36239969
   -0.67326611
    0.34893211
    0.34107808
   -0.69488749
    0.35489599
    0.34950127
   -0.68709958
    0.34689281
    0.34626049
   -0.62811079
    0.28729869
    0.34556419
   -0.67955871
    0.34043398
    0.32689525
   -0.62790537
    0.31603460
    0.30833367
   -0.68246645
    0.34822488
    0.33790265
   -0.66097376
    0.31710878
    0.33727012
   -0.68706501
    0.34948867
    0.35690283
   -0.71533991
    0.35229807
    0.34426795
   -0.67675369
    0.32925230
    0.33424800
   -0.66877245
    0.31955390
    0.35163188
   -0.66784095
    0.33565584
    0.32640440
   -0.65373562
    0.33882277
    0.31884799
   -0.67737777
    0.34050157
    0.34090223
   -0.67474137
    0.34695697
    0.33380617
   -0.69485590
    0.34481049
    0.35007075
   -0.71224280
    0.34723493
    0.34034360
   -0.67907840
    0.34165971
    0.33880081
   -0.70220554
    0.34105893
    0.35695589
   -0.65525519
    0.32293899
    0.32479050
   -0.66174246
    0.34110462
    0.31825671
   -0.69869892
    0.34157325
    0.35189310
   -0.67628781
    0.33886803
    0.36214609
   -0.67885017
    0.34049133
    0.32820580
   -0.64118623
    0.31209248
    0.34115645
   -0.68570125
    0.32759598
    0.35350505
   -0.68353022
    0.33402894
    0.34826987
   -0.66357633
    0.31804784
    0.34630935
   -0.64027863
    0.31779888
    0.32271537
   -0.70331756
    0.35968497
    0.33493369
   -0.67601067
    0.32761377
    0.33932317
   -0.67674767
    0.34364551
    0.31852206
   -0.68964517
    0.34999503
    0.33700940
   -0.65507169
    0.34565317
    0.30258818
   -0.66200158
    0.31754987
    0.31830997
   -0.68561743
    0.33147015
    0.36314891
   -0.67894713
    0.33455118
    0.34608953
   -0.68011879
    0.36262794
    0.33625769
   -0.67397460
    0.33844084
    0.34211981
   -0.63212009
    0.32844827
    0.33119386
   -0.64983881
    0.33093393
    0.32231473
   -0.63459823
    0.32201230
    0.31535259
   -0.68356541
    0.34603989
    0.34603717
   -0.68474245
    0.32337887
    0.33600356
   -0.69952357
    0.34536693
    0.35278149
   -0.65467013
    0.33426180
    0.31855897
   -0.65687875
    0.33547049
    0.32584444
   -0.66127456
    0.34927464
    0.29830205
   -0.67336212
    0.33811910
    0.34357086
   -0.65158587
    0.33444385
    0.33790408
   -0.66684849
    0.31834994
    0.34524857
   -0.68337956
    0.33123741
    0.34698543
   -0.66521787
    0.32888572
    0.32264113
   -0.64609602
    0.30057382
    0.33984191
   -0.66410781
    0.35009922
    0.31964952
   -0.67791856
    0.34393649
    0.34852951
   -0.70815442
    0.35140079
    0.33203811
   -0.67059220
    0.32963343
    0.32290375
   -0.68082783
    0.33349009
    0.33814314
   -0.64349560
    0.33063241
    0.33076385
   -0.69623312
    0.34856191
    0.36054632
   -0.68334815
    0.32715939
    0.34300097
   -0.67057936
    0.31445784
    0.33090213
   -0.65157487
    0.33771939
    0.33289327
   -0.65192238
    0.31179071
    0.35980265
   -0.64982605
    0.32478461
    0.32027352
   -0.67716947
    0.33659460
    0.33707629
   -0.69038266
    0.36647228
    0.33095314
   -0.67111438
    0.33955608
    0.34829585
   -0.68005546
    0.34657087
    0.34243389
   -0.65480102
    0.34870168
    0.30919111
   -0.65480328
    0.33137965
    0.32980946
   -0.66488750
    0.33374692
    0.32324971
   -0.66015389
    0.32086696
    0.33135510
   -0.66954110
    0.33964426
    0.32139154
   -0.63746915
    0.35252942
    0.28802396
   -0.65577422
    0.33768798
    0.32915482
   -0.67702761
    0.33148644
    0.33500082
   -0.64856211
    0.32516172
    0.31617782
   -0.66777974
    0.33480193
    0.33903497
   -0.67012947
    0.31905348
    0.34308553
   -0.65828765
    0.32820424
    0.33853660
   -0.66385158
    0.32949094
    0.33637322
   -0.68570417
    0.34724397
    0.35401211
   -0.67123459
    0.29647073
    0.34718659
   -0.67478535
    0.31316840
    0.36245821
   -0.65960178
    0.34255078
    0.31242724
   -0.68931545
    0.35342678
    0.34860831
   -0.68450617
    0.34514819
    0.33312547
   -0.65964167
    0.34095218
    0.32891844
   -0.63537799
    0.32689137
    0.31983254
   -0.63957827
    0.32154692
    0.33504615
   -0.68333798
    0.34034762
    0.33636475
   -0.69139608
    0.33588824
    0.34221390
   -0.66249079
    0.34548160
    0.31564990
   -0.68398838
    0.34734064
    0.31806363
   -0.67801810
    0.32405117
    0.32332761
   -0.66677625
    0.32836240
    0.33934064
   -0.67241439
    0.33977836
    0.32916050
   -0.68213077
    0.33627793
    0.32691495
   -0.65257160
    0.35286358
    0.30190715
   -0.68820065
    0.32492906
    0.33141087
   -0.67702223
    0.33681209
    0.34193264
   -0.65377420
    0.31509356
    0.33013607
   -0.62693127
    0.30782698
    0.34018596
   -0.65712438
    0.30251054
    0.35083213
   -0.67427690
    0.33577188
    0.34785776
   -0.63140294
    0.33022109
    0.33077138
   -0.65149761
    0.32393354
    0.31787540
   -0.67026165
    0.34928582
    0.31833273
   -0.64553437
    0.34221544
    0.29327947
   -0.71064153
    0.33863840
    0.35789460
   -0.65039187
    0.34314855
    0.33857359
   -0.66847998
    0.35913458
    0.31380833
   -0.68757746
    0.33509060
    0.34398439
   -0.69829322
    0.34388996
    0.36236827
   -0.65741407
    0.33254213
    0.32932194
   -0.67955980
    0.34349989
    0.33469924
   -0.66856212
    0.32951909
    0.33244973
   -0.68277886
    0.33092241
    0.35143618
   -0.66776187
    0.34316335
    0.31431566
   -0.64313053
    0.33301386
    0.32564649
   -0.66247342
    0.35915803
    0.30313442
   -0.66522283
    0.33722696
    0.33476539
   -0.68603033
    0.33522793
    0.34822018
   -0.68869593
    0.33789597
    0.33110041
   -0.66223874
    0.33450561
    0.33724891
   -0.64670986
    0.35007618
    0.28887594
   -0.64660912
    0.32885216
    0.30693898
   -0.66627221
    0.33315604
    0.33736167
   -0.66127705
    0.32788818
    0.31277665
   -0.65458474
    0.28075619
    0.35250843
   -0.63293756
    0.29249297
    0.35111140
   -0.71663197
    0.35618147
    0.34785171
   -0.64043746
    0.29169982
    0.34621121
   -0.64393037
    0.32100368
    0.31416678
   -0.64953602
    0.31536545
    0.34683984
   -0.64296387
    0.29182728
    0.36485314
   -0.65708955
    0.33154854
    0.33658146
   -0.65450594
    0.31783925
    0.32502510
   -0.66419820
    0.33033921
    0.33970972
   -0.62214309
    0.28955819
    0.35018535
   -0.67590866
    0.32498722
    0.32744032
   -0.67384060
    0.32562743
    0.33520166
   -0.64316038
    0.32210908
    0.34534956
   -0.64659069
    0.31421126
    0.31107990
   -0.68155136
    0.33563041
    0.33829433
   -0.64523320
    0.30080203
    0.33093333
   -0.68664964
    0.34922488
    0.34502666
   -0.69851470
    0.35152687
    0.34508041
   -0.64582972
    0.32156620
    0.32326290
   -0.67456638
    0.34287093
    0.33062729
   -0.67917794
    0.34991325
    0.34054327
   -0.66847634
    0.32476209
    0.32866721
   -0.69644042
    0.33351479
    0.36036368
   -0.68223497
    0.32855604
    0.33222146
   -0.65486327
    0.33719651
    0.31056323
   -0.66887487
    0.33083707
    0.33690841
   -0.66588424
    0.34099349
    0.33715972
   -0.68115489
    0.34860727
    0.33205663
   -0.66566231
    0.32414908
    0.34404920
   -0.69618336
    0.34715792
    0.34231010
   -0.67594406
    0.32192419
    0.33867182
   -0.66043881
    0.32379501
    0.33572844
   -0.65921560
    0.35289611
    0.33939674
   -0.67103097
    0.31101218
    0.34199049
   -0.63262582
    0.27860315
    0.35158434
   -0.66289957
    0.34543419
    0.30248075
   -0.67293564
    0.34441492
    0.32143391
   -0.67004505
    0.30925985
    0.34803240
   -0.66714555
    0.33232172
    0.32393342
   -0.65547473
    0.33850342
    0.31864619
   -0.65084574
    0.32914336
    0.32819607
   -0.67568544
    0.33984740
    0.32214105
   -0.64735667
    0.33610666
    0.33879669
