$coord
           -6.7984055460           -9.1145795658           -9.0899598535     O 
           -5.3729099491           -9.9616313186           -9.8688697358     H 
           -6.0355680203           -7.6106277671           -8.3271404113     H 
            6.2003857647           -3.3354951350            1.6237227420     O 
            7.1857905083           -3.7164523502            0.1202346106     H 
            7.3497304506           -3.1577902388            3.0349131688     H 
            4.7677890240            4.2048217788           -4.4168429860     O 
            3.1551592886            4.4866591276           -3.5924637697     H 
            5.7781454345            5.6804930960           -3.9926008799     H 
            4.3662707275            1.0297833987            0.3190726183     O 
            5.7798723345            1.3262558291           -0.8267911314     H 
            4.7459522841           -0.6647421813            0.9892699966     H 
            4.9395303540           -1.0692167022           -4.9930554125     O 
            6.4050363423           -1.9585146775           -4.2864010247     H 
            5.0098072317            0.6849799593           -4.4860352945     H 
           -4.1237556604          -11.7198457504            2.5534352138     O 
           -2.8041221688          -10.9326028838            1.5721517669     H 
           -3.7685651702          -13.5167692582            2.5064797709     H 
           10.1950769706            1.6072916019            2.8484651298     O 
           11.4780322709            2.9150293149            3.0036701203     H 
            8.6602200276            2.2235678196            3.6434416556     H 
            2.3665232469           -4.6892318544           -2.4725881641     O 
            2.2099672841           -4.4833497783           -0.6393999296     H 
            3.1232879081           -3.1968215838           -3.2455004663     H 
            5.1605522709           -8.9344185772            2.0207593478     O 
            6.7117527312           -8.0388261633            2.4199031532     H 
            5.1325563769           -9.1615803992            0.1902251259     H 
            1.0913920929            4.3743231633            3.0584163751     O 
            2.8219251695            3.9165176782            3.4778223940     H 
            0.0906804837            2.8981802238            3.4645666240     H 
            0.0624367580            6.4294026860            7.6481188767     O 
           -0.9770779746            5.1717587241            8.5131132725     H 
            0.2135991575            5.8765198359            5.8952433791     H 
           -1.4378613575            0.4189350085            5.1047817909     O 
           -2.5588582478           -0.8323222385            5.8975804697     H 
            0.2505840194           -0.2649253139            5.4065658617     H 
            1.1245624931           -5.3081957989           -7.7939656194     O 
            0.3396195303           -5.2471057687           -9.4595606518     H 
            2.7774834225           -4.5466324982           -7.9684019366     H 
           -5.7130341651            3.0040404951            4.2850000181     O 
           -6.6406199014            1.6926665390            3.3957918626     H 
           -4.0256130418            2.3421478725            4.5737175456     H 
            8.7944666220            1.6012252654           -1.9988340996     O 
            9.5116518193            1.3920213253           -0.3119945519     H 
            9.3985382229            3.2213309077           -2.6312104439     H 
            2.7135473066           -0.1094702042           -9.3849747678     O 
            1.0752915575           -0.6508023553           -8.6967654398     H 
            3.9274036728           -0.6596598319           -8.1114417980     H 
           -3.9565232119            1.7879079796          -10.5323583345     O 
           -4.1305301970            3.6241159331          -10.3917749550     H 
           -3.1118161697            1.1188640387           -9.0200090091     H 
          -13.7532034836           -1.9777195638           -0.1446988147     O 
          -13.7890201729           -0.7432296514            1.2091555102     H 
          -12.4510223707           -3.2229824900            0.2674036885     H 
           -9.8206465523           -4.8924179911            0.7595650395     O 
           -9.2502724837           -6.5565964957            1.3297974367     H 
           -9.0907975930           -3.6643167019            1.9421326047     H 
          -10.6335943445            5.1898563999            2.3770055964     O 
           -9.6658698892            4.0259620051            1.2932300358     H 
           -9.9734540486            5.0064958797            4.0765693070     H 
           -2.6382653548            5.9230608687           -5.7281688850     O 
           -4.3063940098            5.6650330390           -6.4187573279     H 
           -1.4588909642            5.3805707794           -7.0278030451     H 
            9.9967733001            0.7793703547           -6.8976947250     O 
            8.6085480623            1.6616334294           -7.7405558965     H 
            9.6057110602            0.7496719515           -5.1030324686     H 
           -4.7562617455           -7.3584838421           -0.3781317999     O 
           -3.3011027828           -7.5312288071           -1.5002883212     H 
           -5.2062998346           -5.5368063953           -0.5349674950     H 
           -8.4516366427           -5.6224980113           -3.9460345051     O 
           -9.0212190042           -7.3643769817           -4.2441960337     H 
           -8.8859199492           -5.2000548211           -2.1933840341     H 
           -4.5679398075           -2.9234095055            7.0343488605     O 
           -4.2281378077           -3.2417969272            8.8196263800     H 
           -3.9505667411           -4.4276135503            6.1239205167     H 
          -11.5412556877            0.6876762647           -3.6414850294     O 
          -12.4648181003           -0.3751191805           -2.4229793056     H 
          -10.9024380018           -0.4033225320           -4.9559654132     H 
            4.4502030040           -6.3866922211          -13.7701074271     O 
            5.8869393836           -6.0120533014          -14.8129337342     H 
            4.7071456495           -8.1424450824          -13.1592676514     H 
           10.5477089796           -9.1956627475           -1.7950043447     O 
           11.4687768346           -8.4420334269           -3.2148161886     H 
            9.4859521380          -10.5572012747           -2.4466025694     H 
          -14.2683308028           -7.5873720392           -1.1389783148     O 
          -14.2619732371           -6.7520053169            0.5063418661     H 
          -13.1194277868           -8.9907105594           -1.0398757507     H 
            8.8131967842            7.7158720443            5.1394528455     O 
            8.7184032188            9.3272755658            6.0286517850     H 
            9.5921775490            8.0603156797            3.5077281191     H 
          -18.5434363757           -7.7140022360           -4.8846706338     O 
          -19.8401449044           -7.1585161700           -6.0610538811     H 
          -18.3492074036           -6.3162004231           -3.7054574414     H 
           -9.1335733582           -3.2614439515            9.8402779965     O 
           -9.7523134722           -3.9321240287            8.2493900713     H 
           -8.3193221322           -4.7218704061           10.6112561005     H 
            7.1287508898            9.0471250463           -4.0659987324     O 
            6.0406248296            9.7756328902           -2.7778363449     H 
            6.3390859044            9.5220291907           -5.6519326624     H 
            8.7370548126           -2.7042469854            6.1453142637     O 
           10.5332062591           -3.1026442433            6.3248356381     H 
            8.5815060874           -1.0240136861            6.8484305371     H 
           12.5607340493           -2.8990763235            1.7633212875     O 
           14.3562920540           -2.6241959692            1.9798650717     H 
           11.7126818046           -1.3618681300            2.2729898787     H 
           -8.6158345772           -9.4467190185            2.5351699854     O 
           -6.9105562348          -10.1764848918            2.5229864817     H 
           -9.7074771389          -10.6094876613            1.6493042592     H 
           -1.0885767652            9.1386558721            2.9442992322     O 
           -2.3407750669            8.8429532460            4.2721536844     H 
           -1.3046682346           10.8736576281            2.3982805081     H 
            1.5024664590           -5.2385198669            2.5145593344     O 
            2.7979809301           -6.5455918864            2.5497957760     H 
            2.1673711882           -3.8751252416            3.5506404206     H 
           -7.9935456250            2.2244263697           -0.4949058586     O 
           -6.6759521847            3.2221449913           -1.2409988177     H 
           -9.0945410090            1.5998079069           -1.8438878473     H 
           12.8377858914           -1.8054339750           -3.3466881088     O 
           13.9106036353           -2.9448490290           -2.3763304997     H 
           13.2239344695           -0.1209767729           -2.7030166682     H 
           10.6613150686          -13.4848919908           -7.5161652309     O 
           12.3906760699          -13.1668355534           -6.9539278657     H 
           10.3487380582          -12.2538562997           -8.8185992505     H 
            9.5304035253            7.4213950008           -8.8158835484     O 
           10.3763868549            7.2299938142          -10.4585676240     H 
            8.6340338111            9.0291785603           -8.8591580562     H 
           -6.5126571879            0.1806882354           -5.6300537353     O 
           -6.7802394659            1.9591903172           -6.0102294403     H 
           -7.3507087926           -0.7518298568           -6.9442014642     H 
           -8.5362981359            0.1430619572          -11.2865130061     O 
           -8.0084559299           -1.6133828113          -11.6052360258     H 
           -6.8975867871            0.9363545030          -10.8512635666     H 
           14.6287611457           -3.4573341029          -12.0420264631     O 
           15.2857398334           -5.1493659896          -12.1493356209     H 
           15.3783815291           -2.7180405566          -10.5202087828     H 
           14.2702361944            2.9926399207           -8.4039615610     O 
           12.7827717601            2.4159958958           -7.4716903502     H 
           14.3331178288            4.8314896356           -8.3556945185     H 
            8.3923150524           -4.0180743795           -2.9014636069     O 
           10.0431362393           -3.1907978980           -2.9633865115     H 
            8.4745701452           -5.5094803770           -3.9674252469     H 
          -18.4061010981           -3.8383011619           -1.2684189071     O 
          -19.1689899330           -4.4020625828            0.2977206335     H 
          -16.7276967714           -3.1949087296           -0.8674644857     H 
           -5.2044281925           11.6974845529            0.9305724998     O 
           -4.2115615331           11.1974146595           -0.5282569378     H 
           -5.4031746668           13.4971706456            0.8382247786     H 
           -5.3094852884            6.5543407037          -10.9228448345     O 
           -6.7970709592            6.0125204592          -11.8762491720     H 
           -4.0904759830            7.1064394999          -12.2018879332     H 
            7.8341554002           -7.9239351440           -6.2760753678     O 
            9.1302570834           -8.4328195134           -7.4676552369     H 
            6.7862901830           -6.7404718470           -7.2412738973     H 
            0.8576655813            4.5958373555           -9.3121786894     O 
            1.6590496030            2.9480520520           -9.0476768063     H 
            0.8885202928            4.7997601505          -11.1449810657     H 
           13.4009610398           10.2910573918            4.9774910247     O 
           12.5818108074           11.1340945580            6.3588222827     H 
           14.8053955816            9.3420294532            5.6501429134     H 
            5.8286342977            3.5339588173            5.0895609101     O 
            6.6331758101            5.1888355278            5.1808411076     H 
            4.9883180872            3.3090238074            6.7121173642     H 
            4.7439188982            7.8388796333            8.5589949630     O 
            3.1046969855            6.9799012407            8.6262723245     H 
            5.8329660481            7.1738434941            9.8879881704     H 
           15.8800033454           -1.9874598451           -7.3223224745     O 
           17.1901778899           -1.0278712997           -6.4507644391     H 
           14.4590477977           -1.9335002555           -6.1291116895     H 
           -9.3197347072            6.0801299162            7.2323891221     O 
           -8.8841248883            4.6654151199            8.3160481985     H 
           -7.7051069490            6.7346497459            6.5695993229     H 
           -7.2883511236            1.6104003118            8.9996690852     O 
           -7.7956506812           -0.1278594392            9.3019650393     H 
           -6.7999444307            1.7625014471            7.2326328747     H 
          -14.5917969485           -4.3364572928           -5.2400676322     O 
          -12.9221216866           -4.0200036474           -5.9472782462     H 
          -14.4177889178           -5.4637734936           -3.8006152494     H 
          -24.6843104528            1.5945630954           -2.5694933395     O 
          -25.3014825159            0.6202726814           -1.1665282170     H 
          -24.1201074073            3.2142258738           -1.9164762052     H 
            9.8615940464           -7.0300667999            2.7066345107     O 
           10.8847944810           -5.4924711107            2.5964212162     H 
           10.0840825953           -7.8084337768            1.0572671997     H 
          -11.9812546074            2.5459502661           -8.4038099097     O 
          -10.9097728744            1.2779006970           -9.2075452925     H 
          -13.3287332447            1.6768758268           -7.5296701982     H 
           -9.2153944478            4.6388181372          -13.6568935457     O 
          -10.8880666633            5.3214616974          -13.3451009643     H 
           -9.2209714363            2.9291798159          -12.9724438597     H 
            4.5110965963           -6.1256847006           13.5129011570     O 
            5.0986840049           -7.6777374973           12.7462783263     H 
            2.7082558782           -6.4059253971           13.9317913561     H 
          -11.8044182877            3.3067509537           11.1535283801     O 
          -11.7808347898            2.2229019180            9.6559222241     H 
          -13.4990444053            3.9516785292           11.2926675264     H 
          -20.2782454513            0.6664414605            1.0313698775     O 
          -20.5099423002            2.2762898324            1.8881790913     H 
          -19.0010509444            1.0244578669           -0.2618577416     H 
           10.3965852401            8.0259191848            0.2087086361     O 
           10.3506012925            9.8152288543           -0.2531405499     H 
            8.6567901438            7.3495901572            0.0810605201     H 
           -3.1122563802           -6.7448802981            4.3012647558     O 
           -1.3244392656           -6.3986243551            4.0057805048     H 
           -3.8353002597           -7.0597091506            2.6236194276     H 
          -16.3849739335            0.1801346953           -6.3632482736     O 
          -15.6996983521           -1.4994762264           -5.9658601607     H 
          -18.1868029346           -0.0162819958           -5.9451482040     H 
           -2.5360143807           -1.0664876784          -14.4173270839     O 
           -0.8023996120           -0.7075114070          -14.8650833764     H 
           -2.9302123487            0.0450316419          -12.9821788145     H 
           -0.5442567993           -5.5697843428          -12.5789584951     O 
           -1.2131019007           -4.0375687884          -13.3388196541     H 
            1.1264816712           -5.8112147876          -13.2966158277     H 
           -1.5194767440           -0.7123590534           -7.0651399631     O 
           -2.5283381013           -2.2251284188           -6.7989645118     H 
           -0.8568805372           -0.1231910107           -5.4547135589     H 
            0.8766090028            6.5477129888           -1.7524378440     O 
           -0.6879547800            5.9773507201           -2.4959461937     H 
            0.9025669905            5.8881120016           -0.0318888890     H 
            5.2459399722           -2.7044587545            9.9227441300     O 
            4.7095876637           -3.9372514626           11.1823234844     H 
            6.7236459471           -3.3908330779            9.1031682299     H 
          -12.5498116822            5.7622177811           -3.7169853281     O 
          -12.3011592592            3.9382875615           -3.7712893988     H 
          -11.0236113880            6.4841122245           -2.9745127924     H 
           -1.4555164674           -7.5955271474           -4.0707934806     O 
           -1.0302388423           -9.3426937762           -4.4306013792     H 
            0.0640681767           -6.6066856306           -3.7486697599     H 
           -5.0596634784            8.3821289851            5.9599356798     O 
           -5.6971978592           10.1000899177            5.6846700656     H 
           -4.6930091491            8.2686910462            7.7644640242     H 
           -2.6371013987            3.0545606979           10.1628848498     O 
           -1.6967148458            1.4534561364           10.0700161878     H 
           -4.4261931176            2.6220467484            9.9800626533     H 
          -10.5266696377           -6.2684328962            5.9530783558     O 
           -9.6220219085           -7.5014973056            4.9301253809     H 
          -12.0965966580           -5.8844988959            5.0443106641     H 
          -22.7403043504            6.3908473597           -1.5390751927     O 
          -23.7837935411            7.7751498815           -2.0495182900     H 
          -21.3646658615            6.2609570878           -2.7844042068     H 
           -7.9031282444           10.4377280161           -8.7594646017     O 
           -7.0241640905            8.8583293719           -9.1363186638     H 
           -9.6839873981            9.9983380214           -8.5902942887     H 
          -23.0947507276           -6.8557246878           -2.0629277503     O 
          -23.7997745204           -5.4018698063           -1.2121427100     H 
          -23.2564362556           -6.5510193970           -3.8463684724     H 
          -14.9054001525           -5.6486117684            3.5609695982     O 
          -15.9361305594           -4.2022224468            4.0592778711     H 
          -15.7950914786           -7.1610997572            4.1488491856     H 
            6.9392002761           11.7985327508           -8.5095470792     O 
            5.3600978859           12.4071071346           -9.1622381028     H 
            7.6025429093           13.1238716658           -7.3884289642     H 
            3.3810362318           10.9907410778           -0.9683831943     O 
            3.8986902258           10.7797539091            0.7806359049     H 
            2.3287566278            9.5098064220           -1.3088151496     H 
            6.4479956455            3.6451570013           -9.0719200836     O 
            5.3911666200            3.7657497397           -7.5574418421     H 
            7.6312828658            5.0793921821           -8.8976768342     H 
            1.5753903403            4.4113984395          -14.3383820682     O 
            3.2602219115            5.1160711120          -14.5765804118     H 
            1.7941288558            2.5839309871          -14.5375947347     H 
           18.6771386036           -6.0132872244           -7.9401083901     O 
           20.1873531395           -5.0731893496           -8.3516087205     H 
           17.4705234541           -4.6791152483           -7.4400944317     H 
           19.4089231064            2.2757419829           -8.4466603200     O 
           17.5927512582            2.1434857180           -8.6694855408     H 
           19.5993743904            3.7999153582           -7.4370155660     H 
           -5.1845394585            8.7146963375           11.0508057444     O 
           -3.5861192354            9.6666810059           11.1144984626     H 
           -6.5560904435            9.9088228863           11.1206257215     H 
           17.5121770605           -1.6693134971            2.6748983983     O 
           17.1203540417           -0.1534465799            3.6332050308     H 
           19.0962086954           -1.3306169509            1.7889393061     H 
           14.9419445639           -7.3830959093            4.5726014994     O 
           14.4668782927           -5.7856882622            5.3422403839     H 
           16.4104656629           -7.0722524660            3.5172084634     H 
            5.8760267036            6.2076727182            0.3641207241     O 
            5.0927928462            7.2260366196            1.6904853714     H 
            5.3242994956            4.4873332805            0.5963661859     H 
          -10.3502528433           -2.8965790896           -7.4616052564     O 
           -9.4472434229           -3.9130414015           -6.1794392104     H 
          -10.6589376229           -4.0610213149           -8.8624341802     H 
          -17.8024489251           -1.5049010371            4.8159297803     O 
          -19.0424746617           -1.1490495967            3.4910685884     H 
          -18.7343635087           -1.4969985838            6.4075269893     H 
           -8.2958515056           -1.4262696071            4.0460132166     O 
           -9.6994033349           -0.9403320791            5.1389904460     H 
           -7.0119877946           -2.1527727055            5.1674827815     H 
            4.3652454121           15.9209177520           -2.5761314717     O 
            2.8076208441           15.9000851306           -3.5542388418     H 
            4.4065792568           14.2853308171           -1.7674540011     H 
           -6.2483922913           -0.3825568837           14.7991494336     O 
           -6.2686746838            1.3959608799           14.3055333901     H 
           -8.0177646322           -0.8394918691           14.9338910958     H 
           11.7263001959            4.3914738116            7.3545674383     O 
           10.5554901352            3.2196854294            8.1511371250     H 
           10.6967202627            5.7277874627            6.5647671347     H 
            3.2066547718           -1.3574582394            5.5238523840     O 
            4.4113630115           -0.1678437775            4.8750438598     H 
            3.7941716462           -1.9033116527            7.1934481412     H 
           18.6451891062           -0.0626444058           -3.5759043529     O 
           17.3023526954            1.0062007920           -2.9121599707     H 
           20.1710436201            0.9591808059           -3.5296266045     H 
           14.8589543621            8.0814977596           -8.9630045061     O 
           14.2635046542            8.2516064330          -10.6703157091     H 
           13.7018352684            9.0236457113           -7.8780186346     H 
           10.8500935507           -3.8339047604           -8.4182357781     O 
           11.9451892366           -3.6821292251           -9.8751862601     H 
           10.6388121508           -2.1167568977           -7.7360986538     H 
          -20.8824062640           -0.9985205113           -4.6620757666     O 
          -22.3001222027           -0.0326626465           -3.9666885506     H 
          -20.1760954732           -2.0142431009           -3.2786025208     H 
          -19.5266419872            5.5040822228            2.4259176961     O 
          -20.7987456345            6.1479766872            1.2829938025     H 
          -17.9073379869            6.1386595669            1.8111962687     H 
           -9.8055608183           15.9116192092            3.0593820779     O 
          -11.2379090759           15.3463529916            4.0478874172     H 
          -10.1533515102           15.3684064155            1.3420710809     H 
           -8.0736489453            7.8008061070           -2.4759651904     O 
           -6.7041971420            7.3054156649           -1.3038992454     H 
           -7.7934647226            9.5651281680           -2.8993461722     H 
            7.8157252330           -0.1081099759          -12.7193356045     O 
            9.4804395586            0.6748477136          -12.8553889179     H 
            6.9337776002            0.8285622876          -11.4221391080     H 
          -12.8807442345           12.4867361288            5.5929057985     O 
          -11.8326504828           11.5048662870            4.4256393623     H 
          -14.5885616808           11.8545754101            5.3895285973     H 
            1.4831104487           12.4956468231           -9.4908207110     O 
            1.7497141049           10.9957656850           -8.4070249530     H 
           -0.2552964351           12.3968121499          -10.1065331294     H 
            9.5462078892           -4.7963027054          -13.7554802436     O 
            8.7741176811           -3.1708723500          -13.3203701195     H 
           11.2902249290           -4.4260183503          -14.0942109317     H 
          -13.2737708858           -2.1016436012          -12.7511115691     O 
          -11.6646023629           -1.3151259990          -12.4374594723     H 
          -14.5263945138           -0.7705292002          -12.5625251767     H 
            0.1916773480           -0.9757531901           10.5927450671     O 
           -0.0678162612           -1.2356121988           12.3885487373     H 
            0.1153121041           -2.6436067918            9.7592473981     H 
           -9.9035280106          -10.2093242240           -5.2250476780     O 
           -8.9245347948          -10.1470372667           -6.7865938221     H 
          -11.6865687851          -10.1616217008           -5.7473023786     H 
           -6.1060958891          -11.8817260124           -2.3601030097     O 
           -5.7134654533          -10.2956340528           -1.4781931606     H 
           -7.5905908224          -11.5231591996           -3.3804611498     H 
          -16.6112583946            2.4957583036           -1.8267898309     O 
          -17.4008639347            3.9619832479           -2.6027551001     H 
          -16.0307255941            1.4890554592           -3.2474883526     H 
          -15.8931944976          -13.0966158708           -2.9645736536     O 
          -17.2991942099          -12.2060405651           -2.1964590653     H 
          -15.5678628161          -12.2601113963           -4.5524957270     H 
           21.2877268615            0.0260434158            8.1033137885     O 
           20.4959889076           -1.6185393310            7.8072296357     H 
           20.3311029745            0.7946692796            9.4593249353     H 
           -4.9622385707            3.7704188313          -16.6917691291     O 
           -6.6097954959            4.0040652450          -15.9354563567     H 
           -4.3744117423            2.1177755732          -16.1986308421     H 
           11.1337547785            5.4620999731           -4.2104720335     O 
           10.5492581361            6.2682412982           -5.7469924564     H 
           10.9712447339            6.6809556645           -2.8402338439     H 
          -24.1482061051           -2.5616111934            1.3238597305     O 
          -23.2865485482           -3.9196359386            2.2127305567     H 
          -22.7858306806           -1.3814870741            0.9254122431     H 
            3.8429644199            9.3277821904            3.7364219698     O 
            4.3937320648            8.9057624727            5.4276295705     H 
            2.0033364914            9.0960874997            3.6868693613     H 
           -0.8814810317           -0.5599896570           15.6860786297     O 
           -1.0601289434            1.2766318449           15.5228166299     H 
           -2.5618636861           -1.1694920642           16.0156013537     H 
           -0.3142866426           -6.7649369965           14.3862201760     O 
           -1.4277749807           -5.4914517861           13.6583855482     H 
           -0.5284141624           -8.2404453491           13.3223634436     H 
           10.3194453252           -6.0003376787           11.0050996092     O 
           10.2066717230           -6.9706511111            9.4100379674     H 
            9.7281850269           -7.1512416824           12.2735743512     H 
            2.5077100210            8.5479322730           -6.6789388093     O 
            1.7417252155            8.2538398521           -5.0559879971     H 
            2.0877706361            7.0759317254           -7.7159411009     H 
            3.8084554818            3.7132129262           14.4626341567     O 
            2.0799600640            4.1872984482           14.8431873652     H 
            4.0468711001            2.0006492496           15.0787466270     H 
           -7.6093265572          -15.4837947283            0.8640001341     O 
           -6.1855856064          -16.5907232346            1.1486655560     H 
           -6.9521313183          -14.1669969339           -0.2793085905     H 
           -2.6127389344           10.5640365130           -3.6192877912     O 
           -4.1502631196           11.3405891994           -4.2265032332     H 
           -2.5581507465            8.8858549065           -4.3937065584     H 
           -1.8408434438           14.0674355506            6.2697755969     O 
           -3.6784926389           13.9925466194            6.2385817949     H 
           -1.3186043886           14.3037922973            4.5425668656     H 
           22.4229840859            3.3255316627           -2.8509751912     O 
           22.6632781418            4.2845729425           -4.3689945227     H 
           21.3084864883            4.3782371238           -1.8023192559     H 
           22.1110915633           -0.9759400980            0.6176721434     O 
           22.2845231968           -2.1283718439           -0.8490166492     H 
           22.5835161566            0.6563607773           -0.0273593206     H 
          -14.4311246009            5.9994364357            6.1602555221     O 
          -12.6688175240            6.2399602853            6.6029111682     H 
          -14.4863235678            4.6776232654            4.8688750938     H 
            2.3976754283          -10.0690256250           -7.6753887724     O 
            1.9346750036           -8.2473524439           -7.6803795675     H 
            3.0751205715          -10.3761967236           -6.0018712779     H 
           -9.9446161271           10.8057668368            9.4300744248     O 
           -9.8888019003            9.0517287056            8.8765705853     H 
          -11.3175825018           11.5588211228            8.4603298902     H 
            0.2370209001          -10.9008489853           -0.0426138419     O 
            0.6333084857          -12.6990112001            0.1194107067     H 
            1.5645543546          -10.2010399198           -1.0708883405     H 
          -17.0345145799           10.5398464161           -5.2684839842     O 
          -16.7060071037           11.2297505501           -3.5981674025     H 
          -15.4151212907           10.3689278833           -6.1295350754     H 
          -14.8233193947            2.0033933361            3.0090662479     O 
          -16.1921177909            0.9697607221            3.7189345219     H 
          -15.3948865809            2.6032328339            1.3645816942     H 
           14.9894129723            6.5751617604           10.4170586744     O 
           14.0662757406            8.0012281473           11.1235029531     H 
           13.6932388459            5.6831593381            9.4173167371     H 
          -17.1444246478           -4.4646654055           -9.8257672285     O 
          -15.7657404126           -4.1087852600          -10.9645989049     H 
          -16.3804695901           -4.7389494970           -8.1798330952     H 
           10.6418166261           12.9507032908           -0.8008212488     O 
            9.8183927964           13.8007617723            0.6216116885     H 
           12.4430472092           13.1208128883           -0.5368928676     H 
           11.9577903947           10.6546095153           -5.4898170590     O 
           11.8966553648           12.4309846835           -5.8358395703     H 
           10.2522008051           10.1944264260           -4.9369186932     H 
            9.5443478680          -14.7421955080            1.5144351883     O 
            9.0532938203          -14.3968946748           -0.2195965690     H 
           11.0680929311          -13.7778931052            1.8181089849     H 
            0.8754479747          -10.3854296532            5.0868135885     O 
            2.3247566613           -9.3771374110            5.5369278402     H 
            0.7361678144          -10.3232622819            3.2591362114     H 
           -4.8370942568          -10.1405174973            7.6061858027     O 
           -4.1048633894           -8.9928731565            6.3238197968     H 
           -5.9657152724          -11.2496923936            6.6824839722     H 
          -12.1978824553            0.0563651110            7.0199215766     O 
          -13.1321808269            0.8634272355            5.6787879169     H 
          -13.1566420982           -1.4284466241            7.5419559106     H 
           13.6328126120          -11.3250868767            1.4444648241     O 
           12.5321212930          -10.5264004298            0.1653251557     H 
           13.9314172472          -10.0204954419            2.7024753654     H 
           18.9677361238           -4.3503803380            6.7741230802     O 
           18.2784783292           -3.5200015256            5.2577733486     H 
           20.4581850987           -5.2176317214            6.2032049302     H 
           15.7828551565           -6.3339508015           11.0051613652     O 
           16.6829780830           -5.6975275678            9.5415007557     H 
           13.9909412702           -6.2732812317           10.6177170228     H 
          -20.6211632184           -5.7721914870            3.1280196171     O 
          -20.1963867425           -5.9733963323            4.9144558880     H 
          -20.5344537023           -7.4290562242            2.3648268251     H 
           -7.0317814658            4.5572966943           13.5743732180     O 
           -8.6573654743            4.2986895266           12.7876596290     H 
           -6.2518040210            5.9424162268           12.6552346728     H 
           -7.3433592398           -7.8050021855           11.3537402308     O 
           -6.4205800567           -8.6573194205            9.9876425846     H 
           -9.0443173734           -8.4796809228           11.3146091782     H 
           -7.8530140934          -14.0939344984            5.7623149281     O 
           -7.7452390261          -14.4630859627            3.9357135303     H 
           -7.4295744254          -15.6328609926            6.6100048086     H 
          -17.1196109937          -10.0652309816            4.8093831742     O 
          -15.6596472381          -11.1382249551            5.1085441657     H 
          -17.8085592886          -10.5169963641            3.1743977759     H 
           10.4670828699           -8.9064745874          -10.5685176838     O 
           12.3120064706           -8.9101876107          -10.6052783313     H 
            9.9779164551           -7.5030552857          -11.6550691908     H 
           11.2882423742            9.8869001081           11.4455453205     O 
           10.0522847099            8.6177855203           11.9102901532     H 
           10.4806889699           10.9286894301           10.1843799715     H 
            8.9500253151           12.3642471249            7.3505321534     O 
            9.0383168797           13.4444478975            5.8578803224     H 
            7.3231804413           12.7519241156            8.1045326625     H 
          -19.0933499374           -6.5994911359            7.9593772911     O 
          -18.6724748418           -8.3108389038            7.4878674218     H 
          -17.4629788020           -5.7287750551            8.1795061541     H 
            7.8482380688            5.9183856115           12.1050052219     O 
            6.6490860193            5.4508277893           13.4046055915     H 
            8.3822508322            4.3367844981           11.3218579661     H 
            7.9406284437          -13.2406351613           -3.2797267424     O 
            6.1592215512          -13.5073019572           -3.5926166192     H 
            8.8301403664          -13.5392449332           -4.8787316071     H 
          -14.9861126028            7.0129915794            0.4816501518     O 
          -14.4849745966            6.5185245471           -1.2304816556     H 
          -13.5359186787            6.5285838847            1.5056627679     H 
          -12.2658096631           -8.8427723871            9.8057503858     O 
          -12.9477052791          -10.3964228652            9.1716801249     H 
          -11.5418245287           -7.9823249595            8.3094133323     H 
           -1.5215581724          -14.4465719935            6.8817296741     O 
           -3.0357509300          -13.6283761298            7.4724781252     H 
           -0.5746577935          -13.0599004175            6.0715954546     H 
            3.3801582893          -13.6642679079            8.6725484918     O 
            4.0962685205          -13.6679382406            6.9639903096     H 
            1.9034847605          -14.7217852067            8.5655572694     H 
           13.3877552930           -7.0902504301           -5.3641152568     O 
           12.4978513910           -5.8685085463           -6.4339871543     H 
           14.6847207363           -6.1917706358           -4.4135754989     H 
           13.5937005156           -2.9549343972            7.1854998733     O 
           14.3767590469           -1.4336405637            6.4709278108     H 
           13.5925365716           -2.6192014256            8.9907654486     H 
           -3.9546039665           -3.9394232439           12.0440841708     O 
           -4.8074876521           -2.5848860244           12.9775603402     H 
           -5.0193996044           -5.4184971505           12.1624449892     H 
           -3.1973467503           11.9122096605          -11.3667231727     O 
           -4.8434388112           11.7010319400          -10.6139982366     H 
           -3.0882298026           10.7597926742          -12.7751371680     H 
           18.9464913441           -7.3691080917            1.4121438712     O 
           19.2361132453           -8.9590327394            0.5764544659     H 
           20.5616346071           -6.7021728647            2.0015581590     H 
           -0.8097043339           10.8716382138           10.0433082147     O 
           -0.3615029937            9.3200382248            9.1525602338     H 
           -1.1860881193           12.1015339544            8.7169023514     H 
           -7.7040065414            5.0137685699           -6.6327981104     O 
           -9.3571110491            4.5459242763           -7.2605115530     H 
           -7.9406626978            6.0953411849           -5.1480234258     H 
            1.8877421736          -15.6217285433            0.6596798458     O 
            3.1579753384          -15.0872386680            1.9201654533     H 
            2.7338949656          -15.7753855387           -0.9467148280     H 
          -11.2832957091           13.2676108539           -1.2884215204     O 
          -10.7486645216           11.9345868666           -0.1001404652     H 
          -13.1114721447           13.1737506464           -1.2540934501     H 
          -12.7687231503          -12.5746116464            5.2293866860     O 
          -11.0757506643          -12.9934217780            5.8000103946     H 
          -12.6626186320          -12.6802602064            3.3943230996     H 
          -16.4091684102           -0.8319319621           12.2423715758     O 
          -14.8672035097           -0.8509009365           13.2550396714     H 
          -16.5293268639            0.8496180701           11.4765056941     H 
           -6.8025579569           13.1056467795            6.0640131864     O 
           -7.7649531272           14.1929982794            4.9160187993     H 
           -7.9352613200           12.6532947901            7.4451176545     H 
          -11.4463091789           -1.0119792455           13.7884457968     O 
          -10.7894289320           -1.9955688330           12.3681304726     H 
          -11.3818219111            0.7321132718           13.1886272033     H 
          -18.8512019781            6.0443016833           -4.7276671772     O 
          -18.1466000353            7.7900118166           -4.9336348011     H 
          -19.0322472578            5.3484119497           -6.3876199478     H 
          -16.9555344914            3.6706883348            9.8846052701     O 
          -18.7034478636            4.0249889555            9.4166059966     H 
          -16.0102971587            4.5181855798            8.5398948619     H 
           -0.3311064723           13.9902687687            1.1012011463     O 
           -1.5121309294           14.9717778513            0.0880100082     H 
            0.8251088333           13.1743668454           -0.0749768287     H 
           19.0189749482            6.7792174773           -5.9158807053     O 
           18.0311281847            7.4289294396           -7.3059448639     H 
           18.0188225407            7.2019817951           -4.4348925623     H 
          -11.2665459200           -6.8154501546          -10.5094762182     O 
          -11.4472013937           -6.1397968798          -12.1813710092     H 
           -9.6372525907           -7.6703848601          -10.4214732789     H 
          -16.1181444076           11.8044336569           -0.2903881782     O 
          -17.0641938327           12.3625035290            1.1507176028     H 
          -15.6461672006           10.0471573134            0.1278358133     H 
          -18.9460293976           -9.7460051006           -0.0724109360     O 
          -20.3455894520           -9.1173965000           -1.0797001077     H 
          -17.4664000870           -8.8098629149           -0.6708888577     H 
          -20.6489739223           -1.8669595075            9.0818857760     O 
          -20.6786711886           -3.6942024684            9.0659415083     H 
          -19.6421348417           -1.3780250434           10.5214715445     H 
          -21.1452533801            5.0546803151            7.3208915387     O 
          -20.4320724046            5.3831480077            5.6593693637     H 
          -22.3623283308            3.7269823792            7.0216867488     H 
          -14.5086275289           -9.7222807138           -7.0583043890     O 
          -15.9638342296           -8.8338497474           -6.3013488684     H 
          -13.9992861018           -8.7523602435           -8.5150848706     H 
          -17.1039759526            1.1496318137          -11.3272021889     O 
          -16.8250782938            0.7715950976           -9.5297843777     H 
          -18.4479282101            0.0488680222          -11.8380549935     H 
            8.4745765296            1.3708787581            9.6518444863     O 
            8.8849565055            0.2820101304           11.0916577848     H 
            6.6082612163            1.4298412356            9.5942726810     H 
            9.2403998993           -1.5902746029           13.6370860229     O 
            9.1713914440           -3.2210529402           12.7936959886     H 
            7.6998232636           -1.4124638906           14.6005562405     H 
            2.6604925741           -0.5278699304          -14.3130425330     O 
            2.7112032853           -0.5695354177          -12.4447878607     H 
            4.4052464934           -0.6713156174          -14.7984041028     H 
            5.8580723376           -4.4233498975           -9.2731278876     O 
            5.4149465890           -4.9582821463          -10.9817380223     H 
            7.6304646067           -3.9318608388           -9.2736134952     H 
           -4.4427773257           -5.0264551973           -6.9843459371     O 
           -5.7164569507           -4.9145511376           -5.6578575036     H 
           -3.0634821973           -6.0063255840           -6.1997660032     H 
           17.4999424624            2.1612759862           10.8647147372     O 
           16.3626415903            0.9284154497           11.6182422659     H 
           16.7843345358            3.8192065564           11.1918901687     H 
           16.7662983056           -4.7057590761           -2.3470147967     O 
           17.8343488713           -3.2569347986           -2.7149785560     H 
           17.5360605717           -5.6016481836           -0.9413324231     H 
            4.2413972447           -1.4070682688           15.8164433385     O 
            2.4450253775           -1.2715967555           16.1596915007     H 
            4.4268035843           -3.1209471044           15.2018313569     H 
           10.1980697347           -9.2459698761            7.2501104475     O 
           11.8088013455          -10.1163067364            7.4988490286     H 
           10.2005919568           -8.5605184945            5.5297345755     H 
            4.0155770641           12.7839628615            8.8449447142     O 
            4.1693596656           10.9301874500            8.8180910463     H 
            2.4951139862           13.1037840689            9.7903046529     H 
           14.2292668281           -1.5328708448           12.1986017334     O 
           12.6505597569           -1.4433943392           13.1146124469     H 
           15.0028433045           -3.1580177648           12.5522937641     H 
           -1.3777299467            4.4038883014           14.7397296025     O 
           -1.8793709008            4.0751908410           12.9558227683     H 
           -2.8253527697            5.1815580004           15.4984207022     H 
            6.4002748236          -10.0678073544           10.5638931467     O 
            5.2933414233          -11.4976239446           10.2456395910     H 
            7.8657656990          -10.3306837699            9.4893912805     H 
           15.6573889486            1.4882269248            6.1457422501     O 
           16.5635145560            1.6975777196            7.7414382782     H 
           14.2058912514            2.6154720951            6.2557065954     H 
           17.3780024140            7.0199112713            5.9993323456     O 
           18.5180489802            5.6038435631            5.6495450674     H 
           16.8469828900            6.8467779135            7.7649040386     H 
           -0.4229180188          -10.0150184537           10.4227451353     O 
            0.8541995563          -11.0938323964            9.6816238922     H 
           -1.9697926579          -10.2797260678            9.4756071810     H 
           20.5241586477            3.2885205105            4.4791140050     O 
           20.7719010993            1.9558508523            5.7835729854     H 
           22.1802583544            3.9180486040            4.1166827730     H 
           14.9338037538          -10.8469820281            8.2690212006     O 
           15.3623164835           -9.7686628135            6.8349915597     H 
           15.5171052906           -9.9332523514            9.7364565250     H 
            4.7964510614           -6.9907738435            6.7457425980     O 
            5.4199655730           -7.9881872343            8.1590122028     H 
            6.1879522227           -6.0455556951            6.0593048481     H 
           20.6700020881           -8.6472183824           -3.9812224497     O 
           19.7781582973           -7.9544777939           -5.4357767078     H 
           19.5632220168           -9.8914610703           -3.2447159050     H 
           17.6364532537          -12.1010864318           -1.2819515500     O 
           18.2508679354          -13.7484230428           -0.8645171489     H 
           16.1160997797          -11.8165229766           -0.1933467566     H 
            2.9172540377          -14.5634146477           -4.4229169753     O 
            3.1679613782          -15.4293989997           -5.9910635431     H 
            1.2240900352          -13.8324281106           -4.5139431269     H 
            4.3646113612           -9.1229390322           -2.9362139206     O 
            3.7514477196           -7.3553500432           -2.8462421945     H 
            5.9023725534           -9.0240527006           -3.9404922322     H 
          -17.3728910859           10.0178426556            4.9010160527     O 
          -18.8582122937            9.8665610746            5.9230228183     H 
          -16.3876983028            8.4906877510            5.2475919988     H 
           19.8767609065           10.2822731345            2.6319274802     O 
           20.0305318171            8.8765264811            1.4599936879     H 
           19.2085982041            9.5261609747            4.1565761420     H 
           -1.8515585184          -12.6090720523           -5.0805657809     O 
           -2.4078985887          -12.4748759251           -6.8033371564     H 
           -3.3661001378          -12.5498671194           -4.0108126700     H 
            8.5521000190           15.2832543008            3.1446714179     O 
            8.9390162291           17.0489108736            3.1105814857     H 
            6.6754561993           15.1878468529            3.3401910160     H 
            3.8208105806           15.1685279562            4.1995844838     O 
            2.3437391053           14.8750553726            3.1665381126     H 
            3.5883918149           14.2888606948            5.7983749814     H 
          -21.8973973507           -5.0400652360           -7.6749738454     O 
          -20.5998723605           -4.9184806736           -8.9563273195     H 
          -21.7471689619           -3.4738380321           -6.7079411252     H 
          -14.7793242875           -4.1003423446            8.8878747437     O 
          -13.8541956032           -5.4444851281            9.7107596948     H 
          -15.4407313075           -2.9802995573           10.2257339117     H 
           23.1173749048           -5.1600329306            3.3616583369     O 
           24.7192616334           -5.7181276748            2.7347785075     H 
           22.8726443886           -3.4574461860            2.6856374299     H 
            8.6482509373           15.0949794266           -5.0809724103     O 
            9.4351224824           14.3565903505           -3.5900793020     H 
            7.0581179250           15.7680404878           -4.4113882968     H 
           15.5560258999           12.2775506213            0.8584966735     O 
           17.3292204892           12.0700140924            1.3336882845     H 
           14.6294884279           11.6808699119            2.3436630285     H 
           -6.2955168351           -4.2258842846          -11.8982671740     O 
           -5.0887077831           -3.6984765396          -13.1520888849     H 
           -5.3649632728           -4.4297676412          -10.3299142197     H 
          -23.7420291684            0.7489736454            5.6423123080     O 
          -22.9735231898           -0.2847884140            6.9360193531     H 
          -24.3094090910           -0.3836012420            4.3249455715     H 
           -7.2995039091           12.6366553967           -4.3041149966     O 
           -7.6457620945           12.1143014433           -6.0492829652     H 
           -8.8959023581           13.1385312955           -3.5268279162     H 
            3.2014877200           10.1757164526          -13.7019155256     O 
            1.7223331055           10.0224267538          -14.7362682420     H 
            2.7023751391           11.1773106212          -12.2316710389     H 
           14.6805693580            2.6693757035           -1.9045906835     O 
           13.8058114474            3.8346418845           -3.0239775107     H 
           14.5222682065            3.3834126822           -0.2150396051     H 
           -9.8084298702           10.0858341987            2.2655616039     O 
           -8.0213846073           10.5006763594            2.0802525675     H 
           -9.9625862753            8.2457418826            2.1367433041     H 
           -3.8572575925           16.1341046945           -2.0705738799     O 
           -2.5685398033           16.3425801840           -3.3520703781     H 
           -5.2239322757           15.2444647338           -2.8992325745     H 
            0.2143182957           -5.3347296069            8.2961335765     O 
            1.8653325935           -5.6429468063            7.5614311802     H 
           -0.2017821253           -6.8807422870            9.1869286672     H 
           13.9403157887            5.1442753239            2.4199061462     O 
           12.9487643976            6.5043656899            1.6766525893     H 
           15.0563499044            5.8837839466            3.6730698398     H 
           -2.8029689715          -16.7683090880            2.5766213852     O 
           -1.2217375503          -16.7245531836            1.6530757414     H 
           -2.3163640212          -16.3469624156            4.3124843634     H 
            3.6232669675            2.4772185245            9.5700955153     O 
            3.6153920516            3.2052296291           11.2645522869     H 
            2.4667922323            1.0306508662            9.7041104147     H 
           15.4422932645            8.3013176156           -2.3082458043     O 
           15.5941744536            9.7516230790           -1.1685820617     H 
           14.2751406077            8.8814910883           -3.5938731205     H 
           15.6179040583           -8.9522513862          -10.6988882943     O 
           16.7847124000           -7.9088188461           -9.7087416309     H 
           15.7700795558          -10.5972442336           -9.9368417719     H 
           -2.2794642891            7.7057880860          -14.8073917657     O 
           -3.3425558697            6.6527834108          -15.8865731003     H 
           -0.7618967754            6.6759756780          -14.6292637802     H 
            6.3255975170            6.1776476223          -13.7541864237     O 
            6.1563181770            5.3411307878          -12.1266229029     H 
            5.5152477340            7.8278471399          -13.6104860043     H 
            5.2259888960          -13.6383972951            3.8596230029     O 
            5.1331379175          -11.8585175068            3.3286250433     H 
            6.8831310692          -14.2232579888            3.2796505324     H 
          -12.7568485637            8.8942382154           -7.7454371581     O 
          -13.3541337689            8.0508665747           -9.2580959679     H 
          -12.6956084341            7.6120173448           -6.4100710938     H 
           -4.4317596213            6.1577931967            0.4357390987     O 
           -3.1410574871            7.3229337920            1.0398637332     H 
           -5.0361456271            5.3009516611            1.9512982054     H 
            0.0783725820           14.7156512355           -5.1001783773     O 
            0.6595469601           14.3819690667           -6.8115776152     H 
           -0.5975113538           13.1058993948           -4.5003294877     H 
           22.8010492894           -4.0651381851           -3.1609259685     O 
           22.4780611302           -3.2779004973           -4.7857344826     H 
           22.1044125150           -5.7657242344           -3.2705508967     H 
           19.1998157723            5.7597309605            0.1315030699     O 
           17.5643639387            6.1668429530           -0.5918293541     H 
           18.9535556420            4.6187256582            1.5376459667     H 
           15.2653747567          -11.7489143014           -6.0873246400     O 
           16.1004603588          -12.1163456587           -4.5038465175     H 
           14.6353829509          -10.0184531064           -5.9145853705     H 
           22.0455331518           -2.0037663706           -7.9790708510     O 
           23.6460195899           -1.5972828710           -8.7113808246     H 
           21.0256951317           -0.4461210174           -8.0809563136     H 
          -13.9719655952            5.6475833778          -11.7031714577     O 
          -13.2850844968            4.4402789243          -10.4549205096     H 
          -15.4724820503            4.8421926231          -12.3290728073     H 
          -12.0117730743          -12.5858812304            0.0948362670     O 
          -13.4526090282          -12.9089773888           -1.0551868809     H 
          -10.9065596900          -14.0266275342           -0.0542982973     H 
           12.6651072108            1.5413061931          -12.8640068143     O 
           13.5976415449            0.0457359137          -13.3021677373     H 
           13.3074270947            2.0341860189          -11.1719913683     H 
           -2.0014330089          -10.3298172463          -10.4715909656     O 
           -0.4176102811          -10.5623096877           -9.5764009015     H 
           -1.7322312642           -8.8223345820          -11.4709476647     H 
            5.4844562631          -10.7268412048          -11.6327602671     O 
            4.4369521776          -10.6314023038          -10.1061953233     H 
            7.2115899561          -10.4467612622          -11.1239426105     H 
           11.4513705336            6.6317504382          -13.3656276934     O 
            9.7301301318            6.5885933583          -14.0271861181     H 
           12.0674252089            4.9139387624          -13.5253696529     H 
           -0.1333121009           -0.0860089220           -2.1382016300     O 
            1.4359092549            0.2211349423           -1.2291625641     H 
           -1.2225439798           -1.0232712323           -1.0270705069     H 
           -5.0146758334           -2.2899038319           -0.4441318584     O 
           -5.2631014628           -1.8104378219           -2.1824293984     H 
           -6.0620896528           -1.1754045959            0.5451500252     H 
          -16.5904132966           -3.2611292081            4.3387544877     H 
$end
$set
 chrg  1
 ewin_conf 50.0 
$end
