$coord
           -0.8567247391           -4.4535007256           -2.0159919720     O 
           -0.8685252668           -4.9469231580           -0.2198474475     H 
            0.7632724316           -3.5990944630           -2.2176460166     H 
           -0.3111448848           -5.0074939592            2.8569371337     O 
            1.2906813197           -4.1249026889            2.9305800875     H 
           -0.2020363751           -6.4242242550            4.0251541731     H 
            4.4844462865            6.1103209467            1.4709742947     O 
            3.1876043689            7.3260597109            0.9468990402     H 
            5.8988276036            6.3278330501            0.3504100815     H 
            4.0245674517           -2.8666046489           -2.4296200031     O 
            4.4312243094           -3.2904837003           -4.1584206733     H 
            4.9887579502           -1.3396983718           -2.0476777506     H 
          -10.5437158845           -2.3202949435            5.3318921027     O 
           -9.3125508335           -1.3304637229            4.4171707373     H 
          -11.1115923770           -1.3154983453            6.7538429782     H 
            6.2182170182           -7.6138053988           -3.8481656069     O 
            4.4223545492           -7.4343673645           -4.1932314081     H 
            6.6135371970           -9.3278766149           -4.3616080623     H 
           -5.4018869086           -4.7338828961            4.6428240320     O 
           -4.4823295557           -5.9658392607            3.6275922994     H 
           -4.1557379673           -3.9300093203            5.7209184949     H 
            8.0121073012           -3.4740034948            7.0638445360     O 
            8.4761058283           -3.2882193226            5.3005471526     H 
            8.0294111474           -1.7976754587            7.7943829669     H 
           -3.7394599953           -8.3628677258            1.2300333667     O 
           -4.2691890972           -7.4602452507           -0.2848701225     H 
           -2.0662354478           -9.0643768149            0.9121767011     H 
           -0.0263926447            6.4084379159            5.6607148057     O 
           -1.2618768975            7.7653760938            5.7291657211     H 
            1.5616368028            7.1928418251            6.1480200411     H 
           -4.2148704827           -0.7978030462           -2.7790679928     O 
           -3.2329555278           -2.3545950614           -2.4957359114     H 
           -5.2255821078           -1.0881109574           -4.2678663507     H 
            4.7699125501            8.1701101344            6.1528364700     O 
            5.0131824527            7.3378046729            4.5177351837     H 
            6.1471702274            7.6024448626            7.2446075733     H 
            1.0649806373            9.6208402587            0.1427999981     O 
            0.8633063668           11.2722278255            0.9146546828     H 
           -0.5974781105            8.8134601511            0.2293250356     H 
          -10.3762878205            3.4208874336            5.2461446333     O 
           -9.0654932748            3.9427279874            4.0330148586     H 
          -11.8427831997            3.0146172921            4.2086705090     H 
           -2.8903583744            4.7594831617           -4.1087168627     O 
           -3.0055849943            6.5217376334           -4.6562150749     H 
           -3.0213341582            3.7622949962           -5.6499377407     H 
           -2.9708302503           13.4839321421           -3.2064220244     O 
           -2.9008920389           11.9351527915           -4.2052089708     H 
           -1.3601348593           14.2966568070           -3.4627243119     H 
           -6.9735990211            8.4448545733           -3.0724409375     O 
           -6.9695749952            7.6634356786           -4.7544779838     H 
           -8.3654660573            7.6673377189           -2.1313999165     H 
           -0.3042849783           -3.1117916943           -8.0896629689     O 
           -1.9219170939           -3.6842588419           -7.3513083831     H 
           -0.7061426271           -2.7709492439           -9.8550242888     H 
            7.6869810581            2.4885586342            4.2645477026     O 
            8.0790165381            4.2384300960            3.8707445615     H 
            5.8910453195            2.4292802283            4.7935708940     H 
            8.7229527907           -1.9018735947            2.1087911848     O 
            8.5095498093           -0.1653894368            2.6981230805     H 
           10.0433956930           -1.8859672001            0.8468695182     H 
           -8.4725237392           13.1095080737           -3.4935072170     O 
           -7.0620863181           14.2080240389           -3.8073855214     H 
           -7.7301845881           11.3906486335           -3.4356970016     H 
            0.2680569876            0.4788874189           -4.6037236604     O 
            0.2847298357           -0.9341620791           -5.7894004257     H 
           -1.4661411641            0.5032855286           -3.9673485127     H 
           12.9779973376            4.6367390052            6.1399876365     O 
           14.6130014298            5.4420925041            6.1604321977     H 
           13.2046597250            2.9513768099            5.4555633989     H 
           18.7329112972           -1.9569377879            2.4517223359     O 
           20.0645746680           -0.7572900580            2.1908630050     H 
           18.9731115713           -3.2822272142            1.1843338691     H 
           -7.7667164944            3.3111635003           -2.9421199193     O 
           -6.0108811830            3.7387219732           -3.2811645395     H 
           -8.1472722241            1.9339480638           -4.0989791383     H 
            6.4576956718            1.4724448673           -1.6674082218     O 
            8.0171134901            1.8621484425           -0.7974713484     H 
            6.4828862041            2.4602468456           -3.2123262782     H 
           -6.8662868514           -4.1101513096           10.2466073863     O 
           -6.9717261397           -2.5612260825            9.2517473398     H 
           -8.5976819594           -4.6735028478           10.4860334354     H 
           -3.8899317663            2.5242292940           -8.5280338053     O 
           -3.0393112648            3.3443890267           -9.9579168838     H 
           -4.8626732676            1.1261877230           -9.2057926884     H 
          -11.9718087278            6.0627334699           -7.4866435750     O 
          -12.0793904931            4.7286800085           -6.2047235573     H 
          -13.3351419326            5.7068830545           -8.6425679779     H 
           10.2714963727           -6.0390834292           10.7149580022     O 
            9.4533766818           -5.0499416201            9.3607537310     H 
            9.0000540344           -6.1329037058           12.0394650216     H 
            6.1305529285           -8.5037852207           -9.6575512345     O 
            7.6182427180           -7.4759468920          -10.0235345315     H 
            5.0874760567           -8.5178319599          -11.1422863906     H 
          -17.8566227621           -8.9023355478           -2.1515786427     O 
          -16.9655934773          -10.4907141410           -2.0546355705     H 
          -17.4419212789           -8.0711252033           -0.5520617579     H 
           -6.9290737448            4.3991647472            1.8772410884     O 
           -7.3942766422            3.8448941202            0.1770996409     H 
           -5.8194911021            5.8597390678            1.7101006168     H 
            1.3777742590           -7.6600204865           -5.2811220136     O 
            0.1917187205           -6.7729111236           -4.1786782285     H 
            0.5881020394           -7.8472456369           -6.9372907286     H 
            3.2204590921            2.3878957622            6.2675664221     O 
            3.2886875532            3.0314354882            7.9960768993     H 
            2.0588231057            3.4917443163            5.4088843200     H 
            7.1468968370          -12.1551723593           -5.9867159035     O 
            8.9300922039          -12.0674494359           -5.6220106115     H 
            6.8479539614          -11.2382626483           -7.5492080771     H 
            8.9680174938            1.3729747682            8.8807358445     O 
           10.7775943139            1.1592548234            9.1228958410     H 
            8.7118435014            1.7924920706            7.0702235822     H 
          -13.1019752871           -6.5950869140           -1.9065556885     O 
          -12.0232458175           -6.2420533411           -0.4520212633     H 
          -13.3112012744           -8.4220823841           -1.8841639202     H 
           11.2287101804            2.6030798914            0.0093463434     O 
           12.0273898782            4.2607899119            0.1678418421     H 
           12.0516700674            1.5725664434            1.2861219840     H 
           -2.7150876444            9.3189568894           -6.3059082630     O 
           -1.2355929249            8.9163574495           -7.3627924962     H 
           -4.1813605052            9.0356995924           -7.3520510681     H 
            4.5966666310           -6.7580860326            1.0591070028     O 
            4.3536465085           -5.3071101211           -0.0490656140     H 
            3.1935683688           -7.9114929092            0.6703335438     H 
            4.9929220464           -0.6324117176           11.6196539305     O 
            6.2906346365            0.4665286789           10.9545305947     H 
            3.6466969934            0.4007376305           12.2994750948     H 
            5.6492638187           -5.6756891502           13.0106348538     O 
            5.5555104789           -3.8750290967           12.6675433447     H 
            5.2321258037           -6.5195305664           11.4231692881     H 
           -2.1469824164           -2.3011440397            8.2027047716     O 
           -2.4247119443           -2.8653883551            9.9052090642     H 
           -2.1616109861           -0.4511772979            8.2523149311     H 
            2.0285119344            5.8862546939           -3.3012035755     O 
            2.0053173309            7.6988520935           -3.5126098597     H 
            0.3039768086            5.2928817261           -3.5341559418     H 
            2.1948766570           15.0719256918           -3.1780034686     O 
            2.0189074616           15.0077918280           -1.3496289495     H 
            3.7472684527           15.9606380044           -3.5077373516     H 
           -7.9235079096          -10.7877214588            2.0167535737     O 
           -6.1920042586          -10.0864585360            1.8351230726     H 
           -7.8979350794          -11.8226333734            3.5028277016     H 
          -11.1577671147           -1.4970403227           -1.8426914664     O 
          -10.9297478544           -2.8931755677           -3.0039746906     H 
           -9.6646910007           -1.4212124714           -0.7308953882     H 
           16.9207932864            5.0510898210           -4.4755018116     O 
           15.9606685293            5.0643943447           -6.0245123335     H 
           16.2296167152            3.6619407329           -3.4544759376     H 
           -1.5871881541            5.0226871497          -12.2560862385     O 
           -0.6596131962            6.3685493863          -11.4410702871     H 
           -0.3421220918            3.9215620994          -12.9998721515     H 
          -19.1527862779           -0.3803203229            0.9761998484     O 
          -17.9171230092           -1.1746263878           -0.1455585728     H 
          -20.1427993567            0.7661330797           -0.0597495359     H 
            3.1186496600            4.8284923324           10.7411713272     O 
            4.4824583466            6.0058240743           10.9305708012     H 
            1.5662068353            5.8179776882           10.8577420375     H 
          -13.1800392713            2.4682780322           -4.1365823204     O 
          -14.3960475624            1.5671899010           -5.1722597587     H 
          -12.2495530800            1.1238233017           -3.2434335039     H 
           -7.1277553455            0.5946863363            8.2020816809     O 
           -8.4277709944            1.6378377038            7.4357071279     H 
           -5.7023678380            0.7008050949            7.0382148660     H 
           14.9868065344           -4.0965295347           10.3145512727     O 
           15.7343901252           -4.8297019205            8.7956171476     H 
           13.3950447325           -4.9818468095           10.6159131161     H 
           15.9584930556            1.0075875677           -1.5305756120     O 
           17.4072071547            0.1160502430           -2.2543851433     H 
           16.4989985450            1.7255835595            0.0769089838     H 
          -16.3845518470            4.0078339555            7.1038976450     O 
          -15.6317731488            5.6141010453            7.5161817089     H 
          -15.8927593637            3.6670747524            5.3345400073     H 
            2.0752291633            1.1823957991          -12.7043660992     O 
            2.1568954906            1.7556796484          -10.9295333883     H 
            3.3072120204           -0.1844482817          -12.8418514369     H 
           -3.2301897540           -7.8203192620           10.2247954290     O 
           -1.9643420411           -7.0223635464           11.2863259132     H 
           -4.5996400955           -6.6091890281           10.0395299509     H 
            7.8343264425           15.2934951774           -3.1180669938     O 
            9.5601700659           15.3084798236           -2.5371390143     H 
            7.0455947774           14.0164920547           -2.0334973925     H 
          -11.2750833460            6.7190621921           -0.9427975467     O 
          -12.0543177600            7.8434211245           -2.1893451140     H 
          -11.2027699131            5.0444796148           -1.6584280536     H 
          -14.2556647914           -2.1910551859            2.0330576501     O 
          -12.9910178731           -2.3990788559            3.3811640396     H 
          -13.2782412409           -2.0721712711            0.4603991925     H 
           -9.0804327901           12.4974534526            1.5893643497     O 
          -10.7873378136           11.9325681255            1.9736278481     H 
           -9.0696147011           12.8466144477           -0.2235721550     H 
          -16.7552292801            9.6925818334           -1.1445998256     O 
          -15.6422760088           10.2502164192           -2.4861375880     H 
          -15.8416346849           10.0035689156            0.4192131727     H 
           12.5948870465           -2.8535588615           -1.3613169634     O 
           13.7591775720           -1.4212246596           -1.4450621794     H 
           13.5724006865           -4.3463011719           -0.9287907477     H 
            9.4952612952            7.2680830662            3.6135880561     O 
           11.0458766201            6.4389002579            4.1796740508     H 
            9.6044257008            7.3850200568            1.7673393226     H 
            9.0671065387           -3.6763593795           -5.1095412329     O 
            8.0635447631           -5.1160379571           -4.5080271543     H 
           10.4164431512           -3.3383069654           -3.9185488178     H 
           -1.1107242276            7.9865959616           10.8298508254     O 
           -2.7563978259            7.1962850915           10.8188961678     H 
           -1.2306194027            9.3172711787            9.5938679737     H 
           -4.1895446847           -2.6141605830           14.3018796669     O 
           -5.2681776870           -3.3558700786           12.9905889953     H 
           -3.0633249154           -3.9296289088           14.8483353897     H 
           -7.2678595000           -1.2446110666            1.2660397163     O 
           -6.0702353219           -0.8939406720           -0.0939865543     H 
           -6.5095944036           -2.5608637610            2.3169497395     H 
            9.9983728747           -5.1525555550           -9.7120439370     O 
            9.5213839896           -4.4317326113           -8.0456291007     H 
           10.3442049605           -3.7034501403          -10.8070890739     H 
           -9.8278578428           -6.0622807892            1.7336807664     O 
           -9.9224617350           -5.1692360445            3.3201329490     H 
           -9.3388074172           -7.8065574734            2.1016720688     H 
            4.5675272834           -3.9118472494           -7.7117385127     O 
            4.9413325960           -5.7087142662           -7.8363585599     H 
            2.7171451098           -3.7733107787           -7.7907195132     H 
            5.4488404534           -2.6395213895          -12.4819650376     O 
            5.3422918317           -3.0208931722          -10.6583624652     H 
            7.2004933549           -2.3788603259          -12.8982793522     H 
          -11.4681437462            0.7622772335          -10.6127180049     O 
          -12.3806102583           -0.8278515619          -10.6005945358     H 
          -12.7607065706            2.0494026620          -10.6375729089     H 
           15.2052694265           -1.9146196537           -6.5380263693     O 
           13.8504849721           -0.8932521462           -5.7909313204     H 
           14.6244107738           -3.6549358546           -6.5857048443     H 
            9.4614553458           -6.8804126572            0.0192118520     O 
            7.6411545037           -7.1171204974            0.3163220801     H 
            9.5699738016           -5.2076718514           -0.6746649248     H 
          -21.3312741891           -5.1707831869           -2.9144434668     O 
          -21.9038988176           -5.0578199974           -1.1767045920     H 
          -20.7298175711           -6.8851433491           -3.1111270762     H 
            0.0828093308            0.2929827720           12.9139836500     O 
           -1.3933295790            0.0223525077           13.9433460673     H 
           -0.4490353189            1.4134545870           11.5441310235     H 
            7.1151597982            0.7166574692           -7.3367433701     O 
            6.6346542709           -1.0434189462           -7.2034029013     H 
            7.4299338464            1.1250190893           -9.0997683181     H 
            5.3902436824           12.8712945959            4.6100923483     O 
            5.0373809579           11.1984241403            5.3622340185     H 
            7.1883121442           13.1334769332            4.8331255774     H 
           10.5774623911           -0.9727906845          -12.4880461575     O 
            9.5691630740            0.5518212844          -12.6274448452     H 
           12.2889545171           -0.3528137789          -12.1044970390     H 
            3.7231719957           -1.8226989021            2.8695462441     O 
            3.6296007128           -1.8633238681            4.7202985484     H 
            5.4634926762           -2.1428884051            2.4041208214     H 
          -16.6437854756           -3.1173807748           -2.6047107485     O 
          -15.3481678391           -4.4338931820           -2.3537341312     H 
          -18.2578035122           -3.9852401452           -2.8282595807     H 
          -15.8802859872            3.5995936246           -9.9289559480     O 
          -16.3714621934            2.2802956208           -8.7427599268     H 
          -17.2795714663            3.8450449524          -11.0469885958     H 
            3.6185994408           10.4819297866           -5.1427395641     O 
            2.9372869677           12.1091152016           -4.6345795738     H 
            5.3567375497           10.8029414389           -5.6934450636     H 
           13.6417726421           -0.2283784774            3.8207064948     O 
           12.7707883304           -1.8212986735            4.1094043346     H 
           15.3490026459           -0.6849345316            3.3664837096     H 
           21.6599560128            3.2086069050           -3.8087322365     O 
           21.3056056951            1.4305944063           -4.0656261220     H 
           20.1205563431            4.0883209762           -4.3159965252     H 
           11.8754204489           12.8263883537           -0.6136570683     O 
           13.6216451450           12.3528698261           -0.7194198532     H 
           11.3941080151           12.7146228557            1.1515138084     H 
           13.9873880677            6.6405297852            1.1300013942     O 
           15.3813798401            5.6403115928            1.7689229084     H 
           14.7278942377            7.8480680595           -0.0428155257     H 
            0.9879382992          -10.1327152146            0.2828108976     O 
            1.3091731035          -11.1430087024           -1.2229395906     H 
            1.3024823385          -11.2360468434            1.7408994466     H 
           12.1397512592           -5.2865199812            4.1400844020     O 
           11.5969854126           -6.5281129153            5.3972154593     H 
           11.3319349552           -5.8603849557            2.5818084883     H 
            2.0342375090          -12.7113259602            4.4631622071     O 
            3.8131001136          -12.3236414195            4.6429880027     H 
            1.1453344974          -11.3837311660            5.4124983335     H 
          -21.6478340078           -4.4910850869            2.2788326626     O 
          -20.8535674757           -2.8365776035            1.9226675411     H 
          -22.5969181147           -4.2874389941            3.8050001389     H 
          -15.8500064476           -4.0147467758            7.3555830063     O 
          -17.2825812158           -2.8677544088            7.0957818068     H 
          -15.9280807545           -5.1882390292            5.9611308209     H 
          -13.2525693940          -10.1739249442            3.6960277093     O 
          -14.5355601752           -8.8865683582            3.5219081290     H 
          -11.9115155562           -9.4849799285            4.7268259097     H 
           -4.8349029269           -6.6171756075          -11.4168581879     O 
           -3.9854316824           -5.2409028950          -12.2543567583     H 
           -6.6331131251           -6.3153993822          -11.5991698358     H 
           11.5208303890           -9.8092640908           -3.5682634256     O 
           12.1688974736           -8.7709440062           -4.9380329635     H 
           10.4289146762           -8.7159716663           -2.5344897884     H 
           -8.4133182605           -0.1768096069           -6.5310730021     O 
           -9.4066977776            0.4026954626           -7.9609916327     H 
           -8.8764524585           -1.9245583168           -6.2902719505     H 
           -3.2043921555          -13.5024734818           -2.1542883989     O 
           -3.1879699644          -13.5005638441           -0.3012811032     H 
           -1.5316628506          -13.9829162459           -2.6845500502     H 
           16.8802965109           -5.6004788014            5.7409585317     O 
           17.8491102290           -4.3126786055            4.8895255871     H 
           15.1784664519           -5.4832536022            4.9981484221     H 
            6.7240136122          -10.1786366553            4.2719189086     O 
            5.9868408128           -8.8381699410            3.2473753608     H 
            7.8278491162          -11.1189165882            3.1279926830     H 
           -5.5611207709          -11.5649397474            6.9923033783     O 
           -4.4904345395          -10.9881201008            8.3422462046     H 
           -6.9406081960          -10.3421155512            6.9382164375     H 
           -6.6094990338           -5.8982145134           -2.1113801857     O 
           -7.4177158380           -7.3180656956           -2.9447419513     H 
           -7.6819188617           -5.5250002067           -0.6578078334     H 
           -9.1145098196           -7.8662425972            6.6174464392     O 
           -7.8406391010           -6.5927718033            6.1904557896     H 
           -9.9953994102           -7.2750639869            8.1014449795     H 
           14.8775538134           -7.4837195355           -0.3746442145     O 
           14.8064155461           -8.4126488958            1.2355080511     H 
           13.9571033598           -8.5309583747           -1.5803824554     H 
           10.5102251197           12.0598008229            4.4711299743     O 
           11.7627669273           12.1391013514            5.7698901379     H 
           10.0718627786           10.2480395178            4.2368091618     H 
          -13.3594548435            0.3586243916            8.8946243780     O 
          -14.2593165916           -1.2061410235            8.5600307957     H 
          -14.5189500131            1.6991026992            8.3450114209     H 
           -2.8849996081           10.6301624000            6.2940198177     O 
           -2.8133099776           11.8090414889            4.9061375402     H 
           -4.6335373075           10.0557333743            6.3069793662     H 
          -21.6894352760           -0.6569746478           -5.9141993365     O 
          -21.9158596329            0.6269017573           -4.6229446660     H 
          -21.8980559983           -2.2726529226           -5.0838105122     H 
          -16.8626849831           -6.4501212435            2.4673511938     O 
          -18.6364695592           -5.9886205649            2.5937893609     H 
          -15.9409918160           -4.8738643811            2.0883254156     H 
          -16.8166764708           -0.3041875191           -6.6251014284     O 
          -16.4796297135           -1.4166790652           -5.1487213519     H 
          -18.6876237531           -0.2995734240           -6.6481013081     H 
           13.8566157172           -6.9194590081           -7.2299015865     O 
           12.4587198218           -6.3970395376           -8.3720976994     H 
           15.0883832828           -7.7589513304           -8.2509154127     H 
            0.0024768808           -8.6027998754            6.4579791815     O 
            1.5573453086           -8.1755748807            7.3657815920     H 
           -1.3643005803           -8.3872640980            7.6797070534     H 
           -3.6956743515           -9.6378019660           -5.3931915111     O 
           -3.4984566380          -10.9348128238           -4.0891990440     H 
           -2.6426786863          -10.1415520744           -6.7824278999     H 
           -3.9155849135           13.2302258005            1.8017062404     O 
           -5.7220429451           13.4591476455            1.9640184610     H 
           -3.5445183863           13.4440293018           -0.0070589290     H 
           11.5535372865            1.3185482154           -4.9613702163     O 
           11.4366514513            1.7491276658           -3.1687699103     H 
            9.8417577150            0.9632911605           -5.5754625136     H 
            2.0267002220           -6.3037744496          -13.3783008446     O 
            3.3965662143           -5.0764852530          -13.3182693757     H 
            0.5544452069           -5.3163725087          -13.7903817392     H 
           -2.9978074440          -13.7136684772            2.9404723533     O 
           -1.2958429973          -13.9874658851            3.5174078397     H 
           -3.8857180065          -12.9559741964            4.3605488399     H 
           14.8562216855            1.0281801467          -10.7979191334     O 
           14.3640213829            2.6359158521          -10.0679696595     H 
           15.2740877312           -0.0651475532           -9.3810280536     H 
           19.4403073344           -5.7569010620           -0.9100753795     O 
           17.7156431352           -6.5001467601           -0.8372995249     H 
           20.5972082531           -7.0897945747           -0.5189351409     H 
           -8.5784581488          -13.3161797272           -2.2265280396     O 
           -8.3753511160          -12.4535363366           -0.5840142413     H 
           -6.9331042980          -14.0271978811           -2.5592906114     H 
          -13.2764026523            9.6789618261            2.7099956534     O 
          -12.4938973067            8.3219500900            1.7366560615     H 
          -13.2650885382            9.1354330874            4.4517033854     H 
          -14.7036454917           -3.4166894823          -10.0946819374     O 
          -15.0373139305           -5.0561345879           -9.3681777378     H 
          -15.6255222507           -2.2579897422           -8.9935638652     H 
          -11.8054993019           -5.5108493092           10.5468746080     O 
          -11.9701555843           -4.3382378442           11.9726106392     H 
          -13.2805253055           -5.2124830823            9.5090015833     H 
          -14.6686972560            2.7530820954            2.6185984708     O 
          -15.5460875025            3.5427378992            1.1971817362     H 
          -14.8162650682            0.9157116576            2.3743159332     H 
            8.3984802934            7.0136734254           -9.3334551029     O 
            7.6252091046            6.3583055064           -7.7550821328     H 
            8.2888664296            8.8251110979           -9.2002372250     H 
           17.8161129590            6.9204736997            6.8077432014     O 
           18.2096739344            8.0245871402            8.1850696249     H 
           18.3699970927            5.2365535928            7.2811115642     H 
            6.6262560209            5.3186815741           -5.0344521609     O 
            4.8298493000            5.5579569615           -4.6399777422     H 
            7.5455134822            6.2889692586           -3.7600855821     H 
           -7.4308548030            1.2444804718           13.3565377998     O 
           -7.0871765247            1.0345150428           11.5554553246     H 
           -6.2194502011            0.1998377128           14.2274058789     H 
           22.4600200487            4.3381459776            0.9039859389     O 
           24.2389514678            4.5728327886            1.1251907754     H 
           22.2143546922            3.9420725743           -0.9299140592     H 
          -10.7560764573           -4.8721538344           -6.0921494210     O 
           -9.8945824129           -6.4609533286           -5.6956438604     H 
          -12.5353635340           -5.3365985171           -6.0360717006     H 
          -15.3042768304           -7.4662456701           -6.5958844120     O 
          -14.3892996218           -9.0061792525           -6.8715398213     H 
          -16.3001265442           -7.7579780191           -5.0701944556     H 
           -4.8412905315           -4.3619321280           -6.6877466800     O 
           -5.0896664055           -5.5934408463           -8.0133880725     H 
           -5.1243958582           -5.1936280399           -5.0807455910     H 
           -1.7483075985           -2.2040455554          -12.9175372904     O 
           -0.5101400030           -0.8475296595          -13.1476115236     H 
           -3.3820599780           -1.3788088594          -12.7514570843     H 
           -0.5562817919           -8.9270234736           -9.7693720700     O 
            0.5929547507           -8.2757283132          -11.0435702095     H 
           -2.2124631865           -8.3962563728          -10.3390950936     H 
           -5.9511964042            5.8927651602            9.2775159358     O 
           -6.2995087680            6.5845942940            7.6285378045     H 
           -7.5771395753            5.4750008857           10.0247482877     H 
          -16.8683884572            4.7590448078           -1.4625480394     O 
          -16.8573145930            6.6308790306           -1.4003440339     H 
          -15.5056357390            4.1921612773           -2.5702816618     H 
           11.0051696182           -9.3070145408            6.9984629808     O 
           10.7241400075           -8.5433519212            8.6571011944     H 
            9.3690240730           -9.7926386463            6.3137789691     H 
           10.2834624774          -12.3825290471            1.2853737980     O 
           11.9164936847          -12.2544410986            2.0700987011     H 
           10.5064369436          -11.9322569330           -0.4616718347     H 
           -6.5057326159           -0.6149679510          -11.7792621557     O 
           -7.4560498569           -2.1375561340          -11.3450443781     H 
           -7.7841469522            0.6045257589          -12.2032214610     H 
           12.3430752716            9.0487252485           -4.7759805043     O 
           12.7715857681            7.6651278725           -5.9244478387     H 
           13.8896472403            9.7493337365           -4.1237353517     H 
            2.6144819825            3.0614672048           -8.0904362585     O 
            4.3327847693            2.6157036160           -7.6005764607     H 
            1.5495636489            2.3529828922           -6.7445314377     H 
            7.2348811001            2.9130264466          -12.0286575961     O 
            5.5696006310            2.9991227276          -12.7592611780     H 
            7.6269683779            4.5836438907          -11.3575323276     H 
          -21.4393527462            2.9862323695           -2.1710940258     O 
          -19.7468415183            3.7826856789           -2.0848605632     H 
          -22.6369980940            4.2715208590           -1.7447315463     H 
           14.9574093259          -10.2307234908            3.8821641988     O 
           16.3054325088           -9.3600139891            4.7469896847     H 
           13.5367472417          -10.1337016400            5.0556400936     H 
           19.5334724277           -1.5702642770           -3.9822980540     O 
           19.7542379387           -3.2009418793           -3.1842630413     H 
           18.1761903688           -1.7759365563           -5.2295746106     H 
            1.3591759652            7.9112434251           -8.8759068458     O 
            2.3863589078            8.9751625790           -7.7688897975     H 
            1.8802668091            6.1748910208           -8.4895453465     H 
            4.5135980820           -7.4593479363            8.3551236725     O 
            4.2391946742           -5.6845652476            7.8385630586     H 
            5.5781397621           -8.2337426525            7.1018903964     H 
            5.8366349601           11.6012224344           -0.2697440073     O 
            5.6960752012           12.1002241071            1.5111755679     H 
            4.2006246820           10.9591491598           -0.7787992039     H 
          -11.8743861599           -1.4651749461           13.5870651333     O 
          -10.2515420287           -0.6284719474           13.8197585796     H 
          -12.6996583907           -0.5486955290           12.2357569012     H 
           -6.9063009166            6.6355384570           -7.8001942232     O 
           -6.0486042170            5.0214826627           -8.0780728495     H 
           -8.6977050395            6.3516866930           -8.0529255377     H 
           18.1464883945            1.7518690756            7.4913222651     O 
           19.1344936846            0.2648224138            7.7894241387     H 
           16.4867045963            1.4280710326            8.2990377432     H 
           12.9026529332            5.0577507401           -7.9253390701     O 
           12.2933812916            3.6778508810           -6.8130787156     H 
           11.3917083512            5.7082681310           -8.7719784151     H 
           -8.6527007663           -9.3946967031           -5.3508751871     O 
           -8.9571364512          -10.8863872714           -4.2896906575     H 
           -6.8634846684           -9.5364722832           -5.8113410650     H 
           -9.5511983238           -4.7210684881          -10.9805682003     O 
          -11.1648401623           -4.6105140960          -11.8027486531     H 
           -9.9393112703           -4.7653716526           -9.1562350211     H 
            1.3067506862           14.4605908867            1.9515358587     O 
           -0.2504039832           14.9255525971            2.7576372278     H 
            2.6208436428           14.2869932771            3.2227691103     H 
          -12.2219227773            7.5215135004            7.3561660142     O 
          -11.9590903678            7.3197080330            9.1463982392     H 
          -11.5362010529            5.9385652263            6.6068158348     H 
           -7.6533092611            9.0470729164            5.2609599728     O 
           -9.2607091799            8.9038282114            6.1318458340     H 
           -7.9813786779           10.1342590343            3.8200152127     H 
            8.3079276787           11.6570959512           -6.6582539390     O 
            8.2118776863           13.2649504361           -5.7535366149     H 
            9.7995472202           10.8279889860           -5.9701846345     H 
          -10.6301644680            4.5486600579           11.2335591652     O 
           -9.8266716187            3.8453880647           12.7136658461     H 
          -11.3825331701            3.1230540441           10.3720880771     H 
            8.9039132056            7.8704046608           -1.3333524768     O 
            7.9459699729            9.4410838092           -1.0483630060     H 
           10.3793827038            8.3778475766           -2.3262307409     H 
           17.7333636659            3.3332364679            2.6139282621     O 
           19.4452633669            3.7751818706            2.1441098493     H 
           17.7942226009            2.6480677790            4.3194872040     H 
           -3.7222782761            8.1885081596            0.6963179499     O 
           -4.6202607990            8.2423605056           -0.9201690949     H 
           -4.0009177207            9.8404743029            1.4514847771     H 
          -12.7571759193           10.0908156828           -4.4522028947     O 
          -12.4105506386            8.9640146969           -5.8709133320     H 
          -11.4967064594           11.4140207754           -4.4569609820     H 
           16.7556443503            9.5740801912           -1.9787719703     O 
           17.2068989180            8.0888615231           -2.9736616798     H 
           18.0251226334            9.6809408766           -0.6437058537     H 
           13.9646226580            0.6120700326            9.9773177356     O 
           14.2853170380           -1.2684167744           10.0652478839     H 
           14.0402881713            1.1994694237           11.6865976257     H 
          -19.2355842897           -0.4292253059            6.1912740997     O 
          -18.7630538608            1.1699201198            6.9234401968     H 
          -19.0328056653           -0.2260887618            4.3784091480     H 
            2.8225313907           -2.8651583203            7.6026262975     O 
            3.5317325127           -1.9269826593            9.0208841627     H 
            0.9787745766           -2.8110434122            7.7608198183     H 
          -13.5396266244          -11.6707369710           -1.2159167964     O 
          -12.1187765281          -12.6899782277           -1.7236271578     H 
          -13.3612215446          -11.4386260570            0.6107253653     H 
            0.3328342204           -4.9523113336           12.8303749020     O 
            1.9834297188           -5.6107823118           13.2578831025     H 
            0.5380354738           -3.1231314781           12.7743934282     H 
           19.7903528980            8.7977739799            2.0582331057     O 
           18.9593753178            8.2865873256            3.6034746586     H 
           20.9124957905            7.4244698916            1.5990163990     H 
            1.9037529680          -12.5658217188           -4.0956969700     O 
            3.5892186560          -13.0524136774           -4.5727114884     H 
            1.6655213024          -10.8624227553           -4.7944018333     H 
           -1.9524292450            2.7546568959            8.9712792955     O 
           -1.1356178661            3.8572300654            7.7460166845     H 
           -3.5794679694            3.5588594846            9.2609045083     H 
            8.5563990025            6.4530779996            9.1626477013     O 
           10.0932451408            6.6142852469            8.2036678014     H 
            8.4140505081            4.6338388600            9.4366318052     H 
           -0.5931148865            0.8025138829            0.8821641387     O 
           -0.2420266242            1.5911881762           -0.7097883867     H 
            1.0048610886            0.2059668285            1.5270521216     H 
           -4.2669980345            0.9343873406            4.3101621929     O 
           -5.4073332823            1.8596077081            3.2102308900     H 
           -2.8215624298            0.6562321467            3.2105687762     H 
           16.0414456005            6.8387624504            6.6082666425     H 
$end
$set
 chrg  1
 ewin_conf 50.0 
$end
