           1           2  0.793762749283206     
           1           3  0.822380972131279     
           4           5  0.825002866523419     
           4           6  0.834257132608255     
           7           8  0.823606729021457     
           7           9  0.877502445153856     
          10          11  0.858385401824170     
          10          12  0.803468390535917     
          13          14  0.840864504016828     
          13          15  0.834415538241149     
          16          17  0.814532313615939     
          16          18  0.838303260225003     
          19          20  0.835943459272165     
          19          21  0.839468402192427     
          22          23  0.829345370330675     
          22          24  0.848043892038668     
          25          26  0.824301560147587     
          25          27  0.813070808580089     
          28          29  0.840891580533645     
          28          30  0.844691278259996     
          31          32  0.795960920197270     
          31          33  0.870559472164154     
          34          35  0.801859460816913     
          34          36  0.829414074087921     
          37          38  0.849976755427620     
          37          39  0.803779736909811     
          40          41  0.785584554360584     
          40          42  0.830421838617719     
          43          44  0.822981043007857     
          43          45  0.829265462296715     
          46          47  0.831627018124057     
          46          48  0.877023230632571     
          49          50  0.799180359094741     
          49          51  0.810043925622870     
          52          53  0.777688490021513     
          52          54  0.830787236645950     
          55          56  0.823719922355100     
          55          57  0.768900206726956     
          58          59  0.801434344105382     
          58          60  0.838763642683933     
          61          62  0.891950678830680     
          61          63  0.781438473379578     
          64          65  0.834278420861751     
          64          66  0.806672786983550     
          67          68  0.869070160842370     
          67          69  0.845252656342182     
          70          71  0.898804546179313     
          70          72  0.826421815532038     
          73          74  0.823907270994932     
          73          75  0.820336930104012     
          76          77  0.846792666421215     
          76          78  0.841272306276883     
          79          80  0.811165052318862     
          79          81  0.836511396531002     
          82          83  0.819971968379435     
          82          84  0.841797604907519     
          85          86  0.813924516393067     
          85          87  0.868498881913401     
          88          89  0.795222492530357     
          88          90  0.845205558781002     
          91          92  0.835101614959423     
          91          93  0.893002227823092     
          94          95  0.872413729837340     
          94          96  0.830331114561380     
          97          98  0.811982502107787     
          97          99  0.816440378801541     
         100         101  0.805755961796926     
         100         102  0.818300401054904     
         103         104  0.836191851074644     
         103         105  0.852988437416054     
         106         107  0.884493230935514     
         106         108  0.856092286069714     
         109         110  0.843830487546435     
         109         111  0.764612153808114     
         112         113  0.799631575921221     
         112         114  0.829038571435062     
         115         116  0.816896576139205     
         115         117  0.836209144185195     
         118         119  0.800154573014377     
         118         120  0.871405430719390     
         121         122  0.804828808517731     
         121         123  0.805446399581230     
         124         125  0.851638783223112     
         124         126  0.854490695856520     
         127         128  0.853609297891556     
         127         129  0.830960109466700     
         130         131  0.881314507969706     
         130         132  0.808047228941842     
         133         134  0.865159617293214     
         133         135  0.817967365378583     
         136         137  0.842758300341550     
         136         138  0.886906694157522     
         139         140  0.768051826975194     
         139         141  0.883426036412115     
         142         143  0.843428638678874     
         142         144  0.775792173844316     
         145         146  0.862745064766169     
         145         147  0.810600517499506     
         148         149  0.864490315690108     
         148         150  0.876713292240844     
         151         152  0.815040253843108     
         151         153  0.838962415979642     
         154         155  0.902090731919454     
         154         156  0.838132182001524     
         157         158  0.844941458459098     
         157         159  0.784734868864961     
         160         161  0.838575861503975     
         160         162  0.778529605997899     
         163         164  0.836917757932368     
         163         165  0.832461158154414     
         166         167  0.821449530162971     
         166         168  0.820335400405139     
         169         170  0.876490573137124     
         169         171  0.797280373493150     
         172         173  0.792868380619129     
         172         174  0.829122285813971     
         175         176  0.852055023710791     
         175         177  0.837430918170053     
         178         179  0.888459751428670     
         178         180  0.814838857894606     
         181         182  0.823769743608605     
         181         183  0.850854028038608     
         184         185  0.791487497537108     
         184         186  0.798587834296736     
         187         188  0.844765934369373     
         187         189  0.832533652417180     
         190         191  0.862103672964196     
         190         192  0.850299179796585     
         193         194  0.812072856539243     
         193         195  0.845318099949654     
         196         197  0.821855741072722     
         196         198  0.801089808334802     
         199         200  0.801132120773113     
         199         201  0.835763715069674     
         202         203  0.870384610588015     
         202         204  0.881829039739153     
         205         206  0.819135954259260     
         205         207  0.886564344993313     
         208         209  0.808502606975161     
         208         210  0.813464927016985     
         211         212  0.777125645785244     
         211         213  0.819278671527257     
         214         215  0.827385785223154     
         214         216  0.813830887496523     
         217         218  0.833644543424459     
         217         219  0.791824016973344     
         220         221  0.789167719382494     
         220         222  0.864309087729593     
         223         224  0.854207870236332     
         223         225  0.865321446403869     
         226         227  0.807277893009674     
         226         228  0.845171185207596     
         229         230  0.783643931511225     
         229         231  0.857334618717306     
         232         233  0.857323355764471     
         232         234  0.866462566327088     
         235         236  0.882943900678037     
         235         237  0.813599455369648     
         238         239  0.839239316747156     
         238         240  0.843298398816586     
         241         242  0.793750411058202     
         241         243  0.859556531607966     
         244         245  0.843844044973883     
         244         246  0.813435280640235     
         247         248  0.817637336030379     
         247         249  0.836702153923984     
         250         251  0.782295989015504     
         250         252  0.830696810261491     
         253         254  0.836438255753173     
         253         255  0.909506150347758     
         256         257  0.846352766055087     
         256         258  0.822370455380438     
         259         260  0.833479257164464     
         259         261  0.866236438481851     
         262         263  0.859957472688177     
         262         264  0.836143901413420     
         265         266  0.904628291849770     
         265         267  0.858230537278748     
         268         269  0.850961837643628     
         268         270  0.831045052047995     
         271         272  0.827237581254112     
         271         273  0.813131978695211     
         274         275  0.817932555400772     
         274         276  0.809731149533615     
         277         278  0.862198121054829     
         277         279  0.809687743316287     
         280         281  0.794830270679287     
         280         282  0.906919389737727     
         283         284  0.823858895457764     
         283         285  0.866892133542697     
         286         287  0.869289452388011     
         286         288  0.857673625041470     
         289         290  0.874303467624501     
         289         291  0.842201690654435     
         292         293  0.848518868186195     
         292         294  0.803903005157658     
         295         296  0.843462430242048     
         295         297  0.848946247095416     
         298         299  0.817133216816618     
         298         300  0.885379048689002     
         301         302  0.870597430169751     
         301         303  0.801428215171920     
         304         305  0.820461456356427     
         304         306  0.833671494465601     
         307         308  0.883623650472295     
         307         309  0.828849522514921     
         310         311  0.844561233202276     
         310         312  0.806289988333414     
         313         314  0.811791675560754     
         313         315  0.861635910838602     
         316         317  0.806572823330006     
         316         318  0.827547522285011     
         319         320  0.918931860169058     
         319         321  0.777516417013318     
         322         323  0.840768168051774     
         322         324  0.815263599965132     
         325         326  0.869182594404647     
         325         327  0.841139928739735     
         328         329  0.856928011933869     
         328         330  0.871188758964641     
         331         332  0.847146561582595     
         331         333  0.793362558512326     
         334         335  0.774356173713811     
         334         336  0.802278567412433     
         337         338  0.781366875003307     
         337         339  0.916451456746504     
         340         341  0.818388953128967     
         340         342  0.817242188848201     
         343         344  0.822221499862001     
         343         345  0.879193019772341     
         346         347  0.866255280797744     
         346         348  0.814047389418558     
         349         350  0.809173722333059     
         349         351  0.803508571999550     
         352         353  0.833694982051597     
         352         354  0.886573657885627     
         355         356  0.879927088422887     
         355         357  0.836849530995120     
         358         359  0.859615505278258     
         358         360  0.849280246642627     
         361         362  0.779228889746979     
         361         363  0.910834358791659     
         364         365  0.798927369888641     
         364         366  0.872991553047958     
         367         368  0.830544830277537     
         367         369  0.860472625697486     
         370         371  0.871940838974119     
         370         372  0.834488165972497     
         373         374  0.824590836289013     
         373         375  0.861638617913491     
         376         377  0.813462000240991     
         376         378  0.799991269062636     
         379         380  0.775735705141122     
         379         381  0.874023064356656     
         382         383  0.913229383790632     
         382         384  0.851417646968426     
         385         386  0.787540536214451     
         385         387  0.818861536337663     
         388         389  0.824960927637323     
         388         390  0.864179406743132     
         391         392  0.910125898938837     
         262         393  0.101048686263134     
         391         393  0.776050612623259     
         394         395  0.808933527247773     
         394         396  0.835541602694378     
         397         398  0.907583023342927     
         397         399  0.832655961307558     
         400         401  0.857689308299178     
         400         402  0.827154243374719     
         403         404  0.824480712234074     
         403         405  0.843904596223613     
         406         407  0.844539036704034     
         406         408  0.850326049291063     
         409         410  0.862950084312206     
         409         411  0.842432004280889     
         412         413  0.791707798762230     
         412         414  0.819675714087740     
         415         416  0.820427714692418     
         415         417  0.833699009046804     
         418         419  0.890200672480928     
         418         420  0.876738887020671     
         421         422  0.825475941292226     
         421         423  0.883952236459752     
         424         425  0.816671206017649     
         424         426  0.864313844104588     
         427         428  0.824046813277008     
         427         429  0.779942061132900     
         430         431  0.870677963247447     
         430         432  0.827108521772209     
         433         434  0.789464705252325     
         433         435  0.910906685406829     
         436         437  0.882075065717056     
         436         438  0.827360692837067     
         439         440  0.856546749017764     
         439         441  0.818241312242016     
         442         443  0.822339088761719     
         442         444  0.810505309138972     
         445         446  0.780632954230397     
         445         447  0.865672898800634     
         448         449  0.807271118542539     
         448         450  0.828654147975053     
         451         452  0.843348065155020     
         451         453  0.864787199761424     
         454         455  0.817530628392100     
         454         456  0.849266917822488     
         457         458  0.904136657508655     
         457         459  0.788203625767573     
         460         461  0.786816486460838     
         460         462  0.822451255088940     
         463         464  0.813827436723695     
         463         465  0.814869788811839     
         466         467  0.887857793665027     
         466         468  0.792993297378821     
         469         470  0.888351361788771     
         469         471  0.840426874981458     
         472         473  0.875187693467949     
         472         474  0.774819950589072     
         475         476  0.850494366222137     
         475         477  0.842112110441671     
         478         479  0.836370160385383     
         478         480  0.838637106776322     
         481         482  0.864009949941031     
         481         483  0.860335024077003     
         484         485  0.797752343835255     
         484         486  0.817322504096452     
         487         488  0.846395584481998     
         487         489  0.822652959384046     
         490         491  0.817921590630055     
         490         492  0.843619009622166     
         493         494  0.833520878635523     
         493         495  0.860504168871340     
         496         497  0.843938075904597     
         496         498  0.837209648798970     
         163         500  0.119722754004989     
         499         500  0.751395816116883     
         499         501  0.914211784448359     
         502         503  0.877135108642645     
         502         504  0.847157603197495     
         505         506  0.825411397123879     
         505         507  0.804474835073622     
         508         509  0.870403463563806     
         508         510  0.833289272468336     
         511         512  0.866467126400836     
         511         513  0.833551986308489     
         514         515  0.868765138469487     
         514         516  0.863748429847551     
         517         518  0.887452463416258     
         517         519  0.809659607780393     
         520         521  0.818089440836552     
         520         522  0.832524869780759     
         523         524  0.884892727854255     
         523         525  0.830643913448483     
         526         527  0.871216721338225     
         526         528  0.859801822021172     
         529         530  0.827531288670653     
         529         531  0.811991760447737     
