$coord
           12.5637155004          -13.7659216090           -0.7401979650     O 
           11.6131088637          -12.9002849329           -2.0431486551     H 
           14.2763325153          -13.9003051938           -1.3539771246     H 
           -1.4001127904            6.0853888990            8.8041447435     O 
            0.1278913816            5.4043478928            9.5785214603     H 
           -0.9103858161            6.7813818404            7.1697958376     H 
           -2.8366222069           -5.1507175070           -3.6612314159     O 
           -1.4798605178           -5.7512054488           -4.7319424336     H 
           -3.4480522827           -6.7135542939           -2.8486795668     H 
           -8.8676173825            5.3097779007           -1.6618079038     O 
           -7.0792272924            5.1336459590           -2.0851579618     H 
           -9.8344199074            4.8365955786           -3.1408885735     H 
           -4.2647952593            4.6721453925            2.8500859844     O 
           -4.6893295269            6.4413864396            2.6689083242     H 
           -5.8058581140            3.8260229669            3.4151783465     H 
           -8.1025659336           -5.4615335489            6.3389758810     O 
           -8.6324143396           -3.7002654205            6.6040374826     H 
           -9.5383948326           -6.4472102133            6.9006847394     H 
            0.0306375004           -8.5988162415           -6.0541172117     O 
           -0.4524992026          -10.3477749862           -6.2430561952     H 
            1.4972013195           -8.6348613540           -4.9101923442     H 
            0.4803583727          -11.4429658395           -0.6452468432     O 
            0.8319467666          -13.0037521401            0.2684656383     H 
            1.4629580419          -10.1619330526            0.2347711474     H 
           -2.0604413223           -6.5647686492            2.2431484339     O 
           -1.8006860864           -8.1247251675            3.1664485048     H 
           -3.8322446822           -6.5607619838            1.8022684771     H 
            1.0253178746            4.5123857036          -10.2862605836     O 
           -0.7216499577            4.0348198182           -9.9526392782     H 
            1.6185615191            5.1795106269           -8.6537647833     H 
           -5.0950302252           -1.9095096634           -6.8245811046     O 
           -4.2874246133           -3.0312282975           -5.6053847229     H 
           -6.6160273716           -2.7688107144           -7.4123361701     H 
           -2.7690859362            8.5486869632           -7.7029645427     O 
           -2.4362897610            9.4199963262           -9.2747314350     H 
           -3.3314940725            6.8558738080           -8.1406623423     H 
           -7.1759685046           -6.8820038535            1.6348984565     O 
           -8.8599634992           -7.1388134600            0.9354802417     H 
           -7.4989466571           -6.3517049837            3.3836601236     H 
           -4.0902772774            5.4951617239           -3.1807731965     O 
           -3.9847052511            4.9041451995           -4.9027258044     H 
           -3.8225398947            7.3205245991           -3.2238981947     H 
           -0.0348706224            5.1975958273           -0.0344905225     O 
           -1.5652856980            5.0635417525           -1.0502483049     H 
            0.9676517360            6.5598090589           -0.7692502937     H 
           -0.4403712461            1.4739403985           -4.9351775226     O 
            0.7138047652            2.8779256204           -4.8190284303     H 
            0.5336396316           -0.0583777111           -5.2714439780     H 
           -3.8165680704           -1.5626805154            4.7852595797     O 
           -4.4516105435           -0.0295720527            5.5643757988     H 
           -4.3945779577           -2.9427069856            5.8082524353     H 
           -9.9058640541           -2.0284546802           13.0950610943     O 
          -11.1515149680           -0.7605385401           12.6253279136     H 
          -10.3787817120           -3.4612657800           12.0483053677     H 
           -0.7837819926          -11.1748906948            4.6224683666     O 
           -0.5806632615          -11.5327181106            6.4182735114     H 
            0.9037119042          -10.7652281791            4.0280301466     H 
           -6.5613636159            1.8377550235           12.6494016886     O 
           -7.5154623887            0.2997244194           13.0036412549     H 
           -4.9005032866            1.7467262985           13.4407276246     H 
            1.5730265316           -1.8156117134            4.0309829752     O 
            0.8479531165           -3.4326344843            4.4472328046     H 
            0.3059225088           -0.5219775685            4.4561579315     H 
            4.1698077081            4.1746185611            4.1742594247     O 
            4.8825860180            2.8685569712            5.2520296435     H 
            4.2241984722            5.7034558174            5.1876473507     H 
            1.5979885494           -5.0614428687           -0.8618698122     O 
            0.3647989146           -5.6936294710            0.3633721727     H 
            2.4769419527           -6.5384971688           -1.5238580802     H 
            1.7485270503            9.8661217706           -1.1173761134     O 
            3.1527508408            9.8623480654           -2.3071472574     H 
            2.4191075635           10.5582801837            0.4308697471     H 
           -2.6946351506           -3.0680854402           14.5384307264     O 
           -2.3811440879           -1.3913053581           15.1852588554     H 
           -3.7275138216           -2.8150208709           13.0285824019     H 
           -9.2088064028           -0.7138578479            7.4463301142     O 
           -8.9971207478            0.5415466970            6.1150014919     H 
          -10.6253218572           -0.1574446763            8.4808692006     H 
          -13.1059956356            2.6212068742            0.6213819167     O 
          -11.9051915216            3.8162169578           -0.0599942091     H 
          -13.1568815032            2.9563590038            2.4470931156     H 
            5.1437604452            5.8088851441           -0.5095532053     O 
            6.2463636716            7.2386661054           -0.2037573124     H 
            4.7448715875            5.1328412857            1.1463707875     H 
           -7.8630756940           -7.1385661536           -4.2756467625     O 
           -9.5070370737           -6.4257311108           -3.8764396412     H 
           -7.1701818032           -7.8360292736           -2.7376221004     H 
            1.9729794621           -2.9281790427           -5.5280830227     O 
            3.7711921325           -2.4568498433           -5.2594494210     H 
            1.5351329314           -3.6639688026           -3.9047394300     H 
           -9.4232286968          -11.1320652135           -6.8578869292     O 
           -8.9144890791           -9.5955087329           -5.9347247414     H 
           -9.4045894788          -10.6556474114           -8.6506823825     H 
          -13.7811801919           -0.7008176243           -3.0866805437     O 
          -13.3636907219            0.4655585295           -1.7233795723     H 
          -13.5472652729            0.1767189892           -4.6796675779     H 
            2.8735206934            4.0778517773           10.9032509683     O 
            3.2765275324            2.8082688194            9.6079933006     H 
            4.3768400753            5.1034826083           11.1190774777     H 
            6.0786833992           -3.9916798772            1.0125939242     O 
            4.3310782113           -4.3017342013            0.4537845105     H 
            6.4537808153           -2.2666054615            0.5009900420     H 
            5.9989983249           -4.2666347717            5.9904501601     O 
            6.1219854273           -4.3935565241            4.1357395505     H 
            4.2321238488           -4.5277888668            6.3755995957     H 
            4.6716265442            8.1481226769            7.2565741045     O 
            4.0935577054            8.9150176213            8.8420567702     H 
            6.4115766481            7.6180848676            7.4516360901     H 
           -8.2144494425            6.3325387459           -7.7356876361     O 
           -7.2137649974            6.0674957563           -9.2433421045     H 
           -8.2308512184            4.7262087766           -6.8512072749     H 
          -13.0921243624           11.6445218179           -5.6340162814     O 
          -12.2460879247           11.7717371633           -7.2489655281     H 
          -11.8015343040           11.0039471309           -4.4619737178     H 
            3.1180475813           -8.0535333597           10.9155025065     O 
            4.9009116176           -8.0791980430           10.4619569210     H 
            2.7666620416           -6.4625854142           11.7815186363     H 
           -3.5679851513           -7.4986845181            7.5165025833     O 
           -3.1556990542           -7.3809918920            9.3143882058     H 
           -5.2185846321           -6.7274109375            7.2588330816     H 
            1.2589407196           -6.2522689860            6.6607760889     O 
           -0.5561348496           -6.5901097184            6.6391590124     H 
            1.8479087790           -7.0569845913            8.2313400657     H 
           -0.4904352948            2.4609693725            5.0984599465     O 
            1.0587980648            3.3345297224            4.6245084921     H 
           -1.8968647613            3.3121959776            4.2357575320     H 
           -0.7028438284           -5.0034893529          -13.3772825147     O 
            0.4240336856           -5.6281476014          -12.0371190831     H 
            0.4220117877           -4.1490594715          -14.5456217100     H 
            7.8026686950           -7.7955788236            8.9718746337     O 
            7.3467270905           -6.4999242942            7.6993566574     H 
            8.9677960478           -7.0088960378           10.1397591225     H 
          -13.5258657980            4.0806635274            5.4279333972     O 
          -11.9644810070            4.6934482251            6.1693023017     H 
          -14.5840058072            5.5614711146            5.1592387974     H 
          -16.0630267525            8.5002299192            4.7392540781     O 
          -14.8057262230            9.7904421335            5.0399413342     H 
          -17.1488145180            9.0953038734            3.3632149292     H 
          -16.0786151720           -5.6450298214           -0.1529837304     O 
          -14.6645791499           -4.8221192111            0.7105785944     H 
          -17.6307325712           -4.9675689981            0.5625374992     H 
            4.1947607615          -13.0589323530            5.9762259933     O 
            5.9090075957          -12.9556377865            6.5837392126     H 
            3.0764096936          -12.9790036182            7.4237423184     H 
           10.9112289024           -5.5629429638           12.4573152934     O 
           11.6515188491           -3.9026051582           12.9173026107     H 
           11.0100588043           -6.5582798496           13.9629779260     H 
            5.9557615231            3.2922599046           -4.7935501890     O 
            5.2505361893            4.1685067204           -3.3280495426     H 
            5.6036443841            4.3288081360           -6.2679322178     H 
           10.5820279447          -10.8531049411           -4.7118617115     O 
            9.4896429181           -9.7183195531           -5.6616973554     H 
           12.2620820250          -10.0687585508           -4.7178432299     H 
          -16.6482346851            8.5751752549           -7.7561516799     O 
          -15.5317902075            7.5067240100           -8.7395384497     H 
          -15.5598185788            9.8137820163           -6.9409807844     H 
           10.2820899097            5.0410443359            1.3005531600     O 
            9.0688119714            3.7052105296            0.9413890752     H 
           11.9336586536            4.3871392113            0.8591116344     H 
           -3.2159067674            2.2197329418          -14.1000827031     O 
           -2.7523392103            1.1072669787          -12.6902267907     H 
           -4.6186416419            1.4303433855          -14.9920299742     H 
          -18.5914758979           -0.6461952789           -1.3809550871     O 
          -19.9255140996           -1.5755923786           -2.2448171960     H 
          -16.9788828209           -1.3394433345           -1.9162619127     H 
           -5.2161774221            2.7285834777            7.8702340006     O 
           -5.7607893918            2.2956278873            9.5833115004     H 
           -3.7791229691            3.8615752192            8.0554293085     H 
            8.0508136181          -10.3043510152            2.1005690717     O 
            8.3481373096          -11.3642113735            3.5482394701     H 
            7.5090722721          -11.4362866027            0.7465825368     H 
           -7.1793707300          -11.8917121286            1.1691531331     O 
           -6.8337325427          -10.0741131218            1.2511494152     H 
           -8.5774631674          -12.1913720008            2.3405059896     H 
            3.6370417750           -0.4775359444          -10.6517234828     O 
            1.9681489299           -0.1921842927           -9.9439155401     H 
            3.3271851984           -1.2440152882          -12.3172342725     H 
            2.9560563470           -2.0769046637          -15.3508302309     O 
            4.6526248932           -2.7111840783          -15.7700899500     H 
            2.7718120076           -0.3694831197          -15.9891465425     H 
           -0.7044910326           -0.2588539766            9.4043018995     O 
           -0.6954479612            0.8713944352            7.9455538923     H 
           -2.3017978966           -1.1582801050            9.3571198912     H 
           -0.8957974969          -10.6056583304          -10.8956077264     O 
           -1.7513522575           -9.6365006049          -12.1637692294     H 
           -2.1706881335          -11.3696817703           -9.8281729952     H 
            2.4092325417            0.8933657399           -0.2350460700     O 
            2.3925889444            0.0893400111            1.4149296221     H 
            1.6557415419            2.5951087579           -0.0740594687     H 
           -3.9973912794           -9.6993021658           -2.1699008729     O 
           -4.0384706729          -10.5317552018           -3.8058022011     H 
           -2.4858627342          -10.3382935731           -1.3294771903     H 
           10.4294191415           -6.1814640366            4.4144076280     O 
           11.4951064878           -7.0851254961            5.6047794507     H 
            9.5360843559           -7.4464211695            3.4510438986     H 
           -5.5948584265           -3.7326866117          -12.5159335263     O 
           -4.0559258786           -4.1340761139          -13.4163996121     H 
           -5.4671467994           -4.6984654582          -10.9537628811     H 
          -11.4401655392           -8.6004699633           -0.3325579245     O 
          -12.0119274638          -10.3253115155           -0.5834938718     H 
          -12.4312041126           -7.4994069297           -1.3998633806     H 
           -3.5553599894            3.5054974078           -8.1702330928     O 
           -4.8635810116            2.5047204496           -8.9814030962     H 
           -2.5290728324            2.4016138309           -7.0746518055     H 
          -17.6989241928            4.6838003880            0.5454521215     O 
          -16.2645415347            3.5295686455            0.5715021354     H 
          -16.9567432302            6.2704209516           -0.0155746566     H 
            9.3963261915          -12.0487375007            6.9344566696     O 
            8.9326486091          -10.3934548563            7.6852839136     H 
           10.2946371284          -12.9475654731            8.2197149496     H 
            4.3710473901            0.6200907855           14.4493926884     O 
            3.3125323137           -0.8657269194           14.1693887912     H 
            3.5802656480            1.9663514647           13.4609713790     H 
            6.5911723939           -1.7385477556           -4.6474308529     O 
            6.3728067672            0.0815079800           -4.8201693890     H 
            7.4176072547           -2.2955765244           -6.1928242542     H 
            8.2446843795            9.7911572689            0.6264758455     O 
            8.9258297433           10.7944473173           -0.7656613712     H 
            9.6772401312            9.4237828268            1.7071086067     H 
           -8.3813805833            1.7054023164           -5.3619424608     O 
           -9.9122293997            1.3513466119           -6.2978363297     H 
           -7.0738249387            0.6020993965           -6.0528520840     H 
           13.4826254369          -11.3107127500            3.4731569293     O 
           12.2367418069          -11.5275950442            4.7934002126     H 
           13.0155315637          -12.4361558832            2.0614101802     H 
           -7.2904574785            0.2822854183          -16.5227221302     O 
           -7.3297359548           -1.4055694963          -17.1695424059     H 
           -8.8820225712            0.5407375003          -15.6294728689     H 
            7.5703566204           -3.3522453128           -9.3259708212     O 
            6.0964524101           -2.3508382348           -9.7833036985     H 
            8.9350680318           -2.7818368047          -10.4182697858     H 
          -20.0000007160           -6.1901310852            6.5688436627     O 
          -19.3504401017           -7.8885377531            6.3628911486     H 
          -18.6272850997           -5.2961283686            7.4390114575     H 
          -19.0703179642            0.0008735568            3.5909357883     O 
          -19.0595720517           -0.2202838268            1.7528752804     H 
          -19.5909374723            1.7474276614            3.9285828990     H 
          -14.4473542478          -11.3485193678           -5.4282120207     O 
          -15.2678098615           -9.7280920864           -5.4199811426     H 
          -12.7626989512          -11.1461885439           -6.1466658227     H 
          -14.9501181050           13.1432206227           -1.0192541246     O 
          -13.4519540664           13.7522048149           -0.1636334651     H 
          -14.6036103241           13.2393315259           -2.8123970002     H 
          -10.1617451213           13.5635276402            1.1434468690     O 
           -8.5855803569           14.3908119453            1.5453753468     H 
           -9.7481044597           12.3051310595           -0.1620246537     H 
           -3.1037653226           10.3409613342           -2.2972292759     O 
           -3.3487923408           11.9587226847           -3.1158829276     H 
           -1.3003304467           10.2579145300           -1.8998984998     H 
            0.1508237603            6.9745847095           14.7530116190     O 
            0.8364147271            7.3856079573           16.3738649244     H 
            1.2240408448            7.7575349974           13.5010957461     H 
            4.1720727703           11.0518560943            3.2563432688     O 
            5.7521972541           10.8678186086            2.3014697003     H 
            4.5461234211           10.2823993157            4.9004291088     H 
           -5.5885686974            6.2474298996          -12.2605159904     O 
           -4.6491093334            4.7961646676          -12.9466590337     H 
           -4.6208812762            7.7636219774          -12.5773956075     H 
            1.6483313822            2.9268109881          -15.2358330485     O 
           -0.1370077983            2.6957436516          -15.5928500490     H 
            1.6488842062            3.0680992919          -13.3997522312     H 
            7.3545331670            0.8952747784            0.0959211367     O 
            8.2743252099            0.8369114655           -1.5188611442     H 
            5.5644476779            1.2190796883           -0.3068335873     H 
            1.6657998853            8.0817308886          -13.6956252633     O 
            1.4795876266            6.8137817473          -12.3177939345     H 
            1.7898549153            7.0939474317          -15.2145067747     H 
           -2.5382062971           10.4626532453          -12.5293312730     O 
           -2.5657935362           12.2149654711          -12.9638136911     H 
           -0.9359587239            9.7404039701          -13.1449880344     H 
          -12.0862884535           -3.5924778920            2.1205868429     O 
          -11.1322987263           -2.4869234443            1.0255557357     H 
          -12.8573721210           -2.4896648592            3.4015669600     H 
            1.1279218833          -13.6447726200           -5.1492336313     O 
            0.1144653151          -15.1394789854           -5.0061199136     H 
            1.0626254709          -12.8272445250           -3.4903795142     H 
           15.6389142551           -4.2511687107            4.1478631996     O 
           14.9244991077           -5.3118604722            2.7999269171     H 
           16.8190769874           -5.2893774982            5.1033060759     H 
            3.2283966907           -8.6445562566            2.6022148813     O 
            2.7755059386           -7.6382061627            4.0761733008     H 
            5.0122882366           -9.0647618868            2.6625787450     H 
            0.9545144786           12.3172407325           -6.2737779634     O 
            2.0185206687           11.9487790135           -7.7239063049     H 
            2.0690042758           12.7782563047           -4.9062622440     H 
          -11.7659244348           -5.9223981924           10.2000928169     O 
          -13.4420109785           -5.2678870887            9.8006632685     H 
          -11.8523235732           -7.7340588330           10.0866801705     H 
          -15.6921513120           -2.2222759056          -10.7391826342     O 
          -15.0468109051           -3.9430581647          -10.7226757788     H 
          -17.0399575762           -2.1521067699           -9.4644717430     H 
           -9.2952935034           10.2549449997           -2.5754604920     O 
           -9.0844293740            8.4555364711           -2.1557097544     H 
           -8.0455820016           10.7051444490           -3.8577276616     H 
           -6.5371870403           11.7233275791           -6.5614059831     O 
           -7.7567414095           11.5862409732           -7.9150230766     H 
           -5.2431464527           10.4304705134           -6.8732555418     H 
            4.3226935407            0.5909010960            7.6617251697     O 
            5.4640174629           -0.4435736343            8.6507531858     H 
            3.3468908838           -0.5133643012            6.5588401070     H 
          -12.5899961476           -5.3085415641           -4.1588497493     O 
          -14.3230593165           -5.8099471215           -4.5645324160     H 
          -12.8111501870           -3.5850564369           -3.4932277931     H 
            6.3920767064           -7.9107387821          -12.3084899961     O 
            5.8144238844           -9.5824045635          -12.6877678121     H 
            5.0132552637           -7.0667811264          -11.4015887646     H 
            4.1314169857           -8.6801656798           -3.1713204428     O 
            5.3686041927           -8.1518036801           -4.4454770944     H 
            4.6607381903          -10.3323086081           -2.5397757228     H 
           -5.8224830077            9.4352224657            1.8231439036     O 
           -5.8799547038           11.1638854680            2.4320818155     H 
           -4.9325062163            9.5811776729            0.2080710345     H 
          -12.6460724711            0.6565656527           -7.9969917052     O 
          -12.8070455401            2.3847168204           -8.6490058915     H 
          -13.8113619642           -0.3582712847           -9.0345868443     H 
          -18.9295039611           10.1092675898            0.8082771134     O 
          -17.9872182059           11.5733606548            0.2669465139     H 
          -19.4233196243            9.2418843423           -0.7427930597     H 
            8.8918885150           12.6771409905            5.3950175913     O 
            9.0170913206           11.6901766244            6.9482489960     H 
           10.4398298009           12.2847286847            4.5174512399     H 
          -12.9610348861            5.0343886701           -4.7086633660     O 
          -13.4514187858            6.3342719980           -3.4656348139     H 
          -12.7774373559            5.8483885672           -6.3229974761     H 
            6.9813526067            7.0585750478           12.3492673606     O 
            8.3225936101            7.8943748265           11.3871576229     H 
            5.8150979154            8.4064844296           12.7476176155     H 
            6.3113761007            3.3126860459          -12.6463803898     O 
            5.3042879700            3.5409745487          -14.1384773853     H 
            5.5233348277            1.9172215894          -11.6980092047     H 
           -4.7831093955          -12.1923858264            9.2286051668     O 
           -4.3889046572          -10.7127559155            8.1918148115     H 
           -5.2145665789          -13.5712734593            8.0696988448     H 
           10.7775872567            0.7034278674           -3.4509486001     O 
           12.2417178304            1.4358417416           -2.5846773446     H 
           11.1337477756           -1.0372469862           -3.8334279572     H 
          -14.5973782473           -0.8255564151            5.3634316543     O 
          -16.2967017398           -0.5561275450            4.6238116530     H 
          -14.0467043729            0.8552066975            5.8688106320     H 
           20.0458747046            8.6266526666            4.8641962395     O 
           19.2973833919            8.7296268313            6.5152496814     H 
           21.2153979742            7.2134504300            4.9307457057     H 
          -25.1391541330            1.7868540984            5.0006068124     O 
          -23.9158193281            3.1381145123            4.8626789199     H 
          -24.4772543864            0.6854670157            6.3068578005     H 
           -9.1047750846            5.9775731674            7.4904987769     O 
           -7.7513414212            4.7112022006            7.5237854580     H 
           -8.2974137961            7.6213124644            7.4642029251     H 
          -10.4342986917            7.3340777062            2.5495627972     O 
          -11.0075406283            8.5067157994            3.8522091894     H 
           -8.7946969991            7.9816144307            2.0114000700     H 
          -12.9715787850            1.1084272631           10.4616999623     O 
          -12.7797807188            2.9234402812           10.7983606705     H 
          -14.7809286119            0.8605269741           10.3292715957     H 
           -2.0880143888           -7.9969482666           12.3795741799     O 
           -2.3206119764           -6.5416796194           13.4503420425     H 
           -3.4827593682           -9.1003066286           12.7461065088     H 
            0.3864477310          -12.2453512296            9.5013074031     O 
            0.9684426818          -10.7621440003           10.4129391146     H 
           -1.3682962781          -12.4931445741            9.9862281782     H 
          -10.2982982030            6.6371915675          -13.8510901226     O 
           -8.5178667487            6.4456266159          -13.3397690044     H 
          -10.5652033177            5.5167461325          -15.2455140357     H 
            9.6886072844            6.5858808334           -3.6388520408     O 
            8.7796567158            5.0500154650           -4.0892905196     H 
           10.0375301206            6.4524249768           -1.8423889555     H 
           14.1895457375           -0.7790940839           -8.4890733653     O 
           13.6355614803           -2.1040789549           -7.3589806501     H 
           12.7431447770            0.4116378440           -8.5057735941     H 
            7.6663706024           15.2476123755            0.8333152458     O 
            7.8464416158           14.5315356042            2.5048677568     H 
            9.1293830581           14.7413456570           -0.1260299985     H 
           10.1151215339            9.4706108668            9.2252623040     O 
           11.7631228207           10.3146418518            9.1741001397     H 
           10.2060562742            8.0440892585            8.0420116102     H 
            9.1848820637            5.6125327736            6.2728719605     O 
            9.6805589469            4.0487142938            7.1002905573     H 
            9.5971285835            5.4484799861            4.4844868391     H 
           13.8471638906           -7.2418553401            0.5342449997     O 
           13.6290996724           -8.7466411229            1.5797153759     H 
           12.1588906181           -6.7945236192           -0.0977149116     H 
           12.7047869595           -2.7192755513            7.8811082766     O 
           13.7017737850           -3.2367731323            6.3931366416     H 
           11.0482482643           -3.4080920824            7.6044912981     H 
           21.2277939460            5.4598128633           -1.5216829463     O 
           21.7133314600            3.6637107048           -1.7253810965     H 
           22.7600274040            6.4206041734           -1.5153888070     H 
           -2.2918652963           12.2123874520            6.2213648253     O 
           -1.8008194513           10.6113727703            5.4267722789     H 
           -0.9301595292           13.3985399388            5.7444525090     H 
           10.6560944225            8.6471146283           -8.2175415941     O 
           10.9429204643            8.1117461117           -6.4790327596     H 
           11.9582139418            7.8557708995           -9.2451291905     H 
          -18.6847705306           -1.5521281782           -6.8533541611     O 
          -20.4988159892           -1.4882110288           -6.6425053278     H 
          -18.1492260060            0.1517439653           -6.3250335574     H 
            9.0877002243            2.9270635087           14.7311121816     O 
            8.4290052031            4.4266094681           13.8983801995     H 
            7.5983921263            2.0357889504           15.2913843114     H 
          -16.6532186037            2.4579016753          -12.7658448817     O 
          -18.1152680714            3.2458888279          -11.9210681171     H 
          -16.7243608892            0.6943929894          -12.2883199688     H 
           -5.2102195705           -2.7767259867           10.0011479730     O 
           -5.9740879621           -4.3300911409           10.6440962541     H 
           -6.6192085661           -1.7688267718            9.3643100463     H 
          -14.1078842815            8.0445148225           -0.9155678936     O 
          -14.4661517211            9.8467994519           -0.9808615410     H 
          -12.7537862645            7.8102014525            0.3249291262     H 
           -4.8542553977           -6.9863359531           -8.5645457388     O 
           -3.2369564783           -7.6758442252           -8.0906389594     H 
           -5.8536507848           -6.9012907531           -7.0239008917     H 
            9.3808945777           -6.5515174095           -1.7226407314     O 
            8.8528544681           -8.2812371728           -1.8798195213     H 
            8.0761544540           -5.6435539976           -0.7560213245     H 
          -19.7899154276            7.6448109815           -3.7166235696     O 
          -19.0414288345            8.5993077416           -5.0768982454     H 
          -19.2270639980            5.9216226623           -4.0484836841     H 
           16.2780113010           -4.4055565456           11.1148541842     O 
           17.0079903046           -2.9942849120           11.9939146187     H 
           14.8943929151           -3.6962636864           10.1075877977     H 
           10.9608798167            1.8840691847            9.3500626654     O 
           11.9358320870            0.4622562481            8.7112122989     H 
            9.5196376348            1.0633339857           10.1518921675     H 
           18.7075235168           -1.4141709527            1.4036939125     O 
           19.9625238696           -2.6971971097            1.7425403238     H 
           17.1976984487           -2.1048875957            2.2223416216     H 
           18.7255134344           -6.7254298121            7.4281919760     O 
           17.9919587518           -5.9877551834            8.9733517544     H 
           20.1235117717           -5.6116788414            7.0212932083     H 
           13.8540079309            5.4450900324          -10.5392440998     O 
           15.5666800397            5.5504658460          -11.1197100731     H 
           13.9836831137            4.7544394944           -8.7914344681     H 
            3.8692385582           14.6994068570           -2.4133105344     O 
            4.1088811675           16.2029253753           -3.3896821515     H 
            5.1941272745           14.7453720097           -1.1111969341     H 
            1.9099665862           -3.3435153858           12.4641356161     O 
            0.3577707536           -3.5447485933           13.4465456709     H 
            1.3547650859           -2.3697584881           10.9977797389     H 
           18.4925924982          -10.1455354461            3.4412600916     O 
           16.7145901472          -10.6361354165            3.4274150803     H 
           18.8215033375           -9.6196124733            5.1563395475     H 
           11.6179231883           -4.5236035156           -5.8262947652     O 
           11.4600769485           -5.5694608635           -7.3333185493     H 
           10.5260042733           -5.2704292050           -4.5361434212     H 
            7.4781170931           -1.4480589083           11.0542273213     O 
            8.2939566129           -2.9478874173           11.6703878598     H 
            6.4860487248           -0.7386069974           12.4533482928     H 
            4.9006943019           14.4032734725            8.6020883834     O 
            6.3286170078           14.2789098848            7.4786642107     H 
            3.5420950658           15.1135721166            7.6199212491     H 
            1.3927787630           15.0867738580            4.4984404645     O 
            0.6421090487           15.7745950574            2.9828553888     H 
            2.5731193336           13.7819942650            3.9194870123     H 
           -0.2176806617            8.0731235348            4.1943419343     O 
           -0.5357359147            6.9586481849            2.7487788107     H 
            1.3762069345            8.8906755897            3.8584279640     H 
            5.6016228377            9.5802302572           -4.4295777562     O 
            7.0643447749            8.5250013723           -4.0335342628     H 
            6.2605647575           11.0419117711           -5.3176576626     H 
           13.5162721440            1.1554657065            4.2454655215     O 
           14.7290930757            0.2862186648            5.3002958211     H 
           11.8078657932            0.5444309393            4.6171732568     H 
            3.2314666254           10.5332975085           11.4731897482     O 
            4.1269038974           12.0067983125           10.8115792003     H 
            1.4645724227           11.1623018878           11.5092907872     H 
          -17.4921098416            6.1667669603            9.1236795262     O 
          -17.1034298430            7.3071488569            7.7367311997     H 
          -15.9835014662            6.2029444011           10.1631306925     H 
           -8.7547726824            6.1335621311           14.4023997377     O 
           -8.1609462315            4.4531091653           13.9300412064     H 
           -7.4735871288            7.2593840423           13.7560839145     H 
          -11.6313350290           11.2959044776            5.4412495465     O 
          -11.1946121937           12.3454871290            3.9759345872     H 
          -10.2526649048           11.4413932401            6.6244078355     H 
           15.1999055895           -3.1810976449           -2.6284345493     O 
           14.1507700015           -2.9714308935           -1.1201700487     H 
           14.1139215810           -3.9878805818           -3.8772168413     H 
           -9.7903897758           -3.6098572097           -8.1035536419     O 
          -10.5284490392           -1.9325468481           -8.2174754452     H 
          -10.8488824586           -4.5178047900           -6.9005799278     H 
          -10.6120854596           -4.4477525724          -13.0331178768     O 
           -8.8249073106           -4.1736295233          -13.3544551737     H 
          -10.7217398376           -4.3871328352          -11.1877875366     H 
          -21.9526930333           -1.4292079473            7.5285657052     O 
          -22.0478501967           -3.2367876537            7.6956042043     H 
          -20.9635698972           -1.1343310374            5.9896529008     H 
          -13.1603422005          -13.4121428264           -1.0501554294     O 
          -13.8806658555          -12.9743059558           -2.7046782702     H 
          -11.6317011984          -14.3518079995           -1.4763118536     H 
           -0.8262907794           15.3908631667           -0.2735379633     O 
           -1.8107718187           15.6886009335           -1.7934614915     H 
            0.8290281470           14.9029814078           -0.9185481855     H 
           -9.6702540481          -10.7525230217            9.5454266242     O 
          -10.3938353194          -11.5447112315            8.0813502003     H 
           -7.9656456073          -11.4569781710            9.6958013139     H 
          -20.5725172705            4.6443903922            4.8314159125     O 
          -19.8280065069            5.2049041916            6.3971860886     H 
          -19.6215625339            5.4250739325            3.4692652154     H 
           20.5263522257          -10.0382940036           -5.2330068722     O 
           20.3245867088           -8.3486648604           -4.5179821907     H 
           19.8424816286           -9.9285082382           -6.9113756245     H 
            2.4246821150          -15.4283632743            1.8430460950     O 
            1.1000442562          -16.5627448345            2.3319383792     H 
            3.1013025482          -14.6741655560            3.3942007928     H 
           -8.6096373469           -9.2493820823          -11.4281028157     O 
           -7.1497486279           -8.3971600675          -10.7099943505     H 
           -9.6681663097           -7.9413842369          -12.1440216430     H 
           11.7543137029           -2.4549021704            1.0007134233     O 
           10.3632164955           -1.3302700702            0.7248863336     H 
           11.2318810659           -3.6618636307            2.2783739965     H 
          -10.3454548151           10.3787442062           -9.8463021718     O 
          -10.6610897228            9.9639416760          -11.5829948961     H 
           -9.8595212444            8.7883068261           -9.0329041342     H 
           10.7621136124           12.5156248054           -2.8136858307     O 
           12.0890286091           11.3470199706           -3.3190850799     H 
            9.9260537002           13.0462015868           -4.3458515406     H 
           24.1424004491            0.1090484083            3.3887332804     O 
           23.7939255065            0.2062223670            1.5943940828     H 
           23.8675379605            1.8002970160            4.0652148229     H 
           12.8935678888            9.9772858288            3.1253377987     O 
           13.3647307171            8.3030229521            3.7842452219     H 
           14.0966868777           10.2872711445            1.8007417594     H 
           11.4565613864           -7.0670167299          -10.4282883941     O 
           11.7143621001           -5.6574608138          -11.5602537643     H 
            9.7998083077           -7.7087832930          -10.8654414878     H 
           -4.1411993996          -12.1541241795           -6.7993913950     O 
           -3.7766603508          -13.6734180845           -5.8165931622     H 
           -5.9438205778          -12.1559374193           -7.1302253082     H 
           16.9174239753            7.1230832600            9.2506058545     O 
           16.1012052472            6.4859850421            7.6879350751     H 
           15.7860041647            6.6112729691           10.6044417283     H 
          -17.3446871901           -6.3600152144           -5.5047599175     O 
          -17.8904874650           -4.6293534915           -5.8581904495     H 
          -18.5763832119           -7.0000491435           -4.2636881241     H 
           12.4344387864           -1.1232669709           14.0133523657     O 
           11.3072218300            0.3035553478           14.2606744683     H 
           14.0558113022           -0.4495575146           13.4923464396     H 
            8.0782970151           12.9922085297           -7.4173048963     O 
            6.7088673421           12.9842040928           -8.6286815991     H 
            9.2305282538           11.6815672488           -8.0025894406     H 
          -11.5589826194            0.5931957760          -13.6997629626     O 
          -13.2484491558            1.2685019817          -13.7910552226     H 
          -11.7204729102           -1.2417490950          -13.5183004179     H 
          -14.2567556331           -7.0443030766           -9.5957842640     O 
          -15.5609472053           -7.0543718725           -8.3029883011     H 
          -14.5209534089           -8.4834881915          -10.6555232313     H 
            6.1006157256            6.5435569924           -8.8002174192     O 
            6.1465867322            5.4720272751          -10.3010621923     H 
            7.7818220913            7.2938311115           -8.6123422023     H 
           15.0926013327           -8.8249964305           -4.0053297398     O 
           16.0919693456          -10.2912951932           -3.5189264221     H 
           14.8023300633           -7.9432574516           -2.3968893382     H 
           19.7302834423           -5.4441435250           -2.9976668064     O 
           20.3591797531           -5.6465429620           -1.2858926071     H 
           18.0080559408           -4.7884237675           -2.8185356463     H 
           17.6942993705            0.3362145429            7.0665912107     O 
           19.0287006566           -0.9269291795            6.9426452548     H 
           18.3212656436            1.7959806776            6.1605093212     H 
           -1.3816071191           12.2844654239           11.2832091602     O 
           -1.6976153667           12.4565345011            9.4777995515     H 
           -2.6040102887           11.0524829151           11.8871047890     H 
           -1.4934787572           -0.8488710220          -10.3386089860     O 
           -1.2857081026           -2.3761022613          -11.3389441222     H 
           -2.7251834474           -1.2395139058           -9.0201205063     H 
          -13.3816665304            5.1722640221          -10.1062690872     O 
          -12.1638375262            5.7889699864          -11.3524536136     H 
          -14.7024996027            4.3403492072          -11.1168727944     H 
          -17.1686308068          -10.4429018898            0.7669640638     O 
          -15.8861300316          -11.5918314020            0.1790963793     H 
          -16.5946199270           -8.6987234119            0.3779212228     H 
            9.8922949843            1.7396518393           -8.3962907240     O 
           10.0297795570            3.4662214100           -8.9116975780     H 
            9.9424732694            1.7169400754           -6.5552130394     H 
           13.6208807045            4.7883357444           12.3758082133     O 
           12.6670937272            4.9586061011           13.9074276799     H 
           12.5057483615            3.8445048721           11.2031198582     H 
           -3.0904406491           15.0146084870           -4.8622520896     O 
           -4.5942046155           14.3407966559           -5.6664542095     H 
           -1.6587546332           14.1901794612           -5.6882573015     H 
          -23.9805254646           -0.8694750933            0.8472232310     O 
          -23.2732467538            0.6122660413            0.0150658913     H 
          -24.7361032925           -0.1550894413            2.3812205182     H 
            7.5497438597          -14.7755850716           -5.9256304810     O 
            6.5594880311          -14.1425827867           -7.3126212264     H 
            8.9989740188          -13.6579365342           -5.7707820387     H 
           -6.4320612753          -15.5874738387            5.8792071373     O 
           -8.0476394067          -15.0254377558            5.2626210000     H 
           -5.2847317991          -15.6515285766            4.4392485962     H 
           -1.6064910561            1.9603386058           13.9048874082     O 
           -0.9026782481            3.6221740294           14.1725324195     H 
           -1.0414804291            1.4114843542           12.2249614651     H 
            3.9341711052          -11.6003005836           -8.9240440045     O 
            2.4977470859          -11.2729436698          -10.0069968437     H 
            3.1681222731          -12.4286340740           -7.4687269215     H 
          -22.5763989140           -3.1629542891           -3.6481733841     O 
          -22.4758790482           -4.9733143856           -3.5103130297     H 
          -23.6588997768           -2.5915084906           -2.2912917494     H 
          -16.1964079173           -3.8150135389            8.9460315455     O 
          -15.4588201133           -2.7272527648            7.6074684468     H 
          -16.9424435081           -2.6399437440           10.1178157797     H 
           -7.3524120865            0.8999206988          -10.5667487503     O 
           -6.6886508483           -0.6337398706          -11.3116899375     H 
           -8.8884178914            1.2760058452          -11.4757061579     H 
           17.7956630740          -12.5701219444           -1.7839939039     O 
           19.1201607013          -12.1019079777           -2.9877744686     H 
           18.3818320625          -12.0406531292           -0.1451844004     H 
            7.4944122147           -4.1138973636          -15.6744701936     O 
            7.1845692630           -5.6017915090          -14.6409176120     H 
            8.9819109822           -3.3297418631          -14.9742291507     H 
           -3.1582211414          -14.7180611773            1.9242218201     O 
           -4.6224304871          -13.6837152352            1.4466576816     H 
           -2.1533890270          -13.5348249507            2.9375719552     H 
           -5.1875414382           14.4868766324            2.6050987616     O 
           -4.4050614601           14.1937231426            4.2335365032     H 
           -3.8035253074           14.8842653477            1.4725434838     H 
          -11.1172763178          -12.6380053878            4.1850631414     O 
          -11.6004592945          -10.8388866300            4.4227941709     H 
          -12.2802713335          -13.3114631528            2.9624892014     H 
            5.8646950430          -13.1255998408           -1.4934306304     O 
            6.4517235843          -13.9792397410           -3.0393742807     H 
            4.7908185097          -14.2932603355           -0.5938505016     H 
           18.6454980414            6.8894892915           -6.0762694115     O 
           18.5784228075            5.4953440153           -7.2638327386     H 
           19.5462418984            6.2617952916           -4.6178521645     H 
           11.2086198897            2.5006098816          -14.0231171253     O 
            9.4648925228            2.8722002504          -13.5765780784     H 
           12.2413086227            3.5363530430          -12.9143397127     H 
            8.7182262908            0.0582503872            4.9717165524     O 
            7.8588866205           -1.4490460336            5.5479410221     H 
            7.9458528008            0.5351758781            3.3894854826     H 
          -20.0542109755            4.5960089918           -9.7744118578     O 
          -20.8583948209            3.5954071715           -8.4591003476     H 
          -19.2784955695            6.0160786006           -8.9383490844     H 
          -20.7410223623           -4.7700268953            1.7323802461     O 
          -20.6416756043           -5.2422308744            3.5162624403     H 
          -21.9175437335           -3.3503254359            1.5891109639     H 
          -12.6080491596            6.0830613938           11.1629675591     O 
          -11.5598106281            6.2742918830           12.6728355376     H 
          -11.4176239516            6.2829006997            9.7651667060     H 
          -17.5906508864            2.9968398086           -4.8641347370     O 
          -17.9084432593            2.1390498263           -3.2678492490     H 
          -15.8627700055            3.6552076174           -4.8203591602     H 
          -22.2376035106            3.5109366869           -1.3005451024     O 
          -23.0759005608            5.1155854573           -1.2950397116     H 
          -20.5386228650            3.8502119881           -0.6227551883     H 
          -22.6803450039            1.7848645671           -6.1627093037     O 
          -22.3912526644            2.3736084776           -4.4346032288     H 
          -24.4688447784            1.6684329631           -6.3809310145     H 
          -20.8087178056           -8.0131239457           -2.1614888221     O 
          -20.8870101298           -6.8933742597           -0.6802437733     H 
          -20.0818522553           -9.5515940728           -1.5091760778     H 
           16.5687181188           -7.6567374732           -8.7563305600     O 
           16.1364231917           -7.8939871475           -6.9816367939     H 
           14.9872438568           -7.8016673313           -9.6500336411     H 
            1.5866517412            6.4917372912           -5.7151091067     O 
            0.1654165292            7.6232166197           -5.9905312426     H 
            3.0329470091            7.5730400282           -5.3900168705     H 
           21.8612682431           -2.6536355842            6.7859465144     O 
           22.7071287884           -1.7707718741            5.3630225112     H 
           22.9136124644           -2.3732708174            8.2302294250     H 
           -8.6835871502            2.5363169079            3.5328718299     O 
           -9.4288039261            4.2074741061            3.2868041427     H 
           -8.9371754378            1.6157293316            1.9621556656     H 
           -3.4875002242          -15.8196228982           -3.2623428671     O 
           -5.3154875584          -15.9921798129           -3.1953075605     H 
           -3.0045371175          -15.5460698020           -1.5102684250     H 
          -17.1007497316          -10.3672767029            5.7057742572     O 
          -17.3527625792          -12.0204048887            6.3867466346     H 
          -17.2769710204          -10.4942852739            3.8431740901     H 
          -12.5044694747           -7.9611182986            5.0986810799     O 
          -12.4106297937           -6.6492315822            3.8193859651     H 
          -14.2616281100           -8.2702785543            5.4924642450     H 
           19.0163694570            3.3989859198            3.0048936326     O 
           18.8921568338            1.6661386130            2.3773986883     H 
           19.9282380078            4.3362255536            1.7406384050     H 
           17.2938247692            8.4747499048            0.5306546158     O 
           18.1894087065            8.8433425760            2.0980723431     H 
           18.4792736088            7.4976343059           -0.4494232675     H 
           16.9291541143            0.9178943870           12.0276685918     O 
           16.9816272785            0.7012468788           10.1864450368     H 
           15.9875433990            2.4797634322           12.3109968902     H 
           13.9169853975            4.0192306512           -5.8303089787     O 
           13.8214879819            5.5410464860           -4.8161341959     H 
           15.3851713825            3.0670963849           -5.2606084320     H 
           14.5250680776           11.5513906410            8.0320934095     O 
           14.3190286552           11.3224455422            6.2287753801     H 
           15.7086259330           10.2714449304            8.6012822306     H 
           11.4945731646           -2.2294316165          -12.5766847411     O 
           12.7913035127           -1.9395182590          -11.3039419158     H 
           11.3441867232           -0.5380922387          -13.3618316486     H 
           21.4165243450           -1.7226089545           -6.0306700375     O 
           20.7220516706           -2.1762814024           -7.6887899482     H 
           21.0559209440           -3.2151212288           -4.9998963812     H 
          -18.1315492266            0.9895745271           10.0764655932     O 
          -19.6851814965            0.3190485476            9.3564992882     H 
          -18.1863250411            2.8035303278            9.8267037178     H 
            4.0989738340           10.9880092174          -10.1149881219     O 
            4.7089097050            9.3617411956           -9.4436099868     H 
            3.3718861440           10.5564597662          -11.7263708235     H 
           -8.5080095490          -14.5209123846           -2.9070183798     O 
           -7.9157844712          -13.3753776521           -1.5679845580     H 
           -8.8939994774          -13.4858392804           -4.3649258987     H 
            7.1115479395           -7.9052708556           -7.0082683676     O 
            6.0851059201           -9.0647510547           -8.0037123460     H 
            7.1948474163           -6.2939968979           -7.9088213229     H 
           14.3752727942            2.6151747316           -0.4357167290     O 
           16.0066664913            2.4084961733           -1.2165988597     H 
           14.3470446476            1.6177139260            1.1156518912     H 
           -7.0514639083           -6.9266919990           12.3370383542     O 
           -8.1823582291           -7.9927684890           11.3771227201     H 
           -8.0520755223           -6.1001173934           13.6019594727     H 
           -4.3325147262            8.2155876997           12.2703730351     O 
           -3.4614910907            7.3556034269           10.8683590196     H 
           -3.3640260834            7.7198280593           13.7349763493     H 
           -6.9545079403           10.6255359117            8.1224480787     O 
           -5.4168963305           11.2228505928            7.3313473094     H 
           -6.5255013946           10.2582546419            9.8521932603     H 
           18.2721365839            2.6804778234           -9.3124312806     O 
           19.5668235406            1.6261680179          -10.0108259909     H 
           16.8842113788            1.5662772964           -8.8697331983     H 
           18.6499716571           -3.1316378077           -9.9944502982     O 
           18.2379884676           -4.9055691371           -9.7062064046     H 
           17.0697612851           -2.2562932648           -9.7230067335     H 
           17.6370561815            1.0137331895           -3.9745489544     O 
           16.7069697630           -0.5238008154           -3.5251672808     H 
           19.0446319247            0.4115333225           -4.9992470646     H 
           22.4328318435            0.6269456116           -1.5648212134     O 
           22.7015726488           -0.0687677161           -3.2375458968     H 
           20.8247650791           -0.0777878318           -1.0073120017     H 
           23.4674473775            4.6834534298            5.7760807167     O 
           22.5492292503            4.2608037932            7.3406920592     H 
           25.0446875935            5.3982073083            6.2999407764     H 
           21.1187964167           -6.0596768113            1.9042432335     O 
           22.8271261532           -6.5185803557            2.2730068535     H 
           20.0601036951           -7.5252031779            2.3200453714     H 
           20.8917055461            4.0170634158           10.0105723581     O 
           20.1336977995            2.7030501791           11.0247655262     H 
           19.5743748976            5.3061251266            9.8312109576     H 
           13.2857862532           -8.3216914436            8.2433080885     O 
           12.9873520499           -7.3391894478            9.7539860859     H 
           15.0773081341           -8.2984848848            7.9635555689     H 
           14.4683447601            8.8774639351           -3.8170705807     O 
           15.1914520660            8.7742528575           -2.1405185108     H 
           15.9071411791            8.6549740412           -4.9443086751     H 
           14.8827486117            5.7611573659            4.9541253872     O 
           16.4072024771            5.4927861382            3.9594230459     H 
           14.0225972934            4.1066016966            4.8546511160     H 
            2.4239301211           -6.0059953455           -9.5975191793     O 
            1.5901904475           -7.3594233588           -8.6556194782     H 
            2.4220790644           -4.6004972277           -8.3920582115     H 
           -8.9634432146           -1.2815991258           -1.1347412909     O 
           -7.1631835171           -1.6279792856           -0.7765667316     H 
           -8.8567614034           -0.2677501975           -2.6540486553     H 
           -4.1302488845           -1.4413123527           -0.3912414923     O 
           -3.6887629993           -1.5057965376            1.3757777351     H 
           -3.0242395071           -2.5714354257           -1.2882740234     H 
           11.0577562007           -7.3483324617           15.1387283736     H 
$end
$set
 chrg  1
 ewin_conf 50.0 
$end
