0        -14.88687055         -5.07054445
   1      -19.9595188634      963.6
   2      -25.0536038017     1123.5
   3      -30.1448193747     1288.7
   4      -35.2338871813     1491.5
   5      -40.3219340563     1669.4
   6      -45.4096112422     1845.0
   7      -50.5069608078     2061.4
   8      -55.5953569656     2221.3
   9      -60.6859143334     2371.8
  10      -65.7764332773     2520.7
  11      -70.8691551660     2642.9
  12      -75.9593778109     2822.2
  13      -81.0440765020     3021.7
  14      -86.1336949376     3171.1
  15      -91.2241338138     3296.0
  16      -96.3130190119     3469.3
  17     -101.4007909700     3607.7
  18     -106.5011540951     3768.4
  19     -111.5882265880     3908.0
  20     -116.6865659214     4076.8
  21     -121.7774712971     4206.7
  22     -126.8651101955     4376.6
  23     -131.9554306499     4503.4
  24     -137.0515071655     4666.7
  25     -142.1428683069     4820.6
  26     -147.2331068186     4992.0
  27     -152.3216357477     5157.0
  28     -157.4127855181     5308.2
  29     -162.5019961313     5487.3
  30     -167.5897755590     5643.1
  31     -172.6790298191     5802.2
  32     -177.7620410376     5990.3
  33     -182.8524461208     6150.8
  34     -187.9510224477     6268.6
  35     -193.0442640612     6388.5
  36     -198.1333001930     6555.7
  37     -203.2232572209     6706.2
  38     -208.3137128171     6828.0
  39     -213.4189641904     6955.9
  40     -218.5079314319     7120.9
  41     -223.5959698030     7259.1
  42     -228.6802701831     7426.0
  43     -233.7708269789     7578.3
  44     -238.8640967999     7730.6
  45     -243.9718494705     7843.1
  46     -249.0618505040     8001.6
  47     -254.1478173335     8162.0
  48     -259.2388872148     8308.9
  49     -264.3295686328     8499.7
  50     -269.4219344827     8653.4
  51     -274.5110868225     8808.2
  52     -279.6060492727     8954.6
  53     -284.6899627985     9114.6
  54     -289.7816893526     9282.0
  55     -294.8752029608     9408.1
  56     -299.9680792904     9550.4
  57     -305.0641574994     9658.4
  58     -310.1521529694     9827.0
  59     -315.2425570321     9963.7
  60     -320.3289885513    10108.4
  61     -325.4248659002    10242.3
  62     -330.5136064726    10392.9
  63     -335.6059402420    10546.6
  64     -340.7003585988    10706.7
  65     -345.7920688516    10820.4
  66     -350.8848394138    10989.2
  67     -355.9751681633    11119.4
  68     -361.0686575102    11262.4
  69     -366.1612458620    11408.4
  70     -371.2537054037    11545.5
