0          0.22955217         -5.07054445
   1       -5.0881923241      282.9
   2      -10.2101273750      470.0
   3      -15.3046265751      654.3
   4      -20.3984655979      835.6
   5      -25.4882055770     1023.6
   6      -30.5808061727     1195.1
   7      -35.6701361302     1368.3
   8      -40.7708858377     1529.8
   9      -45.8662883013     1661.5
  10      -50.9619847197     1819.4
  11      -56.0515372037     2012.9
  12      -61.1390279895     2165.6
  13      -66.2305984901     2328.8
  14      -71.3208724702     2471.2
  15      -76.4109321624     2631.5
  16      -81.4998745264     2795.0
  17      -86.5885032979     2955.3
  18      -91.6726197205     3119.4
  19      -96.7723483716     3296.0
  20     -101.8634344965     3443.1
  21     -106.9540098341     3595.5
  22     -112.0437409880     3760.0
  23     -117.1393401431     3914.9
  24     -122.2263114346     4073.2
  25     -127.3136601447     4239.9
  26     -132.4110943621     4383.0
  27     -137.4980372481     4525.5
  28     -142.5836115339     4684.6
  29     -147.6718211029     4837.3
  30     -152.7629916709     4996.5
  31     -157.8502786779     5155.8
  32     -162.9443688470     5292.5
  33     -168.0373815286     5448.2
  34     -173.1272068882     5587.6
  35     -178.2175785007     5736.8
  36     -183.3092200745     5890.9
  37     -188.3999269781     6031.4
  38     -193.4935231373     6193.3
  39     -198.5802958400     6364.1
  40     -203.6839396024     6473.8
  41     -208.7782049147     6621.2
  42     -213.8682905715     6766.2
  43     -218.9633604622     6898.0
  44     -224.0548123506     7037.2
  45     -229.1454137234     7191.9
  46     -234.2354918763     7334.8
  47     -239.3250821310     7482.1
  48     -244.4125382093     7625.6
  49     -249.4995452727     7784.1
  50     -254.5847639973     7958.8
  51     -259.6768663619     8083.0
  52     -264.7797101348     8261.7
  53     -269.8707743141     8386.9
  54     -274.9630071151     8503.3
  55     -280.0567996877     8635.8
  56     -285.1550030148     8778.6
  57     -290.2415749755     8937.3
  58     -295.3335057284     9085.8
  59     -300.4257330737     9222.4
  60     -305.5137448581     9386.2
  61     -310.6085325043     9543.2
  62     -315.7114553491     9642.0
  63     -320.7939560969     9803.9
  64     -325.8951620264     9958.8
  65     -330.9880983125    10113.5
  66     -336.0793094597    10247.2
  67     -341.1761346284    10360.4
  68     -346.2628328868    10504.6
  69     -351.3662812724    10584.0
  70     -356.4574149434    10716.0
  71     -361.5447889961    10867.6
  72     -366.6363417800    11003.2
  73     -371.7264533563    11142.1
  74     -376.8141648113    11334.2
  75     -381.9133784056    11449.5
  76     -387.0031471397    11580.9
  77     -392.0939117882    11712.9
  78     -397.1855622985    11880.7
  79     -402.2717908114    12046.4
  80     -407.3660256761    12178.7
  81     -412.4587082348    12310.0
  82     -417.5479075473    12467.3
  83     -422.6434621461    12607.4
  84     -427.7308897932    12746.6
  85     -432.8212676006    12896.2
  86     -437.9134437325    13035.2
  87     -443.0151432033    13140.1
  88     -448.1035963330    13292.8
  89     -453.1936711647    13446.2
  90     -458.2812696578    13600.8
  91     -463.3736885221    13720.8
  92     -468.4752983385    13842.2
  93     -473.5674738029    13970.4
  94     -478.6640943853    14069.5
  95     -483.7635065192    14205.2
  96     -488.8574985624    14343.4
  97     -493.9478956990    14520.7
  98     -499.0512253616    14644.7
  99     -504.1464394827    14801.7
 100     -509.2399871608    14940.0
 101     -514.3351256825    15095.1
 102     -519.4274018868    15259.2
 103     -524.5151990470    15406.9
 104     -529.6036988453    15552.1
 105     -534.6927283980    15690.9
 106     -539.7837645984    15836.5
 107     -544.8749008044    15991.6
 108     -549.9589035757    16150.3
 109     -555.0532611324    16297.9
 110     -560.1534196131    16424.0
 111     -565.2447304715    16561.9
 112     -570.3344654580    16699.7
 113     -575.4235433903    16848.3
 114     -580.5123328028    16964.5
 115     -585.6047180025    17094.8
 116     -590.7031771294    17216.3
 117     -595.7937104730    17352.9
 118     -600.8847230393    17497.2
 119     -605.9763537779    17620.5
 120     -611.0699105487    17751.5
 121     -616.1615213966    17885.1
 122     -621.2603349636    18004.8
 123     -626.3527659543    18164.6
 124     -631.4470870884    18312.8
 125     -636.5433387549    18453.5
 126     -641.6372124905    18591.3
 127     -646.7376693433    18727.0
 128     -651.8281857990    18861.8
 129     -656.9226217695    18996.2
 130     -662.0192625767    19136.7
 131     -667.1036878424    19291.6
 132     -672.1939013324    19438.9
 133     -677.3015216108    19555.7
 134     -682.3958043573    19699.3
 135     -687.4899146965    19842.5
 136     -692.5901981996    19966.6
 137     -697.6838259320    20091.4
 138     -702.7794154209    20197.3
 139     -707.8769835892    20331.6
 140     -712.9725834725    20454.7
 141     -718.0693320362    20585.8
 142     -723.1578183129    20730.5
 143     -728.2483645555    20866.2
 144     -733.3349620329    21023.5
 145     -738.4382131227    21125.3
 146     -743.5317090685    21253.1
 147     -748.6255656285    21408.0
 148     -753.7234338232    21541.4
 149     -758.8197084388    21659.7
 150     -763.9081764861    21789.8
 151     -769.0003451574    21927.8
 152     -774.0928660245    22059.1
 153     -779.1813473111    22217.1
 154     -784.2786938757    22317.5
 155     -789.3702043389    22467.1
 156     -794.4636669036    22580.5
 157     -799.5579902633    22738.9
 158     -804.6671499284    22852.0
 159     -809.7562945323    22983.5
 160     -814.8461068378    23102.7
 161     -819.9423806319    23217.5
 162     -825.0322594368    23359.5
 163     -830.1342965135    23498.7
 164     -835.2281588773    23614.7
 165     -840.3154303801    23756.9
 166     -845.4289178953    23860.2
 167     -850.5229773853    24012.5
 168     -855.6192172119    24141.5
 169     -860.7170912778    24264.6
 170     -865.8099961219    24427.9
 171     -870.9122553524    24585.5
 172     -875.9988147745    24741.8
 173     -881.0939334567    24888.6
 174     -886.1888900102    25020.4
 175     -891.2869187364    25121.8
