   -0.69732351
    0.33445637
    0.35117898
   -0.68146227
    0.32659669
    0.34860283
   -0.67193379
    0.33432705
    0.35256027
   -0.68607042
    0.34715960
    0.36111437
   -0.68557251
    0.35225252
    0.34649921
   -0.68627736
    0.34477255
    0.32054093
   -0.66880500
    0.33955655
    0.34253763
   -0.70616062
    0.35079892
    0.32317117
   -0.67031245
    0.30988152
    0.34637375
   -0.67031503
    0.33989646
    0.35028700
   -0.67222197
    0.33669170
    0.35423131
   -0.66595488
    0.31857128
    0.33722535
   -0.65704093
    0.32632691
    0.33586417
   -0.68392141
    0.35201362
    0.31772330
   -0.67544128
    0.36184022
    0.32370542
   -0.65474048
    0.32330075
    0.35089275
   -0.68137857
    0.34054742
    0.35336949
   -0.66242485
    0.31731236
    0.32951374
   -0.68046512
    0.34558829
    0.32572092
   -0.67548501
    0.36625729
    0.34115719
   -0.63974038
    0.28857319
    0.35536763
   -0.67984894
    0.33987901
    0.33012263
   -0.68764655
    0.32139844
    0.35109105
   -0.67862558
    0.32589760
    0.34978706
   -0.66953673
    0.32764541
    0.35854416
   -0.67928443
    0.32217703
    0.34696730
   -0.68663536
    0.35144397
    0.36470221
   -0.67908043
    0.32765290
    0.35556761
   -0.67636507
    0.32270847
    0.34448715
   -0.65807617
    0.31865249
    0.31526465
   -0.66156292
    0.34193153
    0.31485410
   -0.66264935
    0.31288996
    0.35022159
   -0.66703402
    0.33243695
    0.34036563
   -0.68885590
    0.33712699
    0.36221721
   -0.68478187
    0.35767433
    0.34279528
   -0.65997005
    0.32808037
    0.32219172
   -0.70093789
    0.35733603
    0.34265737
   -0.68029957
    0.34958863
    0.33604575
   -0.69413228
    0.35196226
    0.34877566
   -0.69561766
    0.34637977
    0.34324931
   -0.68566278
    0.33244444
    0.35572327
   -0.66076834
    0.35260922
    0.31873582
   -0.68040726
    0.35364720
    0.33894335
   -0.68680186
    0.32276812
    0.35343054
   -0.68908947
    0.32375397
    0.35936959
   -0.65988817
    0.31342609
    0.33560329
   -0.66739763
    0.33821392
    0.30927765
   -0.66385757
    0.32546560
    0.33002077
   -0.67940107
    0.34420760
    0.32187518
   -0.62326791
    0.31730153
    0.32632918
   -0.67510476
    0.33545369
    0.33140193
   -0.67246412
    0.32705322
    0.32845338
   -0.69760342
    0.35699856
    0.35339396
   -0.66867068
    0.33267533
    0.33165943
   -0.66610410
    0.34066200
    0.32163258
   -0.66989121
    0.35462992
    0.33581556
   -0.64389066
    0.32534613
    0.32770099
   -0.65968727
    0.31915031
    0.34026024
   -0.70534564
    0.35804008
    0.32417796
   -0.64851939
    0.31203402
    0.34347566
   -0.68103761
    0.33583852
    0.34804069
   -0.66025944
    0.34031611
    0.33051657
   -0.65503248
    0.33426191
    0.31927841
   -0.67593009
    0.32370838
    0.36244684
   -0.68369540
    0.33485311
    0.34655934
   -0.67451134
    0.32962886
    0.33108505
   -0.68750059
    0.35593601
    0.34926919
   -0.67477447
    0.33138508
    0.32437854
   -0.64342568
    0.33585098
    0.31539052
   -0.67707965
    0.33118709
    0.34457534
   -0.68238500
    0.35068554
    0.34954857
   -0.67096840
    0.32271049
    0.35373647
   -0.68871104
    0.33289550
    0.35684466
   -0.66604222
    0.34519114
    0.32114988
   -0.67186845
    0.34106604
    0.32796533
   -0.66433837
    0.34246304
    0.32506737
   -0.69706755
    0.36102794
    0.32538221
   -0.64302132
    0.30969891
    0.33167682
   -0.67301621
    0.32700741
    0.34215966
   -0.69117226
    0.33644745
    0.35609148
   -0.63035155
    0.30790555
    0.32703684
   -0.69190012
    0.33460487
    0.34693858
   -0.66070758
    0.33550790
    0.32300914
   -0.68681924
    0.35129024
    0.33506837
   -0.62443819
    0.31172489
    0.33018044
   -0.67357637
    0.33449201
    0.32736069
   -0.66980843
    0.33900521
    0.33846835
   -0.65793225
    0.32761224
    0.31590876
   -0.66088851
    0.32164577
    0.33117201
   -0.69023189
    0.34893377
    0.35429667
   -0.64975065
    0.28775046
    0.36522240
   -0.65695000
    0.32882398
    0.33923623
   -0.67967767
    0.32291006
    0.33269083
   -0.63023255
    0.32473945
    0.32348636
   -0.64309065
    0.32415794
    0.32451024
   -0.62098529
    0.28335881
    0.34975462
   -0.64332249
    0.32754441
    0.32160513
   -0.65256153
    0.32786781
    0.31574923
   -0.65043954
    0.32957886
    0.31413173
   -0.65092995
    0.34962870
    0.31377569
   -0.64557781
    0.32867922
    0.32087358
   -0.67001935
    0.32411442
    0.34303512
   -0.65457694
    0.32305326
    0.32226339
   -0.66436009
    0.33939393
    0.33537359
   -0.68988728
    0.31342936
    0.36361625
   -0.64771892
    0.32127409
    0.33612687
   -0.61709119
    0.33586743
    0.29511694
   -0.66221483
    0.33756030
    0.31206982
   -0.66658278
    0.33170049
    0.33457147
   -0.65721177
    0.33380679
    0.31953663
   -0.65802154
    0.32876646
    0.33088612
   -0.63659037
    0.31710069
    0.32840835
   -0.66648322
    0.35942979
    0.29578333
   -0.66303592
    0.33877465
    0.32242427
   -0.66840296
    0.33866929
    0.34660764
   -0.65116260
    0.34309393
    0.31357997
   -0.67550943
    0.35258876
    0.32911220
   -0.63045000
    0.33419989
    0.26841984
   -0.66268237
    0.33032191
    0.32769967
   -0.68846239
    0.33647179
    0.33204722
   -0.62933817
    0.31470681
    0.32435083
   -0.64159671
    0.34509662
    0.29857528
   -0.64030435
    0.30582230
    0.32544917
   -0.67133475
    0.33981295
    0.32188880
   -0.64203201
    0.34660717
    0.28049430
   -0.66288537
    0.31597776
    0.34095287
   -0.63051598
    0.34095092
    0.31211636
   -0.64388235
    0.28424300
    0.35662311
   -0.65708304
    0.33341021
    0.33695500
   -0.65902215
    0.35521093
    0.29941479
   -0.64695941
    0.34622064
    0.30900570
   -0.67294482
    0.34203550
    0.32832155
   -0.63291158
    0.29205396
    0.35117196
   -0.68376303
    0.32771840
    0.35509507
   -0.65098504
    0.35261281
    0.29880483
   -0.65223476
    0.33587482
    0.33974222
   -0.67464388
    0.34839791
    0.33238889
   -0.66167970
    0.31620659
    0.34957764
   -0.64606346
    0.35544660
    0.29980820
   -0.63966233
    0.34123974
    0.30101233
   -0.67740808
    0.33844029
    0.31425059
   -0.64335880
    0.32404459
    0.31168877
   -0.69585667
    0.33863561
    0.35971271
   -0.66990800
    0.31956138
    0.34580197
   -0.62072672
    0.28655747
    0.34104770
   -0.65791034
    0.32018215
    0.33539357
   -0.64824166
    0.31457178
    0.33550735
   -0.65972556
    0.30776667
    0.32656710
   -0.63636019
    0.30041036
    0.33254148
   -0.69809467
    0.36402035
    0.32372185
   -0.69574427
    0.34320853
    0.35969084
   -0.69066718
    0.35450858
    0.32324458
   -0.62780690
    0.33108863
    0.30496985
   -0.64030412
    0.32148379
    0.32839842
   -0.64850926
    0.32900911
    0.32815627
   -0.66433457
    0.36571886
    0.29032124
   -0.65736390
    0.33499228
    0.31889934
   -0.66040376
    0.32771110
    0.33924688
   -0.63800104
    0.31602289
    0.32759829
   -0.63337163
    0.32514118
    0.32374543
   -0.66390245
    0.31754461
    0.34078075
   -0.68625126
    0.33099205
    0.36107457
   -0.66117782
    0.32589597
    0.34116104
   -0.68149450
    0.33619466
    0.33999298
   -0.65933460
    0.31245520
    0.33151200
   -0.63650014
    0.27916705
    0.34744795
   -0.67324266
    0.33929142
    0.32202866
   -0.67358155
    0.32540888
    0.32992207
   -0.67886754
    0.34843440
    0.31716081
   -0.65478754
    0.33466327
    0.31797178
   -0.64824388
    0.31884184
    0.33167104
   -0.64717047
    0.32861667
    0.32556744
   -0.66175039
    0.32035588
    0.34728975
   -0.71370057
    0.35657308
    0.32943429
   -0.66734752
    0.35262702
    0.32273448
   -0.68291263
    0.32934904
    0.34619587
   -0.64661110
    0.33546984
    0.32415588
