$coord
            1.0538662179           -4.8816696887           -2.0582988014     O 
           -0.7277422715           -5.3343310453           -1.8690352486     H 
            1.1902464157           -4.3700816972           -3.8483217467     H 
            2.8273734591           -8.5534089724            1.5257219983     O 
            2.8237938327          -10.0488819017            2.6082552204     H 
            3.9672679504           -8.8384119346            0.1074324751     H 
            4.4731868669            4.7415908023            0.0771391577     O 
            5.7929484323            4.8196913452            1.3573259176     H 
            2.9882609532            5.5368258239            0.8193098494     H 
            5.8711202779           -4.1115922326            0.6255586468     O 
            4.3079453858           -4.7373271535           -0.0613976848     H 
            6.2824714518           -2.5487039736           -0.2588669366     H 
          -11.1080751663            1.9635579265            8.7987062673     O 
          -11.4130036597            2.8700755503            7.2092131569     H 
          -10.0576034728            0.5291378449            8.3426416114     H 
            5.8478561951           -8.4967544450           -2.5564044130     O 
            5.8092635755           -6.7826373745           -3.1946825788     H 
            6.2143982272           -9.5637285217           -4.0078105008     H 
           -4.9168614428           -5.9452647659            4.6089133159     O 
           -3.9634517929           -6.8836153058            3.3372409126     H 
           -3.8199635984           -4.6423850063            5.2730065462     H 
            6.8946905440           -7.5027864134           10.7880002049     O 
            6.2954887865           -6.0818794094            9.7124425662     H 
            7.1601502266           -6.6897745064           12.4320176166     H 
           -2.2253318372           -8.5677804874            1.1891931855     O 
           -2.3595832338          -10.3763865067            1.4271329212     H 
           -0.4128542593           -8.2419251005            1.2410525416     H 
            0.8560693319            7.1309918958            2.7585751119     O 
           -0.6585120494            8.0875213506            2.2834499750     H 
            0.4562479297            6.2062055397            4.3001437286     H 
           -3.2785461187           -0.6006133597           -3.8388444987     O 
           -3.1760680202           -2.3277069990           -3.2671310825     H 
           -4.4175605666            0.3069566026           -2.6908732703     H 
            4.4937453552            4.8107963184            5.6438796469     O 
            5.8063310961            6.0801294033            5.5639752315     H 
            4.3642917764            4.4087079205            7.4492337135     H 
           -1.8668245281            5.6782815783           -2.1140298434     O 
           -2.3954722263            7.0961473074           -1.0907316238     H 
           -3.0828546964            5.5289628719           -3.4986561467     H 
           -8.2202037960            7.3151803464            2.6769994837     O 
           -7.4913286504            7.1250457089            0.9749302442     H 
           -9.5651879125            8.5283072485            2.4657203212     H 
           -1.0585256022            1.5422205157           -7.8679870411     O 
           -1.7180953033            0.5489225488           -6.4640101479     H 
           -1.6221353064            0.7092246696           -9.4087273248     H 
           -5.4919805904           11.5525790243           -3.6894946570     O 
           -5.8057731644           11.3201649328           -5.4656018618     H 
           -3.6962384338           11.9841430463           -3.5660743759     H 
           -8.2737715993            1.4830646228           -5.8518473095     O 
           -9.5542255087            2.6716385965           -5.2792594873     H 
           -8.2064363576            0.0783407112           -4.6672363070     H 
            0.3064571735           -3.5928883384           -6.7492241811     O 
           -0.7597269032           -4.9958411104           -7.2559793457     H 
            1.1173211570           -2.9563263410           -8.2690109930     H 
            4.7385378967            0.2781511394            3.7931718863     O 
            4.6498189576            2.0779560108            4.2806822434     H 
            6.4043276761           -0.2344144448            4.3248678295     H 
            8.9511519582           -3.0819278327            4.3959018993     O 
            7.7892671767           -3.7305182715            3.1221262202     H 
           10.4108164039           -4.1994084731            4.4228699034     H 
          -10.8445999785           11.0352410512           -4.7261906062     O 
          -10.4535769751           12.7714264432           -5.0474041335     H 
           -9.6812679213           10.0280086754           -5.7771496625     H 
            3.3418899091            1.3051634690           -5.3007996702     O 
            3.3308366624            3.1488872885           -5.0980565422     H 
            1.9154334009            1.0133512665           -6.4300386052     H 
            9.0967607187            4.4483680353            2.0996764963     O 
           10.3914065007            5.6128818243            1.5297195618     H 
            9.6287859552            2.7967978977            1.4318059907     H 
           16.3028511737           -1.8959031308            0.1647045687     O 
           17.9877526196           -2.5036616277            0.5747331047     H 
           15.0802146071           -2.9121997376            1.1175703858     H 
          -11.2179948124            1.5419449339           -0.5302607521     O 
          -11.5512927863           -0.0249840904           -1.3830535961     H 
          -11.8703744617            1.2971544289            1.1911483313     H 
            6.8247318766            0.4054614318           -1.6312242726     O 
            8.3859175937            0.9088020426           -2.4511254293     H 
            6.0638853149            1.9486306241           -1.0213287141     H 
           -7.9888119338           -2.2100101046            7.1798251943     O 
           -6.1818635610           -2.3799486524            7.3794511002     H 
           -8.2605066779           -2.2487858804            5.3459392512     H 
           -7.9231347169            0.7084547938          -10.9211694325     O 
           -8.7633823353           -0.9056249859          -11.2478556450     H 
           -7.8469541643            0.7733065238           -9.0704949850     H 
          -10.4840461620            5.1076341432          -10.1383292920     O 
           -9.6084682626            3.7077289347          -10.9445950654     H 
          -11.4510716487            4.2870106928           -8.7903372575     H 
           11.2126979383           -6.3539847153            8.0471609574     O 
            9.9470383298           -6.9834972975            9.2170553257     H 
           11.9688994593           -7.8096344885            7.2375046309     H 
            9.4580540974           -7.6572933574           -9.9991361280     O 
           10.2067110953           -6.2785964739           -9.0037980009     H 
            9.3847643136           -7.0095219273          -11.7061327102     H 
          -15.9944266454           -7.1349361917            0.4185869279     O 
          -16.0654638907           -8.8695735361            0.9884528746     H 
          -16.6438267404           -6.1448912697            1.8784485851     H 
           -6.0791810043            2.0361763918           -0.4977684141     O 
           -7.9058859389            1.7848057316           -0.4626251742     H 
           -5.8369290657            3.7949945300           -0.9346148788     H 
            0.7789319902           -9.8652597041           -3.5894237124     O 
            1.3974460378           -9.8212511800           -5.3450980726     H 
            1.2525704470           -8.2673782364           -2.8155240817     H 
            1.5505857540           -0.0577172273            7.7577678820     O 
            2.7237461290           -0.3443426702            6.3611613052     H 
            0.9034593920            1.6330241146            7.5098561488     H 
            7.1376349594          -11.2132665523           -6.7474076632     O 
            8.3797306164          -12.0345787024           -5.6419167127     H 
            8.0954589545          -10.1900359116           -7.9246002829     H 
            5.5262288160           -3.7107382154            7.9762418918     O 
            4.0361423992           -4.0789279679            6.9256800617     H 
            6.9305863016           -3.4578373192            6.7986965396     H 
          -11.2177111739           -6.4848110737            2.0262830007     O 
           -9.9128446468           -7.2403243129            0.9478374530     H 
          -12.8620340878           -6.6815488508            1.2044898469     H 
           10.7633114762            2.6305547230           -4.0846607974     O 
           10.0723340978            4.2908561959           -3.6373322202     H 
           12.3262755592            2.4031257866           -3.1035617566     H 
           -4.5502924302            4.8257998152           -6.3089379077     O 
           -3.1693424062            3.9139599655           -7.1344278698     H 
           -5.8600489696            3.5498598443           -6.0108805560     H 
            8.4098092231           -8.4029468275            2.3196335092     O 
            7.8996458285           -9.9552858141            1.4744824447     H 
            7.6474209500           -7.0522642451            1.3406536014     H 
            2.0638058436           -2.3008732554           12.3930057941     O 
            2.1438197203           -1.4666710777           10.7534135768     H 
            0.5734708990           -1.6565399004           13.2253402162     H 
           11.9572388322           -1.3909997873            9.0536401602     O 
           11.0535788588           -0.4237073887            7.7542463384     H 
           11.6070308480           -3.1669408997            8.7221824411     H 
           -2.7546503304           -2.6608594965            8.1523849322     O 
           -2.7296788605           -3.6234718476            9.7222863779     H 
           -1.0730171620           -1.9301886939            7.9098204503     H 
            2.1388248790            6.1165072233           -4.8741062808     O 
            2.9760351057            7.5926238002           -4.1758910092     H 
            0.6533696238            5.8665835913           -3.7626353848     H 
           -2.3070519619           14.5737986969            0.3578139943     O 
           -1.4699638452           14.6212332922           -1.2598235962     H 
           -0.9694543052           14.6742803816            1.6539862284     H 
           -6.6824510244          -12.5722431431            1.9653669695     O 
           -7.3047251550          -12.5228742348            3.7342855798     H 
           -5.0976046004          -13.4625813970            2.0389782252     H 
          -13.4557410917            0.3596487676            3.8098555495     O 
          -14.8173084603           -0.3217066525            2.7866359815     H 
          -13.2061123868           -0.8606035025            5.1457067201     H 
           18.1120920466            3.7675251603           -6.0247541595     O 
           16.5420328587            3.7452898636           -7.0124976716     H 
           18.4082216556            5.5512074720           -5.6783792344     H 
           -3.5057258895            4.8752880621          -11.7721468802     O 
           -5.2311630230            4.7867298859          -11.2191896687     H 
           -3.1159606505            3.2657166544          -12.5275146950     H 
          -16.3885833911           -1.3252372751           -0.0546856664     O 
          -16.2784212458            0.2405370155           -1.0250885318     H 
          -18.1878873949           -1.6426494578            0.1902842231     H 
            4.4833803756            3.9565431217           10.6075728855     O 
            5.4867256341            2.4952222461           11.0873966013     H 
            2.7699592399            3.6669937100           11.2335580019     H 
          -16.0763488834            2.7920571150           -2.9310894472     O 
          -14.9384698460            2.6753405307           -4.4161867054     H 
          -15.2741079492            3.9410801931           -1.7270339383     H 
           -7.8806800434            2.6783134237            4.7450955067     O 
           -8.3537081318            4.2728188390            3.9778052865     H 
           -8.8521859086            1.3643447409            3.9464840044     H 
           16.4459299804           -1.8020325698            6.8918993501     O 
           14.9510820841           -1.6407556855            7.9915549141     H 
           16.6700010261           -3.5840326973            6.5808579906     H 
           15.2028018901            2.6258433261           -1.8598292262     O 
           15.7468260333            1.0748188291           -1.0294660120     H 
           16.3911127517            2.9722997532           -3.2237678254     H 
          -17.2456409349            6.3376464554            6.9018945374     O 
          -18.2302231224            5.7074053175            5.4898048072     H 
          -16.8983147329            8.0940263062            6.4927131039     H 
            3.8933148855            3.0647694298          -11.0466719547     O 
            2.5939966774            4.3493198814          -11.0092826905     H 
            5.1099917842            3.5967569712           -9.7866155840     H 
           -5.9192182274           -8.3056995414            8.8109838510     O 
           -5.6627390217           -7.4265814807            7.1576036778     H 
           -7.4997550817           -7.5985889503            9.4520481687     H 
            9.1211356034           10.5695049681            0.2888558327     O 
           10.3915024841           10.8286892044            1.5576969092     H 
            7.5037745095           10.5470312318            1.1754315648     H 
          -11.0600377197            5.3061787262           -3.9276457573     O 
          -12.5650073439            6.2539212133           -4.4336810234     H 
          -11.4553153389            4.3595443704           -2.4002417360     H 
          -12.5410585232            5.3799733518            5.2785797494     O 
          -11.6875904985            6.9287414707            5.8047883473     H 
          -14.2452182633            5.4977477067            5.9937524311     H 
          -11.6203025757           10.7293045519            0.4035114442     O 
          -11.3633327341           10.6361133725           -1.4191326485     H 
          -10.6862991934           12.2118890910            0.9041580148     H 
          -14.1861694764            5.9236947190            0.6134198614     O 
          -13.7012404957            7.6520320841            0.3219939201     H 
          -13.4135101110            5.4615855205            2.2566903238     H 
           11.1788372853            0.0243843675            1.0583446826     O 
           12.7269536720            0.6548749551            1.8369753498     H 
           10.3815742052           -1.0038352574            2.3696611941     H 
            7.8404985966            8.6639393615            6.6442730256     O 
            9.4549624736            8.9941668034            5.8017740150     H 
            8.3142572498            7.6958864757            8.1305961551     H 
           10.4464357733           -3.7544144297           -2.5035210842     O 
            8.6933553260           -3.6360052926           -3.0510748200     H 
           10.7862905441           -2.3646385523           -1.3494931044     H 
           -1.5102062806           10.8896778775            6.9650094380     O 
           -2.8101747838            9.5976086454            7.0612905471     H 
           -0.0759510938           10.2439632977            7.9051610557     H 
           -2.6886683625           -0.6207473080           13.8176417322     O 
           -3.4727758203           -2.2465392351           13.5149724542     H 
           -3.9662790971            0.4241917948           14.5896190726     H 
           -8.9501565116           -2.0629173939            2.3580775440     O 
           -9.9611178455           -3.6065372703            2.3395771309     H 
           -7.9844517468           -2.0989175797            0.8076604896     H 
           10.9931389735           -3.5879204849           -7.5465787572     O 
           11.4536191534           -3.5854622820           -5.7604566307     H 
            9.5986530398           -2.3863592434           -7.6812206868     H 
          -12.0653810389           -8.8427879331            6.3291638348     O 
          -11.8361375767           -7.7987902264            7.8018682793     H 
          -11.5833394379           -7.7935361998            4.8631818370     H 
            5.6990908332           -3.7209365161           -4.6124078640     O 
            5.3604227908           -4.3248596242           -6.3298362692     H 
            5.0967306556           -2.0020286764           -4.5321487900     H 
            9.6288608226            0.3183816472          -12.5059149222     O 
            8.7701921060            0.4097979454          -10.8757870435     H 
           11.3668155931           -0.1782321395          -12.1451078691     H 
          -13.6907594323            2.3689082191           -7.2610828026     O 
          -13.4384985489            0.5387686740           -7.4934629676     H 
          -15.2522280400            2.7442152157           -8.1860205361     H 
           15.3219520194           -2.5482004510           -4.7397582791     O 
           15.7148985682           -2.2848881282           -2.9530901112     H 
           16.7133270836           -1.8798877144           -5.7418463930     H 
           12.4746521891           -8.1800633083           -1.5638113080     O 
           11.4144435847           -6.6739247518           -1.8460130649     H 
           13.6577959873           -8.1121767791           -2.9832553183     H 
          -19.5560001473           -5.2242266535           -2.8717162835     O 
          -20.7177160251           -4.4233290701           -1.7192565839     H 
          -18.2328402488           -5.9546333629           -1.8169620416     H 
           -0.4711295429            3.6368729518           11.5720196709     O 
           -1.1621706537            2.0516127063           12.1667743618     H 
           -1.0714411003            3.8840832658            9.8537843631     H 
            7.7935836075            0.3797309896           -7.6857792544     O 
            8.8948628378            1.3081746273           -6.5551679328     H 
            6.0876340025            0.6945007745           -7.0532913909     H 
            2.8859312794            9.0392893801            9.1433698799     O 
            4.5235045179            9.5035466220            8.5117180400     H 
            3.1177536045            7.4626622831           10.0223895398     H 
           13.6289127532            3.4858623868           -8.2284783171     O 
           12.6085018855            4.4348196181           -9.4626197751     H 
           12.5570354087            3.2829809293           -6.7345610403     H 
            1.7054843978           -4.9852481082            4.9945801450     O 
            2.3981180903           -5.9872115374            3.6224974308     H 
            0.6682699512           -6.1537032126            5.9634476455     H 
          -12.9573055840           -3.7438400654           -2.7503313432     O 
          -14.3117033238           -3.1071117491           -1.6492206668     H 
          -13.1477727318           -5.5742592879           -2.7863490198     H 
          -15.2168081232            7.3554865846          -10.3754628268     O 
          -16.3756674962            6.0088943113          -10.7687383842     H 
          -13.5327253008            6.7496572776          -10.7782518888     H 
           -0.6078610895           12.7477615170           -4.2502681268     O 
            0.8759702169           11.7927427821           -3.7154378331     H 
           -0.9981332953           12.2732054732           -5.9811190303     H 
           14.9304302386            1.9853315804            3.8622456309     O 
           16.4716304922            2.5603295572            2.9907786733     H 
           15.4477405811            0.5010376366            4.8356926872     H 
           20.5178803545            0.7842004369           -2.3775107734     O 
           21.0250723104           -0.8350356714           -3.0774272468     H 
           20.1473327747            1.8576453661           -3.8024034328     H 
           12.4670594094            9.1204583961            4.5953223098     O 
           13.3192080896            8.1171688997            5.8719788090     H 
           12.8813679535            8.2949680179            3.0111159344     H 
           13.2489835404            6.7641467018            0.0894895759     O 
           12.8565677973            7.5038268262           -1.5568894075     H 
           14.0385115812            5.1376833209           -0.3302597357     H 
            2.5523757234          -13.9425291708           -1.5205488314     O 
            2.7756369117          -15.1075764847           -2.8847939331     H 
            2.0129546536          -12.3099071073           -2.2956121986     H 
           13.2923133254           -5.0668335535            2.7129139739     O 
           14.6895249707           -5.7384696875            3.7043640331     H 
           12.8457806165           -6.3300952904            1.4663992100     H 
            2.1814398208          -12.0448355869            5.1590476645     O 
            3.8597053562          -11.8896484834            5.9167905622     H 
            1.1017814995          -10.9327481098            6.1643834321     H 
          -21.4501976253           -1.4061904570            0.5009833544     O 
          -21.4049041960           -1.1843540261            2.3117655437     H 
          -21.9668894053            0.2066643378           -0.1991795932     H 
          -13.9803273669           -3.1302520498            7.7594716018     O 
          -14.9719612698           -1.9122600143            8.6828459059     H 
          -12.8082581831           -3.9067956393            8.9339938872     H 
          -14.9941814155          -11.5621249454            3.0996942527     O 
          -16.0304791510          -12.7948262422            3.9204981582     H 
          -14.1238269229          -10.6268763650            4.4339019774     H 
           -2.5897356648           -7.8532404051           -7.6757602549     O 
           -3.3635502703           -7.3612503929           -9.2699169169     H 
           -1.2636475158           -9.0335406009           -8.0815486748     H 
           10.1822969368          -12.6319142389           -2.9756689622     O 
           10.9501995983          -11.0429359882           -2.4503928678     H 
            9.1227559448          -13.1357570250           -1.5788679519     H 
          -10.2418351760           -3.9152889962          -10.9630570110     O 
           -9.6091946982           -5.0127220444           -9.6348459221     H 
          -11.8651697526           -3.3815749490          -10.3156764197     H 
           -3.2711504017          -12.9640038293           -3.4755284898     O 
           -1.9737584793          -11.6598400158           -3.5854207199     H 
           -3.2910223106          -13.5184121880           -1.7480293490     H 
           17.7339001718           -6.5580317975            4.6839401769     O 
           17.4657361686           -8.1816356604            3.8562345580     H 
           19.1060664462           -5.7666506365            3.7790696541     H 
            6.8400384134          -10.7860283573            6.6982974603     O 
            6.8430771309           -9.8587794657            8.2750622340     H 
            7.2244440283           -9.5721359368            5.3656348608     H 
           -8.3106903122          -12.2913223159            6.6135422032     O 
           -9.8701558765          -11.3090620780            6.5241811183     H 
           -7.1675424636          -11.2219206398            7.5786843885     H 
           -7.4164749466           -8.3414090228           -0.7233245283     O 
           -6.8651693448           -9.6313963669            0.4718997370     H 
           -7.8123028363           -9.2706603069           -2.2748305218     H 
           -9.9862019738           -5.4671375040           10.1463551773     O 
           -9.5906881866           -4.6241094644           11.7170829920     H 
           -9.2206646314           -4.2882328657            8.8726039105     H 
           19.3225476187           -8.0615604121           -1.8386263474     O 
           18.6867924814           -9.3166000363           -0.6788815054     H 
           18.0545863284           -7.9327824998           -3.1670735708     H 
            9.9636403896            5.4008165417           10.0317721345     O 
           11.6899572729            5.3450990987            9.3833391904     H 
            9.9801669276            4.8950070330           11.7664723448     H 
          -16.2181066804            1.5409376548            9.2420871885     O 
          -14.3804807194            1.7465416433            9.2428392465     H 
          -16.8694139879            3.2279091186            9.0136218697     H 
           -3.1817612089            9.6372407951            1.1699882667     O 
           -2.8140341340           11.4110192433            0.7679527720     H 
           -4.4791004836            9.7115256753            2.4600337103     H 
          -18.6441238131           -1.3194174007           -5.9857508371     O 
          -19.1137314498           -2.8438364795           -5.0405626381     H 
          -18.2882664962           -0.0583621209           -4.7225874154     H 
          -17.5177242917           -4.8547779982            4.4924220956     O 
          -18.2875801360           -3.1864565210            4.4940796785     H 
          -16.1092995697           -4.6872802817            5.6576485528     H 
          -18.3076446010            2.9868372133           -9.2437653158     O 
          -18.8912869327            1.2893208342           -8.9254630299     H 
          -19.1272170509            4.0297428134           -7.9598667692     H 
           15.6505524759           -7.3505465734           -5.3833679765     O 
           15.4544562183           -5.4623419529           -5.2504749700     H 
           15.1929526771           -7.8158034548           -7.0691558233     H 
           -0.5834446826           -8.6469478439            7.7445200858     O 
            0.2802662467           -8.2124671470            9.3435486806     H 
           -2.3447534505           -8.8821907761            8.1324506021     H 
           -3.8114916087           -5.7437849202           -2.9929053021     O 
           -3.5504810579           -6.6591161661           -4.5625607319     H 
           -4.6490444191           -6.8998321859           -1.8104382161     H 
           -7.4953641757           14.2675262820            0.2093848579     O 
           -6.9989388539           13.1717121138           -1.1885430149     H 
           -6.0451567016           15.3575028018            0.4009886844     H 
            6.7518771614            5.7483315821           -7.7215766628     O 
            7.3140910414            6.0395029949           -5.9904096862     H 
            5.8675642672            7.2892751162           -8.1786172414     H 
            7.8899303579           -4.3469236533          -13.6890169203     O 
            8.4572045785           -2.6093711650          -13.3637968508     H 
            7.4075836524           -4.3964795014          -15.4283627371     H 
           -1.4262205247          -13.7437548424            1.7807026918     O 
           -0.0936145797          -14.1027325734            0.5599007308     H 
           -0.5055876118          -13.5127340576            3.3440729643     H 
           14.2547322997           -0.9890326436          -10.4378655680     O 
           13.3038332781           -2.1297590596           -9.3312384903     H 
           14.1114893053            0.6796856696           -9.6362649587     H 
           21.5967844478           -3.7432660101           -4.5497205538     O 
           21.1585038972           -5.4783795770           -4.2357093385     H 
           20.8937623964           -3.2786928728           -6.1728313036     H 
           -7.7431919344          -11.3100113499           -4.8274026263     O 
           -6.0495251712          -12.0261572742           -4.5234875558     H 
           -8.9443919433          -12.5912660563           -4.3835917991     H 
          -15.1226468019           10.6435165158            4.8174911292     O 
          -14.4601235131           10.8869723332            3.1418034554     H 
          -13.6570999642           10.6844415841            5.9177597724     H 
          -13.9810248462           -2.5676521656           -7.5680121729     O 
          -13.4018064387           -3.1002294800           -5.8922984446     H 
          -15.8092311384           -2.3948486902           -7.3831514740     H 
           -8.1235228993           -1.2081661026           12.6836542184     O 
           -7.2542140482           -0.2820987234           11.3499579398     H 
           -9.1659758781            0.0096574560           13.5198726389     H 
          -18.8244138369            4.4449517821            2.3634633860     O 
          -20.1116848609            4.3038091378            1.0718516000     H 
          -17.2673072652            5.0343943092            1.5731133265     H 
            4.5827702371           10.2671487076           -8.9903675746     O 
            3.0665292473            9.4670723519           -9.6395322996     H 
            4.0622895491           11.5401511461           -7.8086096600     H 
           14.4745193036            5.3150085444            7.5537180052     O 
           16.1068727386            5.2221275533            8.3249262385     H 
           14.4746814916            4.0492667971            6.1667247419     H 
            3.6691062655           10.4301691989           -2.6537920696     O 
            3.8072911892           10.4970673725           -0.8395879080     H 
            5.1626919622           11.3044917665           -3.3307885171     H 
           -5.4358763281            4.0944245034           13.7281609431     O 
           -5.2831596050            3.2634448253           12.0810211291     H 
           -3.8721234699            4.9902744602           13.9488752223     H 
           20.8243685061           -4.1694383956            1.0504241647     O 
           20.3742993170           -5.6144922189           -0.0343491068     H 
           22.1275491409           -3.2929590355            0.1405238424     H 
           -8.0373163837           -2.6444290063           -2.6808223299     O 
           -6.8715472224           -4.0432183777           -2.8538830803     H 
           -9.7364164180           -3.3358295485           -2.7703615730     H 
          -12.8890650887           -8.7239323727           -3.7010599615     O 
          -14.5489372569           -9.2579756910           -4.1805490094     H 
          -12.2171888611          -10.0327552760           -2.5644519422     H 
           -5.7511335094           -2.7752206370           -7.7591545820     O 
           -6.9363031679           -3.9047603882           -6.9536684719     H 
           -4.7884052040           -1.9424084047           -6.4335222559     H 
            2.2815170784           -1.6500824427          -11.1382530279     O 
            3.0382451519            0.0508505122          -11.0686957986     H 
            0.8815524503           -1.4936950479          -12.2776623508     H 
            4.8490181341           -5.6117094996           -9.1687842552     O 
            6.4646248268           -6.3328847560           -9.7054595500     H 
            4.3801994470           -4.3241121077          -10.3851239231     H 
           -5.2055822652            7.2045426871            6.9230325177     O 
           -6.2275362770            7.3212648057            5.3970558176     H 
           -6.3925103420            6.8243094788            8.2880343655     H 
          -19.6844859628            5.5395287328           -4.9722719482     O 
          -18.9699460614            7.2086462848           -5.1060610845     H 
          -18.3108043942            4.5391968034           -4.1876087875     H 
           12.1225582184          -10.5762472955            5.0689432040     O 
           10.9975224085           -9.6907567124            3.9012946038     H 
           11.0677460883          -11.7764415674            5.9296185787     H 
            6.8060875654          -13.1274235435            1.1168948539     O 
            5.2420892718          -13.4189524656            0.1694607915     H 
            6.5517170426          -13.8223212029            2.7701674573     H 
           -3.1383258253           -0.4225471612          -12.2079530483     O 
           -4.8986958516           -0.0086649642          -11.7554424355     H 
           -3.1911444944           -2.2278285286          -12.4959394470     H 
           12.8073460135            8.0431977298           -4.7566733111     O 
           11.8468788770            8.8316026040           -6.0980765351     H 
           14.5747263928            8.3857679466           -5.0740392715     H 
            0.6026975471            6.9736908090           -9.5964243411     O 
           -0.8593697167            6.0473536994          -10.2275830483     H 
            0.9627131517            6.4113433693           -7.8563250749     H 
           10.2825456309            5.4730821052          -11.3095006038     O 
            9.9437888319            4.0218800507          -12.3742983912     H 
            8.9136451823            5.4892703237          -10.0506128994     H 
          -22.5044971054            3.5145599554           -1.2585087396     O 
          -24.2168208126            4.0901002188           -1.1730348184     H 
          -21.7448664920            4.2897253327           -2.7594741461     H 
           15.9988580422          -10.3840985002            1.6772571730     O 
           14.9849962034          -11.0963038249            3.0242779867     H 
           14.7609368452           -9.7833808070            0.4603328272     H 
           18.8178611216           -1.1301104913           -8.1986783829     O 
           19.1006853121            0.6499223098           -7.9252073536     H 
           17.4237343991           -1.2437943055           -9.4164177779     H 
           -2.5799919288           10.8759546882           -8.6311676286     O 
           -4.2477305856           10.2595546027           -9.0212789450     H 
           -1.4235235635            9.5465181051           -9.1723233859     H 
            6.7367149805           -4.2919860772           14.6795369211     O 
            4.9867188634           -4.1339755070           15.1316454864     H 
            7.1099467067           -2.7296449880           13.7659047458     H 
            4.6403917767           10.2903582019            2.8278007243     O 
            3.2321292077            9.0463931217            2.9164551918     H 
            5.5697702534           10.0366797124            4.3808309898     H 
           -5.3247295216            1.7453057809            9.2026374421     O 
           -4.2134741635            0.3572258727            8.7383954779     H 
           -6.2372481276            2.1862657815            7.6626373289     H 
           -7.5500061972            8.6034703851           -7.7864307510     O 
           -6.3907521491            7.3334075370           -7.0849773010     H 
           -8.7122637156            7.6039983479           -8.8126274069     H 
           21.0675259647           -0.2031227272            5.1824181583     O 
           19.5683961735           -0.6692592335            6.1332454155     H 
           21.4533826680           -1.6335775715            4.1314071121     H 
           10.0139268560           10.1948994458           -8.7462824534     O 
           10.6223537635            9.0367273683          -10.0171969506     H 
            8.2485834843           10.4437939053           -9.1495187150     H 
           -8.9837603530           -6.6683694770           -6.5997171386     O 
           -8.0381589148           -8.2309761512           -6.5586351794     H 
          -10.5580769569           -7.0976839729           -5.7710756065     H 
           -4.6277431162           -5.4396377535          -11.7307022479     O 
           -5.0894412868           -4.3605233432          -10.2687325553     H 
           -6.1871340617           -5.7613191782          -12.5938789055     H 
            1.1354156840           14.0601330248            3.8925963294     O 
            0.1557328044           13.0936400194            5.1142120599     H 
            2.5502344834           12.9831065443            3.4504882549     H 
          -10.5502564808            9.7894883926            7.1027427057     O 
           -9.9982126585            8.9742077887            8.6450227965     H 
           -9.0618377572           10.5675170422            6.3479211614     H 
           -6.4951005172           11.9063570415            4.6542782375     O 
           -5.0723002990           12.6392995708            5.5110250191     H 
           -6.8947785765           12.9516460987            3.1882235712     H 
            7.8544563086           12.6342834097           -4.2980232478     O 
            8.7944879413           12.3050175429           -2.7615916893     H 
            8.8589345806           12.0121808558           -5.6822668162     H 
           -8.7714354574            6.2733415933           10.4683269820     O 
           -7.8692591938            5.8722528256           12.0134621960     H 
           -9.6345531951            4.7135375456            9.9742707633     H 
            7.9750135121            6.6551534873           -2.9301133165     O 
            8.6271620638            8.0959179924           -2.0076774427     H 
            6.4844478914            6.0705994653           -1.9961799109     H 
           19.3694183922            3.2712336639            1.9185154783     O 
           20.2940661904            2.3444056069            3.2240520728     H 
           19.7906511419            2.4013083098            0.3489528915     H 
           -6.8184948282            6.9813058114           -2.0109280293     O 
           -6.2837725321            8.6677004312           -2.5288313054     H 
           -8.3786645428            6.5852060412           -2.9184375549     H 
          -15.0722525717            8.0881220378           -5.3769266790     O 
          -14.0336850497            9.5728269650           -5.1478996960     H 
          -15.1916689018            7.8618607372           -7.2191849618     H 
           18.0896644544            8.6668920450           -4.6356685833     O 
           19.1521579605           10.0418017354           -5.1316261971     H 
           18.2831941783            8.4944102708           -2.7711403362     H 
            9.0565025049            1.7888357599            6.4574155403     O 
            9.2581787301            2.9088305450            5.0155506981     H 
            8.8801734825            2.8951805250            7.9038336513     H 
          -19.0590750838            0.0393979666            5.0237714461     O 
          -18.2121589235            0.3707305535            6.6187322346     H 
          -18.8353166720            1.5881914603            4.0519999189     H 
            1.7585227634           -7.2584532937           11.8879418997     O 
            1.9343628987           -5.3990630792           12.0157690599     H 
            3.4780496059           -7.8799134205           11.7723586110     H 
          -11.3274654550          -12.4058142011           -0.5867537811     O 
           -9.7231838122          -12.6288188994            0.2774838562     H 
          -12.6023398328          -12.3288373480            0.7286724002     H 
           -3.2741214035           -5.6234087168           12.2975636336     O 
           -1.7530964639           -6.5053211610           12.7690909747     H 
           -4.3039565241           -6.7940764261           11.3119081976     H 
           18.2972126249            8.0872160217            0.2859510843     O 
           19.0017508303            6.5112204937            0.9156974793     H 
           16.4892596350            7.9530264743            0.5686734390     H 
            2.3575793204           -9.8678952769           -8.2842596515     O 
            3.8461710086          -10.9098757891           -8.0743561609     H 
            3.0512031715           -8.1947581538           -8.7002657057     H 
           -1.3655169508            4.1046942605            6.3713214169     O 
           -2.1812251016            2.6776756713            5.5101471898     H 
           -2.7611071619            5.3003820274            6.6395540521     H 
            7.3982500730           -0.3393740502           11.4266895187     O 
            6.4574355415           -1.3636671920           10.2152721081     H 
            9.1592266949           -0.5200497077           10.9333728536     H 
           -3.2610556985            0.3137713157            3.7593031070     O 
           -4.5315019353            0.9262997668            2.5977155636     H 
           -1.7821850845            0.0420072640            2.6664564273     H 
            0.5902209871           -0.1279050460            0.6244320086     O 
            2.1510246958            0.4192185957            1.3817846113     H 
            0.9704743812           -1.6394149844           -0.3155904035     H 
          -21.1489180312            5.4483480659           -3.8792132652     H 
$end
$set
 chrg  1
 ewin_conf 50.0 
$end
