$coord
         -0.806475805858         -3.114425929602          2.143736946860     h 
         -1.836306201631         -1.866373029710          0.843653879231     c 
         -2.481062343080         -3.034786195839         -0.746849491038     h 
         -0.234917222822          0.296437539096         -0.123510649154     c 
          1.451548295934         -0.401511147134         -1.125789999933     h 
          0.413683625030          1.498252301507          1.431701833900     h 
         -4.056353887920         -1.011201927498          1.993318923984     o 
         -3.741511867120         -0.321834435592          3.689506760362     h 
         -1.750077945904          1.845962130723         -1.846513757413     n 
         -0.773003346365          3.415025438546         -2.510624837129     h 
         -3.407260018505          2.458660856100         -0.993405510849     h 
         -2.222328098906          0.737518866174         -3.401261441582     h 
          4.913177610466         -2.337353318432         -2.049293652754     o 
          6.395580604125         -3.428144896476         -1.899707796779     h 
          5.466325308272         -0.662892346508         -1.507058032690     h 
         -3.655615790066          1.029289643701          6.832626474350     o 
         -4.860991358359          2.419810774371          6.680761767994     h 
         -2.268508071001          1.685777406232          7.842746605929     h 
         16.349196502510          4.138890219508          3.476471165258     o 
         15.199839357799          5.264533740358          2.584507665919     h 
         17.857928714662          4.098586352898          2.442774845238     h 
         -5.383256160894         -1.185441190727         -9.828537815665     o 
         -5.156551613348         -2.652797118115        -10.895517483310     h 
         -7.037610773940         -1.409579706996         -9.051615424480     h 
          4.226530098440         -7.787373379763         -3.270559130980     o 
          5.974966535977         -7.302765356546         -2.958192106554     h 
          3.833595177351         -7.122388733598         -4.941067001632     h 
         -0.370147883906         -9.989967707796         -1.387184911347     o 
          0.002991075240        -10.350835926132          0.377067662356     h 
          1.252822247880         -9.445806569050         -2.074971974419     h 
         -4.384824049696         -6.473249267174         -0.063576995731     o 
         -5.544903109404         -6.442877081302         -1.494023728457     h 
         -3.105954577678         -7.729098952211         -0.483996948395     h 
          2.443054188307         -4.982897803281          1.291941649949     o 
          3.000646526081         -5.677659276213         -0.324512950160     h 
          3.802242660049         -3.826164615993          1.764364699080     h 
          6.451596860190         -1.647199231501          3.142013122219     o 
          6.622322201449         -0.075559897831          2.202856730654     h 
          7.656107078373         -1.552502803125          4.533946769368     h 
         -7.775362135365         -6.252479955204         -4.482573408578     o 
         -8.415528229425         -4.872605398992         -5.525032032556     h 
         -9.216979539899         -6.646860722246         -3.404465815292     h 
        -11.831714431947          1.902506467493          5.444597090019     o 
        -10.805315732010          0.629542991511          6.299731774566     h 
        -13.251302636285          0.915053079567          4.804577282856     h 
         10.148377890426          2.622774482978          4.113386618692     o 
         11.529248321630          1.884944353996          5.066682927569     h 
         10.725740331510          2.480293790780          2.368647709276     h 
          9.634428786301         -1.861986668324          7.820282044433     o 
         11.346274219153         -1.342924807653          7.390856354825     h 
          9.804168411167         -3.565712283820          8.463992265843     h 
          6.662978697157          2.585446066598         -0.467088921017     o 
          6.064779324985          3.838230902061         -1.672066666470     h 
          8.468421154945          2.425055301696         -0.818128349090     h 
        -11.551239280010         -5.275824494991          4.094802390224     o 
        -10.713158914085         -4.238892244349          5.367667579858     h 
        -11.045135689504         -6.976689466399          4.539203455568     h 
         -6.712627744813          3.765522676655          0.225588986004     o 
         -6.837623534125          3.996721480058          2.046706603946     h 
         -7.614892258409          5.222111113958         -0.449541196460     h 
         -4.950361151951          6.584447242688         -6.436602469464     o 
         -4.785100487689          7.618220209047         -4.920567175165     h 
         -6.729156273457          6.106584284631         -6.453665971777     h 
         12.804823434023          6.965023329423          0.397422654934     o 
         11.163842797780          7.795292911302          0.295467288976     h 
         12.526131446578          5.285911795983         -0.328717967019     h 
         -2.462695445568         -7.186499808401         -5.820807756743     o 
         -4.279356971991         -7.063155863311         -5.526454904166     h 
         -1.835933851731         -8.316136026707         -4.507762183129     h 
         -4.222171820460          9.282453829176         -1.545166404732     o 
         -6.062991168404          9.251623556349         -1.473894725748     h 
         -3.701273073979          8.691060781032          0.122226233040     h 
         -0.048783011008          6.867334432700         -4.024374591985     o 
         -0.896929772833          6.541220140488         -5.623107725188     h 
         -1.261542320998          7.873975541957         -3.080438392421     h 
         -1.579921064068         -1.842386981255         -5.954372292188     o 
         -2.899775637184         -1.448994634803         -7.173190289583     h 
         -1.741506628044         -3.661549424667         -5.747974663915     h 
          2.513319655686         -5.736379122943         -8.045185098657     o 
          0.807688396323         -6.252702306029         -7.555591725351     h 
          2.348120621245         -4.026326219687         -8.717108109294     h 
         -9.548527829786          8.201213274924         -1.563420907580     o 
        -10.904503997205          7.623745659819         -0.460750275248     h 
         -9.931466344189          7.442461948006         -3.201600046646     h 
         13.949088658307         -4.098797997102         -4.007977742090     o 
         15.200796779136         -4.909997177316         -5.058511565671     h 
         13.394465462858         -2.621082024953         -4.961941700972     h 
         -8.825031743616         -1.964069870085          7.728988182712     o 
         -7.523984102605         -2.978259299918          6.912400490905     h 
         -8.120755660211         -1.544391385790          9.362251366584     h 
         -7.352521299574          5.081426433555          5.798517429868     o 
         -8.902125982700          4.085140223524          5.731701921583     h 
         -7.810484486805          6.563921473874          6.767945356722     h 
          6.043100833169          6.043336930049          4.171173315157     o 
          7.463378451107          4.882646145074          4.300285041349     h 
          6.531193940949          7.130402096832          2.768652214194     h 
         -9.236382632731         -1.610405176519          0.351686830987     o 
         -7.475962030190         -1.401719099759          0.849746538428     h 
         -9.919770323653         -2.841779045645          1.540186791284     h 
          2.156522855498         -0.492449085397        -10.007284349104     o 
          0.683944181766          0.602219932315         -9.855461977523     h 
          2.921047531597         -0.023680368087        -11.599877361132     h 
          6.803479956981         -0.640236028661         -7.058260243458     o 
          5.314240985336         -0.569350547490         -8.131825632681     h 
          6.122979134440         -1.210293436834         -5.445841213396     h 
          7.699530401023          9.055549502637         -0.078663517212     o 
          7.453749472152         10.845698208196         -0.343652245941     h 
          6.883245651561          8.240467431461         -1.515514250556     h 
        -10.194527563410         -2.035824364788         -7.331244671965     o 
        -11.507196636341         -2.709561816205         -8.411322015235     h 
        -11.093189038962         -1.054273823482         -6.058030536686     h 
         13.840829752208         -2.939719579976          1.319198027897     o 
         12.785386967308         -4.263071219273          2.054073182774     h 
         14.113880234007         -3.478436127433         -0.422784332418     h 
         -6.029798502113          0.536849211737         -4.248853615705     o 
         -7.492237300031         -0.236763888720         -5.050945423278     h 
         -6.646271568812          1.498866597745         -2.804734964991     h 
        -16.707190105826          1.962325872998         -0.516436360852     o 
        -16.503717969854          0.706400151813          0.822342968592     h 
        -18.507210835553          2.113482468238         -0.784236488167     h 
         14.489922333964         -0.181716496850          6.026911988811     o 
         15.402710136297          1.312078625790          5.466201583946     h 
         14.492904202271         -1.263508350869          4.529847598327     h 
          9.150025195527         -5.806175194868         -1.886751228123     o 
          9.594582047611         -6.241231793294         -0.151707812804     h 
         10.741545974406         -5.354870481396         -2.694089678570     h 
          2.902073392950          5.246716175408         -8.828642944899     o 
          1.210662697033          4.658063646764         -9.274132093091     h 
          2.945812315707          7.000852410778         -9.336744885825     h 
          2.437344757218          1.663534525085         -4.659281031086     o 
          1.247557942683          0.390732516926         -5.269311397659     h 
          2.702857830852          2.800568548051         -6.082773245018     h 
        -15.737957300546         -1.670778849605          3.473656475526     o 
        -17.139500333215         -2.322857022428          4.448598732115     h 
        -14.429309700496         -2.965343214106          3.589149222134     h 
         -2.783160610114          7.100441023486          3.204434278601     o 
         -1.365330695616          7.273268469057          4.365747910634     h 
         -4.195024143139          6.455636383544          4.202466959937     h 
         -2.121707491739          3.168067008397         -9.572120748159     o 
         -3.277372547717          1.753318285635         -9.811305784190     h 
         -3.137247127739          4.376411566892         -8.621075879942     h 
         10.547867654782         -6.869411041019          3.318231323281     o 
          8.981682591765         -6.894202325512          4.285298327445     h 
         11.417304970739         -8.399700921767          3.814328117954     h 
          2.396431306024          1.853174439884          4.212510561773     o 
          1.684465872551          2.114005248260          5.888444822251     h 
          3.679436009212          3.163505203342          4.055817515288     h 
          5.290243345680          6.472499175985         -4.112449844311     o 
          3.460057642689          6.640452186475         -4.014392091792     h 
          5.582303158681          5.935650672518         -5.841293132853     h 
          2.952746037878         -2.421463411712          7.263610318403     o 
          3.720507728167         -1.203645067439          8.404608827673     h 
          3.648028061901         -1.930702654910          5.627225721302     h 
          5.928198928087         -7.090910433491          6.189957733823     o 
          4.571169994909         -8.182665664432          5.600769524941     h 
          5.061393623755         -5.537759243661          6.671667592821     h 
        -10.285154386642          5.209194405103         -6.146197502893     o 
        -10.949906326852          3.743408335044         -5.245738940861     h 
        -11.363198017806          5.402639331667         -7.607678328619     h 
          0.593799776090          3.168125147328          9.403106226069     o 
          2.289851107359          2.620840732083          9.871261885479     h 
          0.823976889521          4.859216278492          8.699412130068     h 
         -1.072365682909         -5.924294434912          7.883318048663     o 
         -1.222865094959         -6.161908240161          9.688701105750     h 
          0.244289420713         -4.650569803396          7.683531802746     h 
          1.530934165803          7.717358215468          6.549586849783     o 
          3.103696739539          7.212863517416          5.733220434491     h 
          1.736368978516          9.498667850731          6.891771698391     h 
         12.035304856259          0.390892098803         -6.496168742209     o 
         10.251460963383          0.047097696904         -6.804913561856     h 
         12.593050176419          1.348521626572         -7.948779234391     h 
         -5.688581586064         -5.305946333748          5.087552138578     o 
         -4.123021278352         -5.582057938960          6.017868152158     h 
         -5.271667845478         -5.706445807970          3.340435758899     h 
        -12.192968939557          0.933835795967         -3.354153486301     o 
        -13.785541393256          1.316742910495         -2.522139915083     h 
        -11.197283158199          0.108186499359         -2.040411648641     h 
         12.023211583015          1.758062675067         -1.175166697828     o 
         12.760545571440          0.265773219545         -0.380776294696     h 
         12.128572812445          1.415217551298         -2.981077756818     h 
          1.039048058490         -9.329420596040          4.105407120480     o 
          0.133021471104         -8.516297780256          5.487894260611     h 
          1.533835844911         -7.895586109275          3.043690395540     h 
          5.863434346366          1.547663171127          9.839126456794     o 
          6.718764902710          3.113746717310         10.242094659925     h 
          7.212632944394          0.445082415106          9.232776326216     h 
        -13.146982741095          5.660774150046          1.537915986602     o 
        -12.622899370997          4.606776366581          2.955912819270     h 
        -14.455603316552          4.649100464181          0.726914885383     h 
        -12.104359106058         -6.941937255203         -1.282591045957     o 
        -11.963661328342         -6.394348379596          0.472359178284     h 
        -13.730278929408         -7.769281510131         -1.413300109495     h 
$end
