$coord
         -1.025186669389         -2.191703758775          1.734933705008     h 
         -1.155097016644         -1.022900597243          0.019038836070     c 
         -1.018809652928         -2.261840546211         -1.646411939166     h 
          0.964451727581          0.952021049808         -0.017928179468     c 
          0.739090508156          2.176761219683          1.625347103171     h 
          0.745383440695          2.107549220847         -1.711413800151     h 
         -3.381065014014          0.396891266457         -0.014608913644     o 
         -4.846501654475         -0.684222155163          0.005052107870     h 
          3.521962243827         -0.221623483946          0.011239186208     n 
          3.755126286787         -1.367601956276         -1.542603540184     h 
          3.749176640350         -1.302165551618          1.612133251926     h 
          4.900216578844          1.147517375564         -0.014560600366     h 
          9.371050481187          5.028385035238         -1.254854643935     o 
         11.019128020379          5.145143949800         -2.059781138212     h 
          9.113661104405          3.186676880300         -1.060123492390     h 
          5.750378667111          1.102529246692         -4.530272934078     o 
          4.833912856014          0.411622744516         -5.966974819911     h 
          5.843443584731          2.914236583736         -4.849872663686     h 
          1.937250892151          7.269442828432         -4.021440774408     o 
          1.091926941548          6.002539034695         -5.048289357007     h 
          2.561909900394          6.398606653152         -2.511172455044     h 
         -8.408687675090         -0.515030928563          4.665263759120     o 
         -8.222155298257          1.292827234240          5.041016819429     h 
        -10.197572346805         -0.947182069487          4.828037193502     h 
          0.296342110041         -1.549299869484          5.620630556174     o 
         -1.308100722858         -2.075947823542          6.347909805910     h 
          1.631401232825         -2.241315442311          6.698633722607     h 
         -4.561833860308         -2.463992661478          7.358199491733     o 
         -5.990365179421         -1.837707699575          6.367024889793     h 
         -4.312293831426         -1.119213532773          8.597167582115     h 
         -3.401548098321          4.608803920126          2.868445009439     o 
         -2.967477034861          5.945201756667          1.700590779515     h 
         -3.526139472314          3.046473280879          1.879152059797     h 
          6.024148981092          1.266356826420          4.509089482302     o 
          5.294889751031          1.563756805457          6.163422309344     h 
          7.136868375091          2.693545856327          4.183665955276     h 
          4.312044590771          5.059156894287         -0.115841433679     o 
          6.049188483408          5.360478757101         -0.576964357839     h 
          4.131072710738          5.621689374401          1.640335872465     h 
          0.087445017980          3.323467902010          6.371632983749     o 
          0.238250332841          1.483113463600          5.978538677591     h 
         -1.164600335697          3.977846472904          5.182786712200     h 
         -8.213063668867          2.515377769660         -0.391943068989     o 
         -7.624043487747          1.629029838370         -1.908628328032     h 
         -7.545876330833          4.217459985423         -0.558106260007     h 
         -2.142668345693          8.223995905033         -0.919714229820     o 
         -0.741867799348          8.946309199304         -1.846756621885     h 
         -2.491154102690          6.667757136195         -1.932823581714     h 
         -3.183706655801          4.217048108978         -3.517050726101     o 
         -4.785419758098          4.543486236139         -4.362469826031     h 
         -3.395015062538          2.669494599114         -2.549799549766     h 
          8.452288439535         -2.922387189685          5.774903902474     o 
          7.856565575352         -1.248284933870          5.217886118250     h 
          9.644588567824         -3.503499529387          4.505879356674     h 
         -6.489532453006          0.080440583423         -4.474017111704     o 
         -7.865965929700         -0.416360591320         -5.614375651158     h 
         -5.455849187821         -1.431234012923         -4.278807665681     h 
         -6.884585641688         -2.990044873836          0.588572251474     o 
         -7.662044806517         -2.046823413078          1.983239480343     h 
         -5.887551967452         -4.283757763778          1.420159446442     h 
          4.621176439522         -4.391966740786          2.810699734604     o 
          5.459200961149         -5.580696114028          1.656469383985     h 
          5.887444824016         -4.007696639833          4.105060303585     h 
          0.425141310592          3.916587936197         -7.869014332180     o 
         -1.311254645776          3.222080725862         -8.013182074097     h 
          0.560988623397          5.178671223390         -9.160288200161     h 
         -3.697974421265         -5.927197889346          3.523131340661     o 
         -4.053473166567         -4.945644560721          5.026023601786     h 
         -1.974737389418         -6.543297073390          3.773260306372     h 
          2.593874973095         -4.144055579359         -3.460768066670     o 
          2.148576130256         -5.726195158205         -2.591888210388     h 
          1.934684283934         -4.259185781159         -5.158382313496     h 
          7.606993543749         -4.011101610236         -3.459640849277     o 
          8.115563832230         -4.048411256450         -5.232454028979     h 
          5.760078689377         -3.916944984483         -3.539154327045     h 
          1.290816208871         -8.422855739653         -1.118450062029     o 
          1.279963740991         -8.299217155225          0.716661778602     h 
         -0.441702399041         -8.765134345202         -1.581848276629     h 
         -4.026639513857         -7.987726222414         -1.288659314368     o 
         -3.768740582563         -7.349174431181          0.409177142717     h 
         -5.793495143636         -8.495720164275         -1.304384202713     h 
         -3.774931861618         -4.196695517962         -4.664888311551     o 
         -2.164526420596         -4.223758061712         -5.532692180827     h 
         -3.844398737810         -5.654167655888         -3.527101596658     h 
          8.710595621528          0.143436806078         -0.368995628286     o 
          9.869307714100         -0.263963593827          0.981994436430     h 
          8.534078198049         -1.355035610256         -1.419123091524     h 
        -12.318727876527         -0.638684321907         -0.692127805327     o 
        -11.718274944970         -2.155008686485         -1.583259241755     h 
        -10.808632692191          0.312968375231         -0.244486696694     h 
         -9.909188259604         -6.218477717353          4.124750098991     o 
         -8.751067026101         -5.967826846958          5.495147271330     h 
        -11.273398928846         -5.022161093356          4.339895996327     h 
         10.588762192299          0.440455411767         -5.925960241813     o 
          8.912157432481          0.581993139481         -5.112428154117     h 
         11.615430190982          1.822899413805         -5.270876785076     h 
        -10.058157617488         -4.389715739845         -3.126626820456     o 
        -10.283900760852         -6.138189953418         -2.647422368367     h 
         -8.583322726887         -3.874219166186         -2.134556041682     h 
          1.077800063151         -7.546065748731          4.043021868390     o 
          2.319737184067         -6.155408962246          3.793654796909     h 
          1.577444811437         -8.421736252749          5.544971307904     h 
          9.063506205971          5.388287033302          3.873762528435     o 
          7.660717441268          6.449053681342          4.357761366329     h 
          9.315188573915          5.611595212532          2.057010898829     h 
         13.009501683759         -3.083133946514         -3.082702062067     o 
         13.741686971771         -4.339974620035         -4.156775908186     h 
         12.043481948071         -1.932343981848         -4.179897204096     h 
        -13.197249194854         -2.007062753049          4.172935627450     o 
        -14.132450885407         -0.579303106981          4.825713749040     h 
        -13.159225479786         -1.749699724688          2.342752269647     h 
         15.275699496067          0.769179706032         -0.430137447524     o 
         14.768979333860         -0.813555345166         -1.213167902547     h 
         14.333107452095          0.872364046545          1.140201054397     h 
         -7.404320854260          7.689680129836         -0.950709928151     o 
         -5.739143669491          8.438855532256         -0.887617931620     h 
         -7.783167961492          7.445189815084         -2.727171015129     h 
         -7.670955628115          4.379668883443          5.647296811202     o 
         -6.132538545613          4.638609391421          4.656906980925     h 
         -9.010134759442          5.223944068897          4.728172975555     h 
         13.636964516571          4.000155856245         -3.738925051955     o 
         15.030444338016          4.823895150942         -4.542167128464     h 
         14.378188326287          2.838758588287         -2.439695545323     h 
         12.039342294045          0.977269412741          3.686394169109     o 
         12.258472140115          0.057884465911          5.232570038845     h 
         11.339356111322          2.614905885502          4.099527410449     h 
          6.840371867946         -7.778071634161         -0.241175603363     o 
          7.327063843389         -6.629013031549         -1.614828358384     h 
          5.460929655667         -8.784295276220         -0.861498869204     h 
          4.045468757037         -2.999801957448          8.749207433389     o 
          5.703468236487         -3.329306995475          8.054074948674     h 
          4.187116830835         -1.393671341349          9.598419914420     h 
         -7.815112054290          5.329412153790         -5.574499148646     o 
         -9.320193752490          4.255386500564         -5.344157827543     h 
         -7.527972484030          5.412323979119         -7.360993661357     h 
          0.207818995737         -3.800052298581         -8.115146930401     o 
          1.357533088993         -2.474769740021         -8.661494242346     h 
         -1.069311476298         -3.920995867984         -9.403316494167     h 
         -9.090872751766         -8.577790544768         -0.323630283141     o 
         -9.807116725459        -10.212154849012         -0.045634139056     h 
         -9.287581531430         -7.662642862996          1.275094071423     h 
         10.942067852685         -4.621228673459          1.574016783748     o 
         11.724130996683         -4.161901211356         -0.017871543192     h 
         10.030295645204         -6.161933475966          1.259944562757     h 
        -12.055191103992          2.611901916886         -4.915708290335     o 
        -12.235747211434          1.409895873131         -3.540730756754     h 
        -13.143654801453          4.021910912342         -4.394552418346     h 
          3.527485977396          0.074704157312         -9.030899762326     o 
          5.000916872018          0.960754008678         -9.733606131746     h 
          2.309798816987          1.431673753599         -8.679672352008     h 
          3.818009028188          6.546550234230          4.691418671496     o 
          2.695392726959          5.258581442151          5.390757157171     h 
          2.729020380902          8.006762109956          4.475224097737     h 
          6.559070709579          6.054815715595         -5.761970146647     o 
          4.961658261764          6.894045180692         -5.347759576108     h 
          7.708447761954          6.374499888786         -4.381043051922     h 
         -4.124127200426          2.187827008678          9.419590826122     o 
         -2.590135025627          2.819942012845          8.639146594963     h 
         -5.504348368222          3.090746411158          8.649177012711     h 
         -4.100211735711          1.996579952332         -8.628969711150     o 
         -4.215022661692          0.389443741312         -9.510573915903     h 
         -4.858841702694          1.642605906215         -6.985534551565     h 
        -10.155057539550         -1.578231753305         -7.525024817590     o 
        -10.570873682494         -2.890022808969         -6.313248737180     h 
        -11.360771856478         -0.226367863334         -7.294549583429     h 
         -5.287608087273         -2.962156746831         -9.592939973147     o 
         -5.075102433448         -3.673706856169         -7.915807400874     h 
         -7.077106209450         -2.671471649377         -9.756354035822     h 
          8.121397184119         -3.544214036547         -8.486821993549     o 
          9.354319897707         -2.207069604500         -8.550520634751     h 
          6.564908513139         -2.847374576027         -9.116465986412     h 
        -11.264597450658          5.904021757323          2.046137084705     o 
        -10.639322624849          4.425194870690          1.145996882254     h 
        -10.302607547618          7.286232549170          1.334403170658     h 
        -14.764288783468          5.926217698381         -2.285390967078     o 
        -15.965901397504          4.689264156505         -1.619793114794     h 
        -13.860250519882          6.542635616185         -0.831234224127     h 
          7.735136965571          2.774356036629         -9.734195176554     o 
          9.088973816921          1.997455590010         -8.772194131967     h 
          7.314566019559          4.291851714684         -8.802667229111     h 
          4.252216344862          2.364551825311          9.337656309174     o 
          5.052355622646          3.797066134985         10.099921590303     h 
          2.568267714372          2.884829368130          8.846039200175     h 
         -0.146673310271          9.638054215723          3.733437665778     o 
         -1.488886539833         10.259009802490          4.772690561748     h 
         -0.853739315680          9.310442392149          2.073982907713     h 
        -14.592474661091          2.977063756546          4.841570064080     o 
        -15.000559110425          3.726814479296          6.432849613577     h 
        -13.527620504766          4.178900838378          3.956861379509     h 
        -16.926512490970          1.977908672598          0.123811726063     o 
        -16.680487985641          2.278644285868          1.906316201847     h 
        -15.652762164444          0.764258788520         -0.358479171867     h 
$end
