$coord
           10.6471529393          -13.8556789012           -0.7787444502     O 
            8.8142993321          -14.1291589213           -0.7596926206     H 
           11.2676978073          -14.5416688400           -2.3323581059     H 
           -0.1797652804            5.8917509057            7.7680316074     O 
           -0.2050578630            7.0659120543            9.1754762973     H 
            0.6419307113            6.8003015768            6.3987858492     H 
           -2.2197074493           -3.9092411316           -4.9348105761     O 
           -3.2852086643           -5.4065668638           -5.0215307032     H 
           -3.1404876266           -2.5682923826           -5.8094106534     H 
          -10.2204954688            4.3675765019           -2.2968196867     O 
           -8.9896606634            3.9492716690           -3.5811869329     H 
          -10.6010229372            6.1584394911           -2.5253215733     H 
           -5.9730460668            5.4744131139            0.4570570272     O 
           -7.6337012405            4.9190420890           -0.0753624766     H 
           -5.7194440152            4.8528335403            2.1704741865     H 
           -8.2517824305           -7.8365073614            5.3900013736     O 
           -8.9145842575           -6.5252158443            4.2807875080     H 
           -8.2966163359           -7.0268571308            7.0353113567     H 
           -0.1026768312           -8.3991802877           -6.4866225281     O 
           -1.2084810789           -9.3826974748           -5.3921448100     H 
            1.4871716678           -8.4360421480           -5.5742493984     H 
            1.0797116690          -11.2487572011            1.0292099286     O 
           -0.3226029236          -12.4136518500            0.8547432989     H 
            2.1468833419          -11.9959844212            2.3156754068     H 
           -2.7757243979           -7.9671161478            0.5861366549     O 
           -2.6500115971           -8.6199885203            2.2981248654     H 
           -4.5571036189           -7.5983826240            0.3092874590     H 
            3.9904046667            4.4425093986           -8.3500109045     O 
            2.8084902976            4.4883890967           -9.7365059867     H 
            3.5325900168            5.8385765465           -7.2171303200     H 
           -5.0158421560           -0.6703600272           -7.4887037183     O 
           -4.8009751740           -0.2555824081           -9.2707884904     H 
           -6.7265239007           -1.3380844262           -7.3166808048     H 
           -2.0102735412            8.2229958632           -6.0155869861     O 
           -2.1608987686            9.4873158506           -7.3479056162     H 
           -2.0672750384            6.5536849146           -6.8460812103     H 
           -7.6726293382           -7.4967769919           -0.4823947034     O 
           -8.5024785876           -6.2025478551            0.4997047483     H 
           -8.5090691085           -9.1066451999           -0.1239704716     H 
           -5.9071384600            3.3084746486           -4.6208731038     O 
           -5.3665127205            2.0460269691           -5.8789543279     H 
           -4.4239254191            3.8769882687           -3.6740516082     H 
           -1.5175075994            4.6094431150           -2.2753498729     O 
           -1.0826573761            6.1289620486           -3.1678537133     H 
           -0.3808535170            3.2841658402           -2.8508339652     H 
            1.0746647809            0.8001129718           -4.4221353633     O 
            2.6476592069            1.6877979687           -4.0183233363     H 
            1.4949391504           -0.9920721172           -4.2875319924     H 
           -6.5180937616           -1.0952305061            5.6563995078     O 
           -6.1519242858            0.6047444771            5.0371795167     H 
           -7.0125653814           -0.8144691633            7.4123963707     H 
           -8.2206840831           -2.9834018659           14.1411530943     O 
          -10.0210592662           -2.7663996705           14.3236612442     H 
           -8.0191352011           -4.7701683993           13.6883188675     H 
           -2.4364072872           -8.9456267378            5.6617770225     O 
           -2.9163260891           -7.1524494254            5.6412582300     H 
           -0.5862159134           -8.8880758773            5.7617357227     H 
           -7.5965602904            0.5309811905           10.3412660073     O 
           -5.8742908762            1.1983569400           10.4148783786     H 
           -7.7367198111           -0.7787653288           11.6201523280     H 
           -2.6773172583           -4.1422849138            4.4276931397     O 
           -1.0705829241           -3.6001711993            5.1450707474     H 
           -3.9889943827           -3.0055850983            5.0491432835     H 
            8.5208471178            0.1307963184            3.0239083779     O 
            7.5534809098            0.2699259968            4.5808616687     H 
            8.3559388773            1.7733608390            2.1859339502     H 
            2.2245451687           -6.1520689991            0.6876267964     O 
            3.5431733452           -7.1673677435            1.4211939693     H 
            0.7256988174           -7.1980466115            0.6556968759     H 
            0.5819703504           10.8799314944           -0.9366708312     O 
            1.3749892962           12.3299568749           -0.1068870125     H 
            0.0518613901           11.5159726002           -2.5779115561     H 
           -3.9463307979           -0.7625658387           15.9815311582     O 
           -4.1710072251            1.0594008567           16.0742049677     H 
           -5.5640857850           -1.4449929020           15.4529829776     H 
          -11.8311916279           -0.8839090100            6.8062710593     O 
          -11.2487237832            0.2554900069            5.4761084522     H 
          -12.3014829980            0.1434678032            8.2586447434     H 
          -13.4393030092            0.4717119693           -1.7513857340     O 
          -12.2985566721            1.9095064189           -1.8781955430     H 
          -14.9370829595            0.8886382644           -2.7054305930     H 
            8.0158085115            4.4969162125            0.8062749354     O 
            6.3323405118            4.6593834495            0.0981589494     H 
            8.3599285691            5.9971154685            1.8142679219     H 
           -5.9791526414           -7.3692750533           -5.2657571648     O 
           -5.0682082042           -8.9518307147           -4.9763267106     H 
           -6.8825028557           -7.1244439506           -3.6852308353     H 
            2.7887079063           -3.9790684726           -3.8658039340     O 
            4.0548531736           -4.8578698546           -4.8515594026     H 
            2.7488283654           -4.7625482871           -2.2030341141     H 
           -9.0258818055          -13.1884151815           -5.0704611394     O 
           -9.5151552512          -11.5244369883           -4.4747493399     H 
           -8.3446046296          -12.8712881447           -6.7645443701     H 
          -11.2489593941           -4.1405697934           -2.0883806528     O 
          -10.4512059704           -2.6614006877           -1.3489253937     H 
          -13.0192660777           -3.6858480461           -2.3886208776     H 
            2.9248919160            2.5315325471            9.9778017007     O 
            1.8932034782            1.5382777331           11.1329736788     H 
            1.8270849836            3.7367243052            9.1014715508     H 
            7.0083938057           -4.7022149676            3.0085729649     O 
            8.7370216224           -5.2429136628            3.3593882823     H 
            7.0684845205           -2.8818539134            2.7855903572     H 
            2.3512626973           -3.4431365826            5.1895985408     O 
            2.8031891049           -3.2282171632            3.4260415098     H 
            2.4772716409           -5.2559845861            5.5256078334     H 
            3.2172169993            3.8485099131            3.2188043451     O 
            2.0253820383            5.1887396380            2.8170351082     H 
            4.2740198774            4.4469536858            4.5988687981     H 
           -6.8787726062            7.1188354186           -7.7941540050     O 
           -5.7196611478            6.8904156333           -9.1908042402     H 
           -6.5809105862            5.6909156618           -6.6405934422     H 
          -10.5391770888            9.2762764878           -3.2609488887     O 
          -10.8549490488            9.3867237347           -5.0609744400     H 
           -8.7642890830            9.7097373196           -2.9609561331     H 
            3.3396720220           -4.5134217372           10.9553718795     O 
            4.1589032303           -3.5151515485           12.2543826171     H 
            4.6368206956           -4.9558910867            9.7107302118     H 
           -4.1193044308           -5.2252335541            9.5664027810     O 
           -3.7679015542           -5.7544451332           11.2849102754     H 
           -5.9138313442           -4.8505191642            9.4676607889     H 
           -0.5608619176           -1.7916127275            9.1349189328     O 
           -1.9254604928           -3.0493029610            9.1877058958     H 
            0.9136179499           -2.6793528339            9.8050682471     H 
           -0.7572333730            1.1088800309            4.8426063762     O 
           -0.3873164355            0.0504584224            6.2930953575     H 
            0.8007210843            1.9494614578            4.3565124972     H 
           -0.5035840612           -6.6951251068          -14.1952067273     O 
           -0.4479808067           -4.8730035650          -13.9046312258     H 
            0.2107954660           -6.9714671352          -15.8331862142     H 
            6.9793030430           -6.0720029906            7.8465155073     O 
            6.5127078083           -5.9109719057            6.0671095789     H 
            8.2902958854           -4.7926005624            8.0971294670     H 
          -15.4618849090            2.4889729065            4.9716419557     O 
          -14.0631592420            3.5769173354            5.5066273349     H 
          -16.6890207856            2.4895287571            6.3304310879     H 
          -16.1524046139            8.2833178809            4.9661354069     O 
          -15.2668840524            9.8898364074            5.2628121960     H 
          -17.4577649828            8.6884668024            3.7570889288     H 
          -17.9156631054           -6.1915933126            2.5884771145     O 
          -19.2076610796           -6.2795138374            1.2701160925     H 
          -16.8923542767           -4.6753005777            2.3192565839     H 
            6.5067944070          -12.9754666886            8.5033284119     O 
            8.0565137030          -11.9996714386            8.7037047002     H 
            5.2803134606          -12.1015362349            9.5448313920     H 
           12.3481180705           -7.4876422235           12.9726193900     O 
           11.3665851720           -6.0723006399           13.5801653724     H 
           13.7436596002           -6.7396385729           12.0651719348     H 
            4.7767655190            3.7946973806           -3.0059399954     O 
            6.3157684620            3.7935917314           -3.9731633840     H 
            4.0120682962            5.4247712780           -3.3768504985     H 
            8.4696408406          -10.6309534225           -4.7917687126     O 
            7.6214036828           -9.1136467527           -5.4681377242     H 
            7.2289623226          -11.4041044018           -3.7084934681     H 
          -16.2794641134           10.2747443686           -5.8112000625     O 
          -14.8300112229           10.1886932872           -6.9153821171     H 
          -15.8046507917           11.3415980658           -4.3940110920     H 
           12.4790162089            4.1879763371            3.2579506635     O 
           12.4804756676            2.3614778812            3.4427533643     H 
           14.2487300870            4.6184294922            2.9433625604     H 
            0.5942169503            3.5412005423          -12.4866468928     O 
            0.5397350831            1.7419644597          -12.9069535862     H 
            1.8730132578            4.2950159933          -13.5480979564     H 
          -16.1850257052           -4.0492396705           -3.0564816094     O 
          -17.3803106273           -3.2384725770           -1.9241627187     H 
          -16.4042841265           -5.8766610385           -2.9275905289     H 
           -5.0082994953            3.6138348377            5.0247357043     O 
           -5.1901859679            4.6178541659            6.5402669278     H 
           -3.2664526242            2.9463103407            5.0043668005     H 
            6.1905993895           -9.6948496307            2.4499492949     O 
            7.7244937296          -10.2736593870            3.2786624575     H 
            5.8240731318          -10.9811278737            1.2005279834     H 
           -6.1648772927          -12.2410309470            3.5438296474     O 
           -6.2364674066          -10.5229996712            4.1697356874     H 
           -7.7480808189          -12.4720561551            2.6468955658     H 
            5.0662221243           -0.5825911714           -7.6468067974     O 
            4.6292805498            1.1797513654           -7.9045834725     H 
            3.5856188074           -1.6166136257           -7.9958937474     H 
            4.9222185744           -1.9396521030          -14.5318136021     O 
            5.7463932757           -3.5352782009          -14.0942002912     H 
            5.8399276862           -0.5999924018          -13.6679915314     H 
           -2.9348366481            2.3668697532           10.3043824069     O 
           -2.2133835709            3.6017981625            9.1613859919     H 
           -1.9566659189            0.7965811692           10.0773390066     H 
           -2.0954443832          -10.6963584735          -10.5044010400     O 
           -2.2340599589           -9.4720131169          -11.8420205723     H 
           -1.3129690337           -9.7876424467           -9.0811680921     H 
            3.5415324426           -0.7079517512            0.7015867876     O 
            3.6347329398            0.9867757294            1.3818959116     H 
            4.7800363944           -0.8422909620           -0.6548446897     H 
           -3.0582482085          -10.9395339698           -3.4332686206     O 
           -2.7554933054          -10.1658294317           -1.7802357516     H 
           -3.5296518722          -12.7084106738           -3.2415119202     H 
           11.4168231175           -6.8702757248            4.2786893571     O 
           11.2203776220           -8.2185695650            5.5008322614     H 
           11.3783732536           -7.6667834689            2.6022502734     H 
           -7.1254172292           -4.2564491424          -13.5997299772     O 
           -7.2170293595           -5.5195736347          -14.8866749907     H 
           -6.1424390536           -4.9948505308          -12.1868078197     H 
          -13.0698782416           -7.5154265949            1.7025358760     O 
          -13.3340909020           -6.8346344754            3.4015228714     H 
          -12.3614787931           -6.1695663155            0.6818325891     H 
           -1.6841150481            3.5387124607           -7.7574016907     O 
           -0.6810009591            2.3753681755           -6.7369814039     H 
           -1.1132901336            3.3700103498           -9.4728337605     H 
          -18.4818463431            3.9467868204            1.2624812597     O 
          -17.1572572973            3.3599891530            2.4293044038     H 
          -18.0805342996            5.6895632845            0.7896974961     H 
           10.3731110851           -9.6398545705            8.8399002502     O 
            8.9877837105           -8.4429832077            8.5450264431     H 
           11.0420752247           -9.1635080555           10.4980474747     H 
            1.2163962852            5.4974969270           14.9747056372     O 
           -0.6004659261            5.6343159517           15.1108624152     H 
            1.7346235953            6.4455174124           13.4874504866     H 
            7.1914574407           -1.1973305206           -2.9825720281     O 
            8.5439915409            0.0401304969           -2.9265090412     H 
            6.3972272314           -1.0446804194           -4.6406771342     H 
            9.1058848288            8.5181210493            3.7570543254     O 
           10.8902371073            8.9196676656            3.8863666902     H 
            8.2064520726           10.1192783061            3.5437815259     H 
           -9.6229640985           -2.7416626310           -6.7015911944     O 
           -9.8842841454           -3.2934955107           -4.9625697397     H 
          -11.2523339737           -2.0564095014           -7.2131918416     H 
           10.4255759983          -12.1019900579            4.1492581331     O 
            9.8282851678          -13.2721327557            5.3956253710     H 
           10.8891984680          -13.0490701908            2.6598378660     H 
           -7.2126035815            4.3859041902          -13.2813153335     O 
           -6.2548894599            2.8199066827          -13.3786454097     H 
           -8.8806421457            4.0457876117          -14.0398976891     H 
            9.1868737302           -3.1563898519           -9.0143157476     O 
            7.8922959367           -1.8542181983           -8.8591572671     H 
            9.8507188706           -3.1179099157          -10.7317097575     H 
          -17.7244163993           -9.8220833476            9.1894792737     O 
          -17.3320097109          -10.6787884925            7.6217806032     H 
          -16.0993253372           -9.5521008304           10.0109576383     H 
          -19.6091867810           -1.5212013366           -0.1061828738     O 
          -21.2312638381           -2.1145602381           -0.6743950126     H 
          -19.7559074840           -1.2295378671            1.7059105442     H 
          -16.2494049398           -9.0555103267           -1.9393448082     O 
          -17.9547045013           -9.3099023677           -1.3764928835     H 
          -15.2200198134           -8.6129989786           -0.4603750770     H 
          -14.5442717488           11.5682719906           -1.1703844553     O 
          -13.9119060912           12.9354798899           -0.1517012649     H 
          -13.0421259564           10.6197465543           -1.7005876339     H 
          -10.6525323601           13.9368656221            1.3198740479     O 
           -9.4426757826           15.0464265966            2.2189005833     H 
          -10.1063725212           14.1082886379           -0.4361714122     H 
           -5.4896035162            9.5461266077           -2.3054732450     O 
           -4.3474347617            9.0829609541           -3.6656996508     H 
           -5.5621320259            8.0733351193           -1.1657484734     H 
           -1.7518778466            9.1253686557           11.5618800523     O 
           -1.8811106955            9.4212867410           13.3396739733     H 
           -1.3721202326           10.7811651568           10.7627246745     H 
            2.7491321360            9.2635254540            5.0480887862     O 
            3.8025010718            9.9189590099            6.3736177327     H 
            1.4749806921           10.5494088074            4.6912360958     H 
            2.4005536062            9.4677006669          -10.2776664366     O 
            3.8468089530           10.5812821959          -10.1391182586     H 
            0.9434783188           10.5321880997          -10.4593654981     H 
            4.7055450414            6.4570280252          -13.6916677506     O 
            6.0314645125            7.4125050855          -14.4687682834     H 
            3.9115787115            7.5814076852          -12.4480741406     H 
           10.9335537292            2.4535815309           -2.7259438489     O 
            9.9548684087            3.4041762326           -1.4694075312     H 
           12.4929686962            1.9781523395           -1.8700009815     H 
            7.0475194374           11.7114259178          -10.3118258084     O 
            8.5377555364           12.7112203493          -10.5677528728     H 
            7.6741887350            9.9871793034           -9.9648146578     H 
           -2.5964030922           11.7230881331           -9.7194999237     O 
           -4.2468550400           12.3520596218           -9.2014407278     H 
           -2.9487841108           10.3401440617          -10.8889757217     H 
           -9.7699587798           -3.7383150071            2.8521133865     O 
           -8.6925281009           -2.6616203965            3.9038611310     H 
          -11.4610673195           -3.0156885285            2.9205729636     H 
            1.3280642963          -15.3416290101           -2.7483577202     O 
            0.6191948025          -15.2619559391           -4.4291760990     H 
           -0.0805648837          -15.5251241134           -1.6133672709     H 
           15.7897400493           -5.3927795580           -1.2784158484     O 
           14.0660763439           -4.9864358325           -0.8116217209     H 
           15.8116126925           -7.1747614385           -1.7285702209     H 
            2.5553756647           -8.4789171515            5.8837448950     O 
            2.9069170115           -9.0217558731            7.6205804987     H 
            3.8759032949           -9.1566415412            4.7931629388     H 
            6.8624871107           13.0701540348           -1.3776867619     O 
            8.7036702339           13.0732607284           -1.3878292816     H 
            6.3608874344           11.4947297896           -0.5712911488     H 
          -13.1315117301           -3.7630688641           12.6572006095     O 
          -14.4369073034           -2.9509975378           11.6385369481     H 
          -13.6567773553           -5.4889441345           12.8628698450     H 
          -14.6504715711           -5.1237301926          -11.3622136272     O 
          -15.0710366071           -6.1896295621           -9.9139848400     H 
          -16.1495755623           -4.1449706622          -11.6974238634     H 
           -8.3043730785           14.5571201977           -3.1167685106     O 
           -6.7237773345           14.8562258828           -2.2606378076     H 
           -7.8825518642           13.7728544790           -4.7198976577     H 
           -7.2369895451           12.1315907927           -7.6139433359     O 
           -8.7851816223           12.2928909489           -8.5467138382     H 
           -7.0113252365           10.3047192434           -7.3545775472     H 
            5.7477436426           -0.3492874386            7.1732499881     O 
            4.7659478295            0.8382069982            8.1965759430     H 
            4.4986421883           -1.5717839053            6.5247719269     H 
          -11.3980413036           -8.5684825368           -4.8243287937     O 
          -10.5119665167           -8.1152994010           -6.3855976226     H 
          -11.1896010909           -7.1672343275           -3.6670371255     H 
            3.0410064739           -8.2301795691          -10.7121760943     O 
            2.9596219390           -9.8890857693           -9.8748561335     H 
            1.6769962249           -8.1314507931          -11.9368543726     H 
            3.5937994182           -9.8108537835           -3.2121957317     O 
            4.7194091135           -8.4919336660           -2.6009464037     H 
            2.5844171543          -10.3827326373           -1.7742101242     H 
           -9.3218857403            9.2737648974            2.8203155723     O 
           -9.7889682661           10.9131126290            2.1095112643     H 
          -10.5506367175            8.0352369369            2.2163851141     H 
          -14.5787752575           -1.4900411352           -7.1155504239     O 
          -15.2418540012           -2.4062423013           -5.6611544202     H 
          -15.8673157616           -1.5997197436           -8.4309436292     H 
          -18.5948128912            8.9188445805            0.4638296804     O 
          -17.1235996679            9.9086396479           -0.0548523712     H 
          -19.6989843434            8.9361631352           -1.0096476685     H 
           10.7870406905            9.7463957707            8.9080962617     O 
           10.9207232387            7.9020762901            8.7744741921     H 
           11.9639453088           10.4020638368            7.6881227789     H 
          -13.2225895434            3.2948453650           -6.6706432257     O 
          -13.8488281157            1.5510191190           -6.6946665828     H 
          -11.4625892830            3.1369234024           -7.2726490303     H 
            3.5717029048            7.8589873726           10.8239592247     O 
            4.4906063962            6.8941801452            9.5545723720     H 
            4.2493910114            9.5423803020           10.7189382565     H 
            7.1131575506            2.0673024043          -12.1917135687     O 
            6.2891954533            3.6699176142          -12.5446039082     H 
            7.7943133915            2.1513600025          -10.4813922845     H 
           -1.5844855344          -10.9269760609           12.4242176465     O 
           -3.0842741181          -11.0279384382           11.3677083601     H 
           -1.8508097597           -9.4731771556           13.4914285436     H 
           12.4240745103            6.3972941315           -6.5018770058     O 
           13.4458621565            7.8326321641           -5.8796425604     H 
           12.1562751884            5.2727356440           -5.0929262760     H 
          -14.7040138446           -2.0247652824            2.3922211349     O 
          -14.9965130410           -0.6858485648            3.6103632941     H 
          -14.3223776507           -1.1223720165            0.8186764220     H 
           17.9603749275            7.3123843572            6.8474551059     O 
           17.3084280369            5.7643130070            7.6129317605     H 
           19.7652089958            7.0732240543            6.7979988688     H 
          -20.8256398380           -1.0764784167            4.8573227971     O 
          -20.3600606217            0.2456787977            6.0259880494     H 
          -20.7223062835           -2.6414379376            5.7958657885     H 
          -11.2568745622            5.1156749551            6.7413239086     O 
          -10.0467841252            4.3844097303            5.5904698420     H 
          -11.0157770243            4.3222787659            8.3567513610     H 
          -13.0565486225            6.1324909672            1.5145576853     O 
          -14.1594877565            6.7783283397            2.8449139184     H 
          -13.9679953770            6.1720593022           -0.0804763929     H 
          -12.9485248710            2.1369631446           10.7755815004     O 
          -13.5246709630            1.1778506231           12.1934907641     H 
          -14.1921432625            3.4736751647           10.4534407567     H 
           -3.2967871335           -6.2826729140           14.6053706533     O 
           -3.0984505256           -4.6578601488           15.4029751569     H 
           -4.9407771995           -6.9194217098           15.0604622481     H 
            3.0046608615           -9.7260930434           10.7105241578     O 
            3.1094619810           -7.9761936991           11.2591784913     H 
            1.3806784220          -10.3461344618           11.3409716778     H 
           -3.3771301055            7.2137173275          -11.8665069098     O 
           -1.9357854525            6.1348803563          -12.1754634991     H 
           -4.7840054935            6.4491603534          -12.7753883623     H 
            8.2691430484            7.6937457626           -3.7163974119     O 
            9.7965167878            7.5594475624           -2.6887998058     H 
            6.9515957982            8.1261094439           -2.5387498153     H 
            9.8086373061            1.9147635278           -7.8441636037     O 
           10.2412702311            2.0526162381           -6.0796552000     H 
           11.3191779475            1.3295961455           -8.7073347419     H 
            6.7718398718           13.0127062157            3.9170682639     O 
            6.4860332266           12.9632655436            5.7298163338     H 
            8.3887501961           13.9110819420            3.6483856948     H 
            6.3727400165            5.6308440495            6.9558121039     O 
            7.6611752531            4.6186629057            7.7397146977     H 
            7.2980456142            6.8136082529            5.8771842528     H 
           11.4495923818            4.7604793707            8.0872412722     O 
           13.2122199599            4.3895307759            8.5134383581     H 
           11.5091006662            4.6929571055            6.2179585179     H 
           11.4519590573           -8.7250219758           -0.3918600059     O 
            9.9823495341           -7.8068303710           -1.0787837163     H 
           11.1036139858          -10.5022260450           -0.6873803137     H 
           15.8608206292           -4.4880569454            3.9538163834     O 
           16.4510388241           -4.8138432766            2.2600103028     H 
           14.3017819520           -5.4634481727            4.1380186325     H 
           25.1191293708            1.1441652090           -3.8735292099     O 
           25.1636254593            1.4789557652           -2.0812357489     H 
           23.5664121616            1.8841443735           -4.5211971155     H 
           -4.5270520173            9.4145840347            4.3909594088     O 
           -3.2082415034            8.3929841507            3.5757077194     H 
           -6.1023120347            9.1519471428            3.4693174004     H 
           12.8714034963           11.4079326935          -10.1386373090     O 
           14.4074853585           11.0908483813           -9.2214746871     H 
           12.7208022382           10.1023742711          -11.4234878717     H 
          -18.5059114687           -1.5060460710          -10.3628470532     O 
          -18.6189014768            0.3354528173          -10.3526427802     H 
          -19.8806486802           -2.0381079538           -9.2874366703     H 
            6.1774005476            3.6174485691           13.6871808023     O 
            5.1201596081            3.4999573186           12.1637307045     H 
            5.1905431645            4.5915012949           14.8580139587     H 
          -14.6414313731            5.6303345754          -10.8334098984     O 
          -16.4505140383            5.4853624065          -10.9205944071     H 
          -14.1840957949            4.6587135543           -9.3009850901     H 
           -9.2107784163           -4.4939606726            9.1102850032     O 
           -9.8532904711           -3.1243975633            8.0543144029     H 
          -10.3856747622           -4.5421933887           10.5103180930     H 
          -15.4963973493            6.0068689140           -3.0774808084     O 
          -14.3543423306            5.1151940664           -4.2262955141     H 
          -15.9781614650            7.5383752715           -3.9771973979     H 
           -4.2265391914           -5.8493266714           -9.9366702490     O 
           -2.6137367568           -5.1729130001           -9.4313730123     H 
           -5.0770457438           -6.4263586888           -8.4206697516     H 
            7.2840064609           -6.2675096356           -1.7260764769     O 
            6.9182273411           -5.8922500615            0.0529497972     H 
            7.3594593534           -4.6236778022           -2.5364758597     H 
          -21.0413961397            8.6733463214           -4.0190640645     O 
          -21.7243022162            7.2685750015           -4.9722029546     H 
          -19.7232552865            9.4044905949           -5.0467130636     H 
           14.8172002474           -4.6794016606            9.3174737805     O 
           13.3014066831           -4.0250621032            8.5405154178     H 
           16.2619481391           -3.8153897830            8.5375450818     H 
           10.0964828205           -2.2209128557            8.5974938498     O 
            8.5427265346           -1.2870487696            8.1714600283     H 
           10.1222767080           -2.3710990024           10.4470324403     H 
           19.4904806344           -1.7439288701           -1.7949059272     O 
           20.7957098230           -2.3105136982           -2.9780725663     H 
           18.4410359470           -3.2072262582           -1.4726708504     H 
           20.6057553357           -7.0203196974            6.4871100856     O 
           19.3034298133           -8.2126509635            6.9344357894     H 
           19.9563718811           -5.3814745709            6.9974794202     H 
           12.0341382283            7.0914165484          -13.0842816810     O 
           13.5306967474            6.4772635275          -12.1812130285     H 
           10.6282132668            6.8921438170          -11.9066169317     H 
            2.9450115402           14.9509950530            1.1791002064     O 
            3.7186364677           15.7102358293           -0.2760286470     H 
            4.3827185065           14.2619780177            2.1380197783     H 
            0.6567654946            0.4489079701           14.0863946293     O 
           -0.9472764506           -0.1983046199           14.6943613558     H 
            0.8269516672            2.1644086719           14.7394990316     H 
           15.9632366538          -10.1241484719            2.0773674955     O 
           14.3259646862           -9.6473248949            1.4239147538     H 
           15.8459822416          -10.0136671795            3.9150409560     H 
           11.9134812350           -3.2035395635           -4.8223916305     O 
           10.8756375894           -2.8912898888           -6.3230690041     H 
           12.3677729071           -4.9839425407           -5.0086282113     H 
            5.2711255072           -1.3591113059           14.6312546216     O 
            3.4646393806           -1.1222316206           14.9054516056     H 
            5.8600433424            0.3688182465           14.3511106993     H 
            6.3281717831           11.9195346435            8.9050041789     O 
            7.9824632863           11.0256476624            8.9475932188     H 
            6.4939535353           13.3442690073           10.0051553634     H 
           -0.6009613637           13.0437893703            4.1747419218     O 
            0.5149717097           14.2654208594            3.3972847951     H 
           -2.0108576916           12.8709534752            3.0143489218     H 
           -0.8001323165            6.9782660219            2.0671504868     O 
           -1.5136296325            5.8165012249            0.8297314883     H 
           -0.3122163534            8.4622957863            1.0988535596     H 
            4.8330853614            8.5981502365            0.2896444222     O 
            4.3930358886            8.7294987175            2.0684988414     H 
            3.3060868806            9.0846434669           -0.6136392792     H 
           15.0537334692            0.5677747114           -0.0569231941     O 
           13.9138699101           -0.8617864008            0.2796029047     H 
           16.2588436935           -0.0079719155           -1.2942448007     H 
           -1.1040577052           13.4779333547            9.3138067290     O 
           -0.6010752297           13.3198295184            7.5540649851     H 
           -2.8560639783           14.0031333382            9.1884963551     H 
          -16.0323409152            6.0484605006            9.7156086488     O 
          -15.9601119211            6.7944078130            8.0358074599     H 
          -14.9279641432            7.1415066307           10.7534606767     H 
           -8.5581922320            5.1710875828           12.3751309333     O 
           -8.8853505536            3.4368192898           11.8494692918     H 
           -7.5461351402            5.8906087386           11.0254247957     H 
          -13.7673693921           12.6774445009            5.4393595091     O 
          -12.8187846961           13.3012203289            4.0056660069     H 
          -12.5617002089           12.4405521851            6.7808829673     H 
           15.4868817991            0.2417765873           -5.5216023665     O 
           15.2883318525            0.4350802090           -7.3264568530     H 
           14.2196252721           -1.0449563834           -5.0755405563     H 
           -9.7752341495           -6.9447987149           -9.3982075902     O 
           -9.4489080846           -5.2979035138           -8.5990744808     H 
          -11.1774863011           -6.7007016012          -10.5245005940     H 
          -11.0777136013           -1.4489922983          -11.8008510579     O 
           -9.7192751342           -2.4279581279          -12.5527910330     H 
          -12.4731097362           -2.6284103074          -11.5812763011     H 
          -19.2987427209           -5.4872425325            7.2916602696     O 
          -19.0453041306           -5.9371427979            5.5049664349     H 
          -19.0989356268           -7.0846435939            8.2251086005     H 
          -13.6502804945          -13.6388159435           -2.4704757729     O 
          -12.4281316126          -13.8808303410           -3.8066897279     H 
          -14.4962007547          -12.0408647159           -2.7814866674     H 
           -3.7798477523           13.7752618098           -0.1603480548     O 
           -2.5640640985           14.3524429183           -1.3809815029     H 
           -4.4009559198           12.1363082764           -0.7970915991     H 
          -12.7906449965           -8.6540486137           10.4202848890     O 
          -12.1726138294          -10.1119428552            9.4444148333     H 
          -12.9620087955           -7.3615587165            9.1018103512     H 
          -21.8394741773            5.3881613074            4.7938906897     O 
          -21.6643922186            7.1816223190            4.9501958797     H 
          -20.6322312317            4.8366642499            3.4909879342     H 
           17.4921019596           -5.2352133646           -6.1980372652     O 
           18.8182480502           -6.3500205253           -5.5932040090     H 
           16.5477922833           -4.7472608466           -4.7067998852     H 
            3.6551425498          -14.1642784635            4.4818495014     O 
            2.0301515054          -14.4440311016            5.2911941702     H 
            4.8175585268          -13.7851231731            5.8682116843     H 
           -7.0932610617          -11.5041444167           -9.4148853002     O 
           -5.3103334635          -11.2650311569           -9.8039419307     H 
           -7.8760874487           -9.8599729314           -9.5657239104     H 
           11.5373319691           -2.9208724050            0.2790011604     O 
           10.4228854900           -1.8619773805            1.2907929364     H 
           10.9663326689           -2.8393074946           -1.4641384919     H 
          -11.6225275466            9.0164960618           -8.4415836550     O 
          -10.0620193615            8.0372310700           -8.4844356076     H 
          -12.7670661219            8.0788293180           -9.5370369124     H 
           11.4077835712           14.6645852048            3.3210693912     O 
           12.5300750274           13.4941363416            4.1570750869     H 
           11.7122657892           14.3758717831            1.5287276445     H 
           22.4824707842           -2.9006723322            2.6925688850     O 
           21.6839281512           -4.2430037821            1.7196441621     H 
           22.7183140695           -3.5922010426            4.3551189877     H 
           16.9277805840           10.1888846065           -0.1089794017     O 
           16.8604148939            8.4300401735            0.4623636732     H 
           18.6579704895           10.3923128277           -0.6621515668     H 
           11.0169282548           -8.2286732434          -10.7057985557     O 
           11.6397736176           -7.9602764705           -8.9996993777     H 
           10.3301834922           -9.9359358446          -10.6818698612     H 
           -1.2354717300          -14.9246516683           -7.3867308614     O 
           -2.7022070797          -15.4287036624           -6.4225666965     H 
           -1.8404786770          -13.7841800810           -8.6783954590     H 
           16.0691862861            2.8455941565            8.3585590843     O 
           16.1798542235            1.8331473866            9.8987015156     H 
           15.4153962829            1.7036319070            7.0420407557     H 
          -20.3252758087           -6.7260515718           -5.8730669568     O 
          -18.6252257947           -7.1727192334           -6.4056158868     H 
          -20.5256954454           -4.9176958976           -6.1223854256     H 
           10.0215062618           -2.7604625637           13.5868364582     O 
            8.2999201098           -2.7656458497           14.2164831971     H 
           10.5745687075           -1.0136796479           13.7583516191     H 
           11.9345249367           12.5456463757           -1.2865425648     O 
           12.3548154796           10.7851411372           -0.9609419347     H 
           11.7615106197           12.6668488952           -3.1249951769     H 
          -11.8606753459            3.0061284019          -14.4059268038     O 
          -12.9456541989            4.0365186250          -13.3382979588     H 
          -11.8211241626            1.3375696902          -13.6349875809     H 
          -15.6378382820           -8.2719753681           -7.4255258803     O 
          -15.9649593834           -9.9589450199           -7.9877048759     H 
          -14.2080471922           -8.3891415816           -6.2204730530     H 
           10.0319294070           12.0197770409           -5.8655388280     O 
            9.3948343750           10.3499791289           -5.4036032890     H 
           11.1137309901           11.8111521378           -7.3255376505     H 
           12.7669320634           -8.0811317784           -5.7733920382     O 
           14.2590201110           -8.9482170179           -5.1757899559     H 
           11.3391601754           -9.0482082082           -5.1413297777     H 
           21.1995654583           -7.8627212141           -3.5781822184     O 
           22.3866377824           -6.5809048225           -4.1245829159     H 
           21.1027746217           -7.6970202028           -1.7474173221     H 
           18.6507684835            0.4535352281            3.5816339963     O 
           19.8244539265           -0.7060903333            2.7788045265     H 
           17.1981441948            0.6285039495            2.4430089192     H 
           -5.7972817010           13.4998583902            7.2609073398     O 
           -7.3970971213           12.7317810716            7.7494106733     H 
           -5.0144154690           12.2426340950            6.1645008223     H 
            0.2997014906           -1.5866129877          -13.1091748978     O 
            2.0446775404           -1.7207553938          -13.8280571149     H 
            0.4929995699           -2.1961515376          -11.3640164693     H 
           -9.0184545651            2.3402948335           -8.9416859521     O 
           -9.6971370709            0.8785907299           -9.8201968579     H 
           -8.3491942609            3.4283400356          -10.2640053182     H 
          -16.1476372208          -10.9738092593            4.2298939631     O 
          -16.4655302316          -12.1867562115            2.9254389249     H 
          -16.6525545476           -9.3224856459            3.5925662031     H 
            8.3940495550            6.9688214940           -9.4585837921     O 
            6.9361642980            5.9678586094           -8.9553705974     H 
            9.6642471944            6.7565898293           -8.1287349232     H 
           10.9821845400            2.1823754609           12.7361157235     O 
            9.4625091088            2.9330512904           13.4348934571     H 
           11.0821823850            2.8693951042           11.0418470389     H 
           -0.3035101378           13.6513763762           -5.0574363333     O 
           -1.1299252914           13.4277125667           -6.6593744777     H 
            1.5079331478           13.6055272494           -5.4212331101     H 
          -25.0994386303            0.0897141618            2.0964018749     O 
          -24.6262589235            1.6765743836            1.3067338676     H 
          -23.7734377382           -0.2838138511            3.3150523029     H 
            8.5691240281          -12.6157034335           -9.5199652495     O 
            6.7814580761          -12.8969794494           -9.7104797655     H 
            8.7589048392          -12.1593990176           -7.7460164966     H 
           -5.6543953555          -10.6439277047            9.2820844380     O 
           -4.6267522331           -9.7768107859            8.0058985670     H 
           -6.7686320376          -11.7592842115            8.3816532105     H 
           -3.9861866829            4.3712783578           14.8070725664     O 
           -5.7051537026            4.9417051097           14.5330704082     H 
           -3.4726688231            3.6697548151           13.1674521294     H 
            3.4357852726          -12.3870189794           -7.8821592785     O 
            1.9913732669          -13.4999630627           -7.8793771408     H 
            3.5401514946          -11.6936317817           -6.1833423598     H 
          -21.3972188144           -1.6474552502           -5.9553513957     O 
          -22.6969442357           -1.8834831480           -4.6940225103     H 
          -20.2531383741           -0.3769437277           -5.2862652692     H 
          -16.8385809653           -1.7344143093            9.7927922851     O 
          -17.8494958502           -0.2251356251            9.7134337653     H 
          -17.8593672018           -3.0824266509            9.0755458502     H 
           -4.5629673172            0.0266434637          -12.5930724954     O 
           -2.8348503985           -0.4224643495          -12.9948984367     H 
           -5.5860447155           -1.3799252617          -13.1829490133     H 
           16.6329598553          -10.2831333718           -3.0966554889     O 
           16.6427229855          -11.1390735819           -1.4895293989     H 
           18.3744033462           -9.9546458070           -3.5433423095     H 
            7.0239837065           -6.4357617557          -13.3929803369     O 
            5.6344475061           -7.2956924946          -12.5643499980     H 
            8.5364048410           -6.9422126331          -12.4640790657     H 
           -1.0885874263          -14.0672168676            6.5870354730     O 
           -1.9075450130          -12.5116420842            6.0745348986     H 
           -1.0795058274          -14.0618622344            8.3987553989     H 
           -6.8566413462           16.4515484229            3.2626887125     O 
           -6.4456153390           15.6991808705            4.8978286469     H 
           -5.6025958496           15.8162695795            2.0945078594     H 
          -10.3497523622          -11.6319067707            0.7744717366     O 
          -11.4911238769          -10.3728999122            1.4863134529     H 
          -11.4033568701          -12.6705481626           -0.3351649536     H 
            5.6312969968          -14.1139025581           -0.3508350895     O 
            4.1999061585          -14.5330597241           -1.4427383380     H 
            5.1148618977          -14.6689957792            1.3182847086     H 
           19.5812748645            6.9433722447           -7.1571139431     O 
           18.4655837112            6.6587004716           -8.5858573951     H 
           20.0399567453            5.2398545489           -6.6313229115     H 
           11.5259142725            2.1678827390          -14.6020467455     O 
            9.8156212459            2.0999671207          -13.8783448255     H 
           11.9292405849            3.9593657987          -14.6561822248     H 
           13.5814090932           -0.2906638651            5.3067241102     O 
           12.1717734296           -0.8895492399            6.3063884669     H 
           14.4990297043           -1.7833616163            4.6949813476     H 
          -18.8925301650            3.3452714941           -8.7691176193     O 
          -20.6014583412            3.6961299263           -8.2258269592     H 
          -18.0239054762            2.8997648041           -7.2242935611     H 
          -24.6209258710           -2.8490630546           -1.7937648281     O 
          -26.2156730187           -3.4482669253           -2.3984873936     H 
          -24.9959462098           -1.7629387801           -0.2917139890     H 
          -12.4528980624            8.6151209472           11.9521921018     O 
          -11.2194023445            7.3565160262           12.4774857262     H 
          -11.7063138771            9.4300666351           10.4877473907     H 
          -18.1575895349            1.7878506915           -3.6811971922     O 
          -18.6607176642            0.9589413640           -2.1144815461     H 
          -17.6161552520            3.4952394493           -3.2197397252     H 
          -23.0359803271            3.8295217929           -0.9181747211     O 
          -23.4791344930            5.5545564828           -0.5781978644     H 
          -21.3165309379            3.6152803964           -0.2695840354     H 
          -23.2128016856            4.2455694665           -5.9954041721     O 
          -24.9481380458            4.1481426766           -6.4902829422     H 
          -23.1233726366            3.7329441182           -4.2159407848     H 
          -21.3141090717           -6.9545725714           -1.0215928258     O 
          -22.8040523268           -5.9132242421           -0.9143031787     H 
          -20.9457342944           -7.0395008567           -2.8533054363     H 
           15.1543808116           -4.5103830087          -10.8159210683     O 
           13.7396910459           -5.4798560120          -11.4328923696     H 
           15.6178794325           -5.2077238873           -9.1895265292     H 
            2.8660742767            8.0247712991           -4.9753714428     O 
            1.0994617633            8.3210435133           -5.4088607007     H 
            3.7350062488            9.6321822491           -5.3307582357     H 
           18.9432962749           -2.1940516214            7.8348018227     O 
           19.3288261200           -1.0620546176            9.1950715407     H 
           18.6509209054           -1.1637763401            6.3102383710     H 
          -10.1453385607            2.0194521410            2.8785987055     O 
          -11.2697782412            3.2581111140            2.1236419844     H 
           -9.2834829571            1.1745991772            1.4988241107     H 
           -2.5908556435          -14.8674076724            1.3146273982     O 
           -1.9010515913          -15.7565668069            2.7384981637     H 
           -3.9461665515          -13.8226153070            2.0582817325     H 
          -11.3380412775          -11.6682608034            6.7326572064     O 
          -12.8803864900          -11.6471276281            5.7588225401     H 
          -10.2394035902          -10.3723804373            5.9954158353     H 
          -13.8931805490           -5.5660506965            6.4497789580     O 
          -13.2853837211           -3.8240306760            6.5126887716     H 
          -15.6910558770           -5.4756462188            6.7355100809     H 
           20.6784829826            3.2240967305           -0.7018396480     O 
           20.2317112383            1.5069193332           -1.1918199289     H 
           22.2145102118            3.0661238962            0.2633174740     H 
           21.2971546676            8.4846951742           -2.3427633591     O 
           21.4075222238            6.7541697310           -1.7924148751     H 
           21.0434390009            8.4124586555           -4.1477685079     H 
           15.7249119004           -0.2492229827           12.3209024061     O 
           14.2512405406            0.5645246871           13.0227912278     H 
           15.2224944105           -1.9335767081           11.8114762906     H 
           12.4217059645            7.3847858988           -0.8353259053     O 
           13.8840389716            6.6236651749           -1.6643631527     H 
           12.1381698127            6.3931965321            0.6782787255     H 
           14.1124801173           10.2033014023            4.4530427910     O 
           14.8884183444           10.4938050915            2.8098112746     H 
           15.4063675402            9.3556110208            5.4332146858     H 
           10.9277861583           -2.9626081281          -13.8469517150     O 
            9.8855275023           -4.0377172226          -14.8678836957     H 
           11.2386082248           -1.4232703616          -14.7667623888     H 
           20.1057558900           -2.0908779436           -9.2324071565     O 
           19.5938964314           -2.4406423749          -10.9325215902     H 
           18.9569263534           -3.0864774267           -8.1714914316     H 
          -19.4882432015            2.7112819377            8.3598852959     O 
          -20.6556466601            3.7209865921            7.3319777868     H 
          -18.5307346019            3.9588948847            9.3185973768     H 
            4.6280272684           12.6174058538           -5.7808566923     O 
            5.6442141762           12.9442133904           -4.2464318644     H 
            5.8185834612           12.6337956750           -7.1816559793     H 
           -4.8888040907          -15.6193634846           -3.4810420856     O 
           -4.8960580288          -16.1155858279           -1.7335684682     H 
           -6.5731705488          -14.9685198430           -3.9072851479     H 
            6.2420199101           -6.6010146849           -6.9050456189     O 
            5.2454340330           -7.2702084460           -8.2739392475     H 
            7.4842166933           -5.4693185284           -7.6895235759     H 
           16.1169151968            4.8666671892           -3.2631071813     O 
           17.7748510849            4.7296389406           -2.5479500138     H 
           15.7562715815            3.2659408566           -4.0809699999     H 
           -8.1816349728           -7.9855321402           12.9753326777     O 
           -7.1550336630           -8.8521506591           11.7127100747     H 
           -9.9070697042           -8.3113931984           12.4384805808     H 
           -5.5317849936            7.2974544088            8.7366067436     O 
           -5.0704429130            8.1244979567            7.1148124519     H 
           -4.2230546815            7.8483002892            9.9141269171     H 
           -9.6694203538           10.2376134689            7.8074180274     O 
           -9.8211514408            9.6971681098            6.0315925384     H 
           -8.4153643620            9.0721142732            8.4788569566     H 
           15.6843472866            5.2309191540          -10.0868493013     O 
           15.5916545411            3.4285934980          -10.3817666494     H 
           14.5191835872            5.5604255797           -8.6647365682     H 
           14.0148570445            0.3713195920          -10.5263874872     O 
           14.3810917954           -1.4423042602          -10.7480118556     H 
           13.2282356043            0.8995766016          -12.1212929240     H 
           20.4077337790            1.9268943647           -6.0732238498     O 
           18.8442093549            1.2125540041           -5.4296650533     H 
           20.7279153619            0.9401973076           -7.5812680677     H 
           23.1462399168           -3.3115208314           -5.0202111474     O 
           24.2693318059           -1.8801822964           -4.6573315919     H 
           22.5189233929           -3.0253806146           -6.7146088063     H 
           25.0362598187            1.3746680458            1.5713067532     O 
           26.7993856582            1.1781964042            1.9238704424     H 
           24.2328563920           -0.2607306064            1.8976132559     H 
           20.1689704174           -7.3165776610            1.4494002826     O 
           20.6754893893           -7.4429355402            3.2241479581     H 
           18.5975690605           -8.2918136312            1.4316758190     H 
           21.8034470268            4.2289981076            5.1805305742     O 
           20.5728097914            2.9171436439            4.7803271216     H 
           23.3420321686            3.7374497440            4.3573972281     H 
           15.5696639922           -9.3752730851            7.1787946975     O 
           15.3315199370           -7.6765960546            7.8630360231     H 
           14.1119586027          -10.3111558433            7.7382501754     H 
           15.6546220815            9.9426361925           -5.2475129351     O 
           15.8675830845           10.2894184302           -3.4539107854     H 
           17.1462163552            8.9934649480           -5.7467374430     H 
           17.1207105997            5.6542087060            2.1335339236     O 
           18.4323203616            4.6276165212            1.3631488651     H 
           17.7305542844            6.2150149649            3.7817375665     H 
            1.0644119502           -3.7365409080           -8.7278477554     O 
            1.7768768144           -5.3737704661           -9.1480972319     H 
            0.2522365585           -3.9538183857           -7.0630498777     H 
           -7.3140926949           -1.2780748753           -0.8320691458     O 
           -6.7529063271           -0.9810252506           -2.5292473210     H 
           -5.6945358354           -1.6411242785            0.0100570277     H 
           -2.4360553283           -1.3097435792            0.1285975849     O 
           -1.4077866214           -2.6385785535           -0.5577797517     H 
           -1.6217075605           -0.7735999968            1.6634680401     H 
          -23.0339389146            3.5746062690           -2.7577235185     H 
$end
$set
 chrg  1
 ewin_conf 50.0 
$end
