           1           2  0.814083348650108     
           1           3  0.903475546501979     
           4           5  0.847129361757008     
           4           6  0.820075617753050     
           7           8  0.834747319142760     
           7           9  0.829709972050883     
          10          11  0.823582703822927     
          10          12  0.813585983337171     
          13          14  0.839329011634759     
          13          15  0.807201956861213     
          16          17  0.806443809213563     
          16          18  0.837837383396396     
          19          20  0.814684225295257     
          19          21  0.827910332527464     
          22          23  0.837290621949980     
          22          24  0.838478282272364     
          25          26  0.836871172507870     
          25          27  0.820270826662164     
          28          29  0.854762813889393     
          28          30  0.795028671543820     
          31          32  0.829508125384270     
          31          33  0.825254019450929     
          34          35  0.822439030841951     
          34          36  0.783198852461618     
          37          38  0.834936379820726     
          37          39  0.823330988189586     
          40          41  0.797732417855354     
          40          42  0.811801474782427     
          43          44  0.870422844192689     
          43          45  0.805759205278945     
          46          47  0.817238212756727     
          46          48  0.799425806259839     
          49          50  0.808958572242346     
          49          51  0.818219790632127     
          52          53  0.869463157468627     
          52          54  0.810599582214674     
          55          56  0.784020280491424     
          55          57  0.809330440481569     
          58          59  0.812406107312503     
          58          60  0.841899044897888     
          61          62  0.835541449183044     
          61          63  0.831389085036174     
          64          65  0.814225867735055     
          64          66  0.789740365683514     
          67          68  0.862710829825149     
          67          69  0.838430116182983     
          70          71  0.824197022393650     
          70          72  0.817486217530813     
          73          74  0.853347594032826     
          73          75  0.842370147299432     
          76          77  0.800094894559691     
          76          78  0.824636793309815     
          79          80  0.807186909223881     
          79          81  0.845715080214445     
          82          83  0.813864790447808     
          82          84  0.810214229083801     
          85          86  0.822237835320529     
          85          87  0.821293595989011     
          88          89  0.847625287085500     
          88          90  0.812035665605159     
          91          92  0.840693081603547     
          91          93  0.824729228801459     
          94          95  0.801935554614229     
          94          96  0.814299751957698     
          97          98  0.822106720331504     
          97          99  0.795232525479872     
         100         101  0.820940256294380     
         100         102  0.813423411811242     
         103         104  0.825272255836849     
         103         105  0.816925447546795     
         106         107  0.827727467495576     
         106         108  0.835710712642663     
         109         110  0.850469502784209     
         109         111  0.771315441020828     
         112         113  0.847485507811318     
         112         114  0.807089557922076     
         115         116  0.850834467897450     
         115         117  0.805895346533236     
         118         119  0.852537885568980     
         118         120  0.829012030848489     
         121         122  0.797672810654163     
         121         123  0.813552157038290     
         124         125  0.829636226454717     
         124         126  0.821932634762024     
         127         128  0.829616966309724     
         127         129  0.917169933682706     
         130         131  0.798973778622944     
         130         132  0.813158428745646     
         133         134  0.806234444094293     
         133         135  0.846433687365793     
         136         137  0.813109200479097     
         136         138  0.858924258962582     
         139         140  0.815662492719603     
         139         141  0.813833561108324     
         142         143  0.831751003271816     
         142         144  0.858804821792337     
         145         146  0.866940896295718     
         145         147  0.872243063385605     
         148         149  0.871998444171830     
         148         150  0.820793685514617     
         151         152  0.791460052052331     
         151         153  0.856919527821616     
         154         155  0.862501583117152     
         154         156  0.851050640253011     
         157         158  0.822846761865154     
         157         159  0.811350673048586     
         160         161  0.821260297735576     
         160         162  0.861327988226046     
         163         164  0.827723441608909     
         163         165  0.815068135859493     
         166         167  0.845033396247322     
         166         168  0.782926553438461     
         169         170  0.837780083221170     
         169         171  0.840815710643156     
         172         173  0.830806121677507     
         172         174  0.844548183338342     
         175         176  0.829766947724767     
         175         177  0.820160130836438     
         178         179  0.823017619506498     
         178         180  0.836063994683582     
         181         182  0.823001449627396     
         181         183  0.778543915148888     
         184         185  0.878103844057764     
         184         186  0.791248004564947     
         187         188  0.861669362316209     
         187         189  0.841561542222387     
         190         191  0.796570783427540     
         190         192  0.817048232852079     
         193         194  0.840864885082788     
         193         195  0.798299451539040     
         196         197  0.907878544588131     
         196         198  0.776118918992974     
         199         200  0.806121223840453     
         199         201  0.823562633487006     
         202         203  0.806858884657994     
         202         204  0.864974654216384     
         205         206  0.784398960570539     
         205         207  0.816575928405927     
         208         209  0.805031449074003     
         208         210  0.831024459726732     
         211         212  0.864622956520256     
         211         213  0.844954464375318     
         214         215  0.836680301045840     
         214         216  0.816964496168763     
         217         218  0.838000998238329     
         217         219  0.811108651635522     
         220         221  0.809843942196996     
         220         222  0.830667394594073     
         223         224  0.894529861721582     
         223         225  0.860976224893848     
         226         227  0.843505840284937     
         226         228  0.804316296824702     
         229         230  0.813725871745268     
         229         231  0.818417840177910     
         232         233  0.868574619093110     
         232         234  0.844855097230444     
         235         236  0.864903742388439     
         235         237  0.819290305336969     
         238         239  0.889878399912551     
         238         240  0.803006717151903     
         241         242  0.869630388718181     
         241         243  0.805204691670550     
         244         245  0.798166835464850     
         244         246  0.821851892524660     
         247         248  0.836073892967679     
         247         249  0.783566630052441     
         250         251  0.901942042033128     
         250         252  0.788630210438068     
         253         254  0.876425209955935     
         253         255  0.824550715190848     
         256         257  0.849404617944985     
         256         258  0.878518428240915     
         259         260  0.902279202326985     
         259         261  0.809876316494822     
         262         263  0.792937650756394     
         262         264  0.826068881236301     
         265         266  0.890230160170973     
         265         267  0.794974103847402     
         268         269  0.841204727686427     
         268         270  0.830145334231965     
         271         272  0.796940214977727     
         271         273  0.825863218245633     
         274         275  0.850135027968421     
         274         276  0.875669787882100     
         277         278  0.822205880589620     
         277         279  0.826769941707456     
         280         281  0.813548465239342     
         280         282  0.816672772171156     
         283         284  0.824362601871523     
         283         285  0.826177075139882     
         286         287  0.826545814209175     
         286         288  0.892646196790672     
         289         290  0.826749054154146     
         289         291  0.879874016550690     
         292         293  0.873485224910790     
         292         294  0.838200543645557     
         295         296  0.896858640184837     
         295         297  0.795364628207501     
         298         299  0.797991715061260     
         298         300  0.776991634518349     
         301         302  0.817718592409429     
         301         303  0.829135812753657     
         304         305  0.801942116978202     
         304         306  0.834248328566778     
         307         308  0.822792592885713     
         307         309  0.812624276850200     
         310         311  0.825875556481642     
         310         312  0.808128850231119     
         313         314  0.816991805555118     
         313         315  0.822243914414826     
         316         317  0.824252006522699     
         316         318  0.834506964856943     
         319         320  0.811773808416514     
         319         321  0.880813328076853     
         322         323  0.805773378197428     
         322         324  0.778890434634806     
         325         326  0.829238164051319     
         325         327  0.877150408809523     
         328         329  0.835686841252298     
         328         330  0.810885949647064     
         331         332  0.836345561042567     
         331         333  0.877746901939301     
         334         335  0.785787017691500     
         334         336  0.839115810026860     
         337         338  0.843935682328623     
         337         339  0.800621230482284     
         340         341  0.827013267092300     
         340         342  0.879139288254497     
         343         344  0.849144723513198     
         343         345  0.852827482493114     
         346         347  0.849813694356272     
         346         348  0.869476223276531     
         349         350  0.820864543326649     
         349         351  0.823161066535075     
         352         353  0.900437960797209     
         352         354  0.813910732051486     
         355         356  0.874635642611170     
         355         357  0.881723996493469     
         358         359  0.841625696865192     
         358         360  0.824957125285481     
         361         362  0.855090424682455     
         361         363  0.829814400711781     
         364         365  0.816168314123473     
         364         366  0.849370710744575     
         367         368  0.836836129173376     
         367         369  0.841946739761629     
         370         371  0.841020820635722     
         370         372  0.800737128959950     
         373         374  0.872114229658297     
         373         375  0.816245221040799     
         376         377  0.820599444970338     
         376         378  0.784866623081211     
         379         380  0.777950962874958     
         379         381  0.840595925901120     
         382         383  0.851128623054494     
         382         384  0.811008630068785     
         385         386  0.871134008604518     
         385         387  0.849386907364083     
         388         389  0.782838184293843     
         388         390  0.820722106461947     
         391         392  0.894388802246952     
         391         393  0.844273372627208     
         394         395  0.838956467648707     
         394         396  0.873618941116977     
         397         398  0.797843380962118     
         397         399  0.884590114646926     
         400         401  0.886229349096013     
         400         402  0.785030980416737     
         403         404  0.799143546708145     
         403         405  0.839816247193123     
         406         407  0.808487393786506     
         406         408  0.828339545804915     
         409         410  0.848847690814426     
         409         411  0.828480901246889     
         412         413  0.794955714125016     
         412         414  0.826458087107599     
         415         416  0.856133353574459     
         415         417  0.872112401149688     
         418         419  0.851848736125754     
         418         420  0.804152170261659     
         421         422  0.784422090346806     
         421         423  0.807591981327225     
         424         425  0.819222825017606     
         424         426  0.837079465468525     
         427         428  0.881151904844590     
         427         429  0.848742864749478     
         430         431  0.826696695626717     
         430         432  0.832233984311097     
         433         434  0.884272557114529     
         433         435  0.808098123854615     
         436         437  0.832789930623202     
         436         438  0.837017752056665     
         439         440  0.843044851643346     
         439         441  0.829003100785797     
         442         443  0.805002367080586     
         442         444  0.816711695333410     
         445         446  0.825200027998521     
         445         447  0.832091333697431     
         448         449  0.786685905572521     
         448         450  0.914366636876699     
         451         452  0.851543224295625     
         451         453  0.836452327002405     
         454         455  0.808339307245117     
         454         456  0.835305303472860     
         457         458  0.829109350248160     
         457         459  0.819719907769239     
         460         461  0.788304249266126     
         460         462  0.857419019786334     
         463         464  0.841573656548190     
         463         465  0.862139375713604     
         466         467  0.840067728609996     
         466         468  0.791983347719585     
         469         470  0.834593823633854     
         469         471  0.842756802495289     
         472         473  0.853887949159105     
         472         474  0.877417514919598     
         475         476  0.852193418560939     
         475         477  0.787485980225640     
         478         479  0.789950681521335     
         478         480  0.884008984632021     
         481         482  0.841828462595601     
         481         483  0.829965295910134     
         484         485  0.800503600493769     
         484         486  0.810856751488141     
         487         488  0.869727858867566     
         487         489  0.857179820971640     
         490         491  0.888272917032356     
         490         492  0.791693857933239     
         493         494  0.816726728157371     
         493         495  0.816914434689731     
         496         497  0.911116486887516     
         496         498  0.803202717645189     
         499         500  0.844541791579790     
         499         501  0.831093261621624     
         502         503  0.844725322482824     
         502         504  0.826127038144157     
         505         506  0.834811111664625     
         505         507  0.859176931195613     
         508         509  0.802004191604993     
         508         510  0.828950704739177     
         511         512  0.827087797538811     
         511         513  0.838420036184195     
         514         515  0.872569052077081     
         514         516  0.841611329201032     
         517         518  0.824856309118158     
         517         519  0.888394795494100     
         520         521  0.814448004749641     
         520         522  0.869217369915644     
         523         524  0.839566087638127     
         523         525  0.847690909302426     
         526         527  0.862464756969363     
         526         528  0.858885215697418     
         529         530  0.822102294568157     
         529         531  0.796631705804566     
         532         533  0.836287721187862     
         532         534  0.846702448228022     
         535         536  0.845591091728193     
         535         537  0.837194786333143     
         538         539  0.831416156555995     
         538         540  0.817853928540211     
         541         542  0.852685912725162     
         541         543  0.848381602820854     
         544         545  0.912742945969529     
         544         546  0.774250352113349     
         547         548  0.822090509421337     
         547         549  0.848059720661444     
         550         551  0.849402359723101     
         550         552  0.824612961308753     
         553         554  0.854479691416832     
         553         555  0.842682571715817     
         556         557  0.841507742179210     
         556         558  0.792248390275928     
         559         560  0.839214007085629     
         559         561  0.830121450135884     
         178         563  0.101712159391198     
         562         563  0.769103977943866     
         562         564  0.796101337358709     
         565         566  0.839705323816311     
         565         567  0.829748291591968     
         568         569  0.907261604885511     
         568         570  0.833882846376024     
         571         572  0.812642679037251     
         571         573  0.806830141148273     
         574         575  0.845227446230753     
         574         576  0.847503990169375     
         577         578  0.877932300957146     
         577         579  0.832845775088413     
         580         581  0.853849028596835     
         580         582  0.842302400437840     
         583         584  0.883014929525158     
         583         585  0.839345338725591     
         586         587  0.799015576472609     
         586         588  0.883983547192199     
         589         590  0.862213720698714     
         589         591  0.808333180389301     
         592         593  0.862684325897593     
         592         594  0.833316794633318     
         595         596  0.865513618762908     
         595         597  0.835055992100333     
         598         599  0.869242106285957     
         598         600  0.839398598185232     
         601         602  0.842243855516301     
         601         603  0.839554562234519     
         604         605  0.868683461376292     
         604         606  0.858929345253260     
         607         608  0.841741669070366     
         607         609  0.824781867508121     
         610         611  0.841052679007268     
         610         612  0.904620474716726     
         613         614  0.833419823124931     
         613         615  0.864722312225227     
         616         617  0.823797281802413     
         616         618  0.820176835320978     
         619         620  0.813182851891297     
         619         621  0.853002858122908     
         622         623  0.849355608845279     
         622         624  0.842246353159315     
         625         626  0.810533913734575     
         625         627  0.849021599801431     
         628         629  0.837143269830498     
         628         630  0.790491633427480     
         631         632  0.863838536142048     
         631         633  0.856092224258571     
         634         635  0.912115503036953     
         580         636  0.101844280565614     
         634         636  0.774074324977441     
         637         638  0.848516941556297     
         637         639  0.852773381739567     
         640         641  0.819236272280072     
         640         642  0.807900955509271     
         643         644  0.901574747926936     
         643         645  0.806971131372082     
         646         647  0.914217280985849     
         646         648  0.817349423478452     
         649         650  0.876239315629055     
         649         651  0.791807971002255     
         652         653  0.866648046743288     
         652         654  0.854594400319569     
         655         656  0.806122215388443     
         655         657  0.795705282757828     
         658         659  0.894567600364788     
         658         660  0.789820087515640     
         661         662  0.834726442684997     
         661         663  0.842250128681001     
         664         665  0.898862751782839     
         664         666  0.793271687092127     
         667         668  0.875594093339399     
         667         669  0.811185647617306     
         670         671  0.806413577445704     
         670         672  0.856357239120468     
         673         674  0.822512275366746     
         673         675  0.860472139699654     
         676         677  0.881824622597107     
         676         678  0.873699841063186     
         679         680  0.870034254562808     
         679         681  0.859331803892102     
         682         683  0.810603216917989     
         682         684  0.821165748116266     
         685         686  0.841424844792001     
         685         687  0.856703430820793     
         688         689  0.885269252244443     
         688         690  0.865515889528230     
         691         692  0.900758240074853     
         691         693  0.812970782329043     
         694         695  0.820598020517592     
         694         696  0.830804425987481     
         697         698  0.792156986356769     
         697         699  0.835088289622822     
         700         701  0.885402348146844     
         700         702  0.819054205171987     
         703         704  0.851926170062006     
         703         705  0.805658651044753     
         706         707  0.867591133477661     
         706         708  0.825495423756421     
         709         710  0.829649943238389     
         709         711  0.852278059686435     
         712         713  0.763624056889739     
         712         714  0.824770727408052     
         715         716  0.800237209108098     
         715         717  0.829145631196769     
         718         719  0.853771915318491     
         718         720  0.792798040611664     
         721         722  0.799587791365319     
         721         723  0.810889502298901     
         724         725  0.831739786937989     
         724         726  0.858137105649617     
         727         728  0.817763438845755     
         727         729  0.862184429459100     
         730         731  0.908456486711548     
         730         732  0.824107850252968     
         733         734  0.823359979576442     
         733         735  0.812274924664307     
         736         737  0.833945465556323     
         736         738  0.899356021421602     
         739         740  0.825599739640645     
         739         741  0.877006886184334     
         742         743  0.838874158154670     
         742         744  0.849628895982824     
         745         746  0.820664411505215     
         745         747  0.818568834030560     
         748         749  0.842693012880484     
         748         750  0.756197516608059     
         751         752  0.890009707822346     
         751         753  0.804011307522011     
         754         755  0.877789801825259     
         754         756  0.860877602875321     
