$coord
          0.875118405666          2.256526798348          1.572904682552     h 
          1.044836353581          0.962891528692         -0.047449526720     c 
          0.875589723422          2.076771371785         -1.788897197025     h 
         -1.092121756780         -0.973112334507          0.038805881100     c 
         -0.853871359015         -2.129770186106          1.753313317522     h 
         -0.914796157389         -2.220178544299         -1.596616121511     h 
         -3.515505559361          0.311370647772         -0.117788409821     n 
         -4.938047531490         -0.971030739871         -0.142018149220     h 
         -3.771239924830          1.430540140680          1.418838893929     h 
          3.365239663908         -0.346471476701          0.039659514220     o 
          4.725620905952          0.851736447512         -0.107179840803     h 
$end
