           1           2  0.876106548955556     
           1           3  0.814374867537368     
           4           5  0.848668898954522     
           4           6  0.829138974615206     
           7           8  0.807792509085758     
           7           9  0.839293850587800     
          10          11  0.831865076917978     
          10          12  0.827707741633384     
          13          14  0.844996734229490     
          13          15  0.832158610034188     
          16          17  0.820114690549293     
          16          18  0.815402214070278     
          19          20  0.823996339678007     
          19          21  0.809469690051539     
          22          23  0.762423256702407     
          22          24  0.813596901108285     
          25          26  0.813379232965934     
          25          27  0.807541168621676     
          28          29  0.834560492952558     
          28          30  0.835714752736902     
          31          32  0.816249109937027     
          31          33  0.825229839521070     
          34          35  0.813809006948375     
          34          36  0.823815821908469     
          37          38  0.826631344486869     
          37          39  0.840633733979353     
          40          41  0.833243177611180     
          40          42  0.809183657164590     
          43          44  0.847916216624206     
          43          45  0.824888088643676     
          46          47  0.830214630814614     
          46          48  0.861111448111861     
          49          50  0.814324956209920     
          49          51  0.822647480040734     
          52          53  0.836083068985523     
          52          54  0.798651055871886     
          55          56  0.822211947121156     
          55          57  0.847172469962875     
          58          59  0.814748414664543     
          58          60  0.806879747734896     
          61          62  0.787170191335723     
          61          63  0.880275190882855     
          64          65  0.813745622235244     
          64          66  0.813856893993015     
          67          68  0.823088238563699     
          67          69  0.864525542535316     
          70          71  0.806017911383549     
          70          72  0.785448625325720     
          73          74  0.787393058448395     
          73          75  0.843623604167022     
          76          77  0.852961343542071     
          76          78  0.815501793462250     
          79          80  0.836987924555812     
          79          81  0.829005200537202     
          82          83  0.833614010453361     
          82          84  0.811466570046932     
          85          86  0.795130479633307     
          85          87  0.912469070957063     
          88          89  0.818725691021917     
          88          90  0.868348858392262     
          91          92  0.843305407570726     
          91          93  0.814076271522209     
          94          95  0.791129458843514     
          94          96  0.840347800933251     
          97          98  0.851492044948333     
          97          99  0.841953262696729     
         100         101  0.836527137767728     
         100         102  0.800256131599068     
         103         104  0.810604346034355     
         103         105  0.820528234814816     
         106         107  0.898947860450740     
         106         108  0.785650452808298     
         109         110  0.813758116794669     
         109         111  0.843585954642585     
         112         113  0.803208366932544     
         112         114  0.800247668292186     
         115         116  0.827605226991558     
         115         117  0.821533545891163     
         118         119  0.866889652344630     
         118         120  0.835260453825907     
         121         122  0.806073960526430     
         121         123  0.775139085813516     
         124         125  0.905165914466792     
         124         126  0.793317586864037     
         127         128  0.860211320071943     
         127         129  0.848135221440810     
         130         131  0.790536042970642     
         130         132  0.796305841403947     
         133         134  0.814707849941525     
         133         135  0.856998290091363     
         136         137  0.814520240408352     
         136         138  0.840211180561277     
         139         140  0.830465762052658     
         139         141  0.807583359108874     
         142         143  0.842723699763413     
         142         144  0.821710476291368     
         145         146  0.834007202690317     
         145         147  0.865250514527207     
         148         149  0.884353019387819     
         148         150  0.834669543041209     
         151         152  0.818933606447316     
         151         153  0.821753055752091     
         154         155  0.815588195893976     
         154         156  0.854695652113478     
         157         158  0.842499599102822     
         157         159  0.877311388268872     
         160         161  0.870596709441812     
         160         162  0.842419601269026     
         163         164  0.914467063173229     
         163         165  0.764428215615322     
         166         167  0.818837063015529     
         166         168  0.840363292528088     
         169         170  0.867875754315661     
         169         171  0.840129609850132     
         172         173  0.807650750213873     
         172         174  0.904464067840071     
         175         176  0.796698176019155     
         175         177  0.823122669957714     
         178         179  0.813810562032679     
         178         180  0.852277926835695     
         181         182  0.825486664604345     
         181         183  0.818275343157289     
         184         185  0.852199294161955     
         184         186  0.853044783645834     
         187         188  0.850766617988652     
         187         189  0.871485674216116     
         190         191  0.798398277455832     
         190         192  0.822232873115851     
         193         194  0.800136364757807     
         193         195  0.879754487662136     
         196         197  0.834751474613139     
         196         198  0.818281474632732     
         199         200  0.817275023836715     
         199         201  0.839487300193763     
         202         203  0.855791773143439     
         202         204  0.800722115800160     
         205         206  0.819428440537244     
         205         207  0.867796393041339     
         208         209  0.854245926802542     
         208         210  0.844082010134817     
         211         212  0.836232091760820     
         211         213  0.824860236448113     
         214         215  0.815077639421576     
         214         216  0.828976082222341     
         217         218  0.779678722360476     
         217         219  0.872390905430231     
         220         221  0.862433281448575     
         220         222  0.830685618703100     
         223         224  0.884198661633996     
         223         225  0.833268213809295     
         226         227  0.836282795324513     
         226         228  0.836416747559295     
         229         230  0.835367245291859     
         229         231  0.839328477768091     
         232         233  0.852056927132058     
         232         234  0.877716731730967     
         235         236  0.913434110932369     
         235         237  0.809740664579748     
         238         239  0.804134860955105     
         238         240  0.817052419449486     
         241         242  0.851355017176971     
         241         243  0.811544570687817     
         244         245  0.852984123018755     
         244         246  0.848545901565591     
         247         248  0.801178102530992     
         247         249  0.839419425009744     
         250         251  0.793916764734489     
         250         252  0.825840029046557     
         253         254  0.836954724281732     
         253         255  0.866898917087696     
         256         257  0.800239243778519     
         256         258  0.904130965662686     
         259         260  0.827350021595968     
         259         261  0.825559105213860     
         262         263  0.778977085389765     
         262         264  0.913676363229474     
         265         266  0.834397664919888     
         265         267  0.886450724522525     
         268         269  0.881557849033423     
         268         270  0.825356856251185     
         271         272  0.843920730098741     
         271         273  0.874448130720681     
         274         275  0.828139095347586     
         274         276  0.843263872146616     
         277         278  0.802479367903391     
         277         279  0.914839074445674     
         280         281  0.840622394881721     
         280         282  0.829605823841553     
         283         284  0.824147084704956     
         283         285  0.914719322516435     
         286         287  0.786954618897888     
         286         288  0.807816162184459     
         289         290  0.781868071259994     
         289         291  0.905938314947774     
         292         293  0.844865628224140     
         292         294  0.872664952689580     
         295         296  0.835684301541550     
         295         297  0.817030450021178     
         298         299  0.830659909214002     
         298         300  0.820669448745004     
         301         302  0.805670754859640     
         301         303  0.842225885571540     
         304         305  0.846996736687726     
         304         306  0.818391455261925     
         307         308  0.858908850026631     
         307         309  0.852717101170396     
         310         311  0.819461158028870     
         310         312  0.811317665444999     
         313         314  0.822988527522687     
         313         315  0.826954358096001     
         316         317  0.810837229126150     
         316         318  0.814569045291935     
         319         320  0.856222796028839     
         319         321  0.856620413053745     
         322         323  0.865272692170282     
         322         324  0.830819014248920     
         325         326  0.798993213437904     
         325         327  0.844138379385297     
         328         329  0.812848784045562     
         328         330  0.843484724340296     
         331         332  0.829460001440167     
         331         333  0.906107354839894     
         334         335  0.860942593527744     
         334         336  0.802508615115595     
         337         338  0.905459725337675     
         337         339  0.828148434140610     
         340         341  0.808871564520700     
         340         342  0.851676320947888     
         343         344  0.822135902181163     
         343         345  0.848608239412396     
         346         347  0.853825131810406     
         346         348  0.885304668874199     
         349         350  0.818202580527797     
         349         351  0.836002017077173     
         352         353  0.817011973605856     
         352         354  0.820671861447597     
         355         356  0.911839075184242     
         355         357  0.794685621185884     
         358         359  0.918544315786280     
         358         360  0.783130522177694     
         361         362  0.824033769240037     
         361         363  0.885901063888023     
         364         365  0.855925653651494     
         364         366  0.862656835192158     
         367         368  0.853613244050990     
         367         369  0.849687666706466     
         370         371  0.818212772475420     
         370         372  0.835330129432957     
         373         374  0.858965408628876     
         373         375  0.828150936391558     
         376         377  0.804209453361611     
         376         378  0.821535590460499     
         379         380  0.808184191071526     
         379         381  0.882655093867901     
         382         383  0.812780211663306     
         382         384  0.915837992341228     
         385         386  0.818092803999073     
         385         387  0.814499654395762     
         388         389  0.827838731810926     
         388         390  0.820663730538975     
         391         392  0.837897823322062     
         391         393  0.844330176111802     
         394         395  0.824831301170251     
         394         396  0.816946631337885     
         397         398  0.842461128877770     
         397         399  0.844149434754085     
         400         401  0.802492436507026     
         400         402  0.820097876998447     
         403         404  0.808253088263468     
         403         405  0.883883663567304     
         406         407  0.834605789172075     
         406         408  0.866282438821683     
         409         410  0.849990107067271     
         409         411  0.844990329886006     
         412         413  0.820633939580485     
         412         414  0.884459618662942     
         165         415  0.111782362097353     
         415         416  0.774374520422842     
         415         417  0.827342525349236     
         418         419  0.843185287473728     
         418         420  0.810059735554277     
         421         422  0.815734370285626     
         421         423  0.887875011112980     
         424         425  0.889362504962459     
         424         426  0.816824947462298     
         427         428  0.841364411273323     
         427         429  0.846070505031177     
         430         431  0.894178436450732     
         430         432  0.837987142842698     
         433         434  0.788991986105423     
         433         435  0.911798871587908     
         436         437  0.839736605412679     
         436         438  0.843247156906839     
         439         440  0.873752692389481     
         439         441  0.828442131069604     
         442         443  0.833509521399164     
         442         444  0.791462228713464     
         445         446  0.863902557040402     
         445         447  0.860215776910027     
         448         449  0.826210222676899     
         448         450  0.825593598975321     
         451         452  0.878197514257467     
         451         453  0.805964998514811     
         454         455  0.913677418948085     
         454         456  0.807619514887688     
         457         458  0.853708745711248     
         457         459  0.838986191028756     
         460         461  0.846629161072684     
         460         462  0.831176819715277     
         463         464  0.852248758038814     
         463         465  0.822810343494348     
         466         467  0.901271206248073     
         397         468  0.103269631605426     
         466         468  0.773343315298604     
         469         470  0.831418977950068     
         469         471  0.851943774104282     
         472         473  0.798476683295113     
         472         474  0.857577710553083     
         475         476  0.885906916688914     
         475         477  0.818561188445071     
         478         479  0.872683469441891     
         478         480  0.844290416002660     
         481         482  0.818710374661079     
         481         483  0.829869781746927     
         484         485  0.833630772607520     
         484         486  0.812089095617873     
         391         488  0.106923671051766     
         487         488  0.766759457062655     
         487         489  0.913675264914124     
         490         491  0.790328899871345     
         490         492  0.809479054593853     
         493         494  0.883254642088220     
         493         495  0.806994998580136     
         496         497  0.912744076199145     
         496         498  0.779512506614443     
         499         500  0.857086213006037     
         499         501  0.828743726356401     
         502         503  0.869646592026774     
         502         504  0.874154194386756     
         505         506  0.848440438065211     
         505         507  0.862425706755834     
         508         509  0.828908089940883     
         508         510  0.825338403509618     
         511         512  0.813707557838355     
         511         513  0.857108448555491     
         514         515  0.816270121407783     
         514         516  0.850484358243355     
         517         518  0.804864935121455     
         517         519  0.915187922312906     
         520         521  0.917402340546011     
         520         522  0.788367139627354     
         523         524  0.893340612917689     
         523         525  0.847581270451210     
         526         527  0.826277836034762     
         526         528  0.869783755388766     
         529         530  0.871186782602193     
         529         531  0.862193286395560     
