$coord
          1.272512118907         -1.370317908030          2.058655277629     h
          1.699429835099          0.631670563093          1.749787427752     c
         -0.025426905155          1.693764178378          2.209048746350     h
          2.611273445499          1.119002017963         -0.926041567432     c
          2.418849896536          3.141932397095         -1.355079316144     h
          1.405668333518          0.114051938097         -2.288781393025     h
          3.523981481177          1.342372988968          3.508563314115     o
          4.771633975164         -0.019933914961          3.647025311707     h
          5.271856186715          0.364148529927         -1.280032329243     n
          6.426236568064          1.172231959665          0.090370900858     h
          5.925491295110          0.968081769236         -3.024313785706     h
          5.399910085894         -1.597733481216         -1.184255753734     h
          8.746970296116          3.069674723929          2.575658845393     o
         10.374754673321          2.568415625607          3.285748366247     h
          9.143499015812          4.674506266955          1.762031672714     h
         -1.905070953351          0.231539192368         -8.613651992907     o
         -3.339096608762         -0.752062336730         -8.001879592294     h
         -0.543753601959         -0.993023756917         -8.789144172975     h
          6.439318994168         -3.025185032138          3.787112674683     o
          5.400652827750         -4.200592927973          4.750190808842     h
          7.755431359428         -2.491029424053          4.958418511219     h
         -1.396320302766         -1.208185391980          7.130046702687     o
         -1.270519070302         -2.189806953156          5.574743119725     h
         -2.204245521435         -2.383276535541          8.285692261039     h
         -2.668976912576         10.352452775654         -1.272367057118     o
         -4.470722826034         10.294468490955         -1.618778768763     h
         -2.614715128160         10.201362333295          0.564340076707     h
         -4.147848367105         -8.955138043914          3.500219013001     o
         -3.211302818832         -9.563286421265          2.037683071831     h
         -5.916175519711         -8.988047705602          2.995651950350     h
         -3.848365577160          2.888055706891          2.373603413155     o
         -4.528914260790          1.226485229354          2.769625977125     h
         -4.810667699704          4.034728947536          3.443346466551     h
         -2.545582974030          4.173528951150          7.651876951969     o
         -0.978898396541          4.906923454345          7.009013849915     h
         -2.267282677264          2.352051340982          7.547932770203     h
         -2.549512656496         -6.369571883909          7.965860894703     o
         -3.150311376948         -7.317385613282          6.504913194872     h
         -3.728437632411         -6.774775299490          9.300445545600     h
         -2.024341201472         -0.638008530261         -2.413614556302     o
         -3.290243736475          0.690748763845         -2.566069747593     h
         -2.967115405148         -2.180749341156         -2.066544970772     h
        -13.354886056139          2.535653592900         -5.107114104450     o
        -14.863180275358          2.637026507337         -6.138320907440     h
        -11.957575228573          2.558359775324         -6.313591451568     h
          3.261046565380         -5.042923104821         -1.161529975230     o
          2.736317145601         -5.871746218460         -2.722344910853     h
          3.776499263971         -6.411284936356         -0.037195368146     h
          1.084561380623         -7.763470874769         -5.618744185266     o
         -0.686854499379         -7.597748484695         -6.115171744152     h
          1.765820433214         -9.084291579158         -6.683902895601     h
         -4.372685509956          5.054778059624         -8.014299959715     o
         -3.114581309106          6.322109504101         -7.574417338341     h
         -3.404016413139          3.541915640706         -8.439404755601     h
         -7.658399760035          1.444301507400          7.678717044077     o
         -7.076861718510          0.204964631889          6.442789317326     h
         -7.585945526457          0.602739505851          9.300943127450     h
          7.373590500091          8.062350429986         -4.149401551382     o
          5.877172983964          8.951864455211         -3.548973878243     h
          8.530149766073          8.061923029535         -2.710613755209     h
          6.886565959391          3.191786919755         -6.277197920976     o
          5.045943887876          3.190338412501         -6.329824148906     h
          7.250260245121          4.919801098785         -5.766046864712     h
         -0.418756020242          5.328008816932         -0.937967375809     o
         -1.107356447063          7.017400854300         -1.153686339810     h
         -1.680632808560          4.480504463476          0.101903654174     h
         -9.395380566051         -0.467748367721         -2.390055574950     o
        -10.804368695662          0.368322635217         -3.231437794209     h
         -8.072606846522          0.812701156509         -2.398644053034     h
          2.035921966866          6.197571913993          5.251008668626     o
          3.272042128001          7.292468527276          4.435398033544     h
          2.531374398439          4.508477323648          4.696345362800     h
         -0.991429945232         -4.394731411739          2.545776075487     o
          0.251385083705         -4.760129021984          1.236995530193     h
         -1.920712446147         -5.965909113328          2.791532284664     h
          5.841331909652          9.144943436345          2.766007685024     o
          6.228705291493         10.519939921833          3.905914019813     h
          7.450922898501          8.697825944562          1.986892529547     h
         -2.488991407152          9.141031380298          3.953492784063     o
         -0.998535889845          8.204238237486          4.495404973940     h
         -3.927432828085          8.220794160543          4.644989985208     h
         11.570471330155          1.218258835990         -4.347456844612     o
         10.140885286718          2.061815507341         -5.145010836633     h
         10.892734448000         -0.428853442228         -3.891174266445     h
          6.542252859467          3.264928317026          7.778763529257     o
          5.741305085559          4.861830926559          8.165687984590     h
          7.126469000388          3.402931810222          6.031647944207     h
        -12.249101774328          4.443383760859          3.585191126127     o
        -10.668883888170          5.060921653927          4.300096665151     h
        -12.352890107939          5.211112071785          1.910620298196     h
        -14.758328560641         -0.344643348998          3.496697327092     o
        -13.948424508642          1.305074247333          3.638253595024     h
        -15.978890411504         -0.397514207621          4.855693441929     h
         10.663530391688          7.871038949028          0.373857450715     o
         11.988302054778          6.687690957280         -0.112419877415     h
         11.541301638888          9.471391566977          0.470167225818     h
        -15.441787336629         -1.591427003307         -1.846071421701     o
        -15.350458718502         -1.144694557737         -0.061441676273     h
        -14.879495540303         -0.098994505735         -2.778858433751     h
          8.456827577965         -3.307889219200         -3.383249655890     o
          7.962171973905         -5.073946259520         -3.293635020711     h
          8.127223114803         -2.880428542035         -5.148659768751     h
          2.973445033522         10.459941992972         -1.856583252840     o
          1.162693641257         10.591296992807         -1.549196422386     h
          3.732612471670         10.090109411542         -0.213500040799     h
         13.716607941732          2.145178653368          4.961886255279     o
         14.731957987953          3.384550256184          5.841397097827     h
         14.867524091266          1.371497443220          3.754250206443     h
          1.640009896306          3.326851400606         -5.814041701263     o
          0.438435332047          2.274147139845         -6.723650536873     h
          0.893347312959          5.009113123455         -5.787036991537     h
        -10.692115568609         -3.611171242695          1.751909718872     o
        -12.100131280396         -2.670967069900          2.469874050332     h
        -10.290550890830         -2.681413713053          0.212623736137     h
         -5.900716817272         -1.968133344014          3.744644781221     o
         -4.504054268129         -2.974764695860          3.101822042013     h
         -7.427833403877         -2.690946695253          3.023686786541     h
         -0.746837586899         -9.332445299142         -0.673451729766     o
          0.761208177577         -9.470636824795          0.379805422667     h
         -0.110908222511         -9.034717698565         -2.373135818988     h
          7.254769186794         -8.519645752163         -3.527333496152     o
          7.912551745137         -8.898332196852         -1.849465221729     h
          8.176580035393         -9.613981019328         -4.664002165550     h
         -8.465457872283         -8.520563438988         -3.468290935064     o
         -9.959940247999         -7.572163777786         -3.974381374589     h
         -8.808932794656         -8.963807647555         -1.712160557693     h
          7.544196416150         -1.704543902737         -8.517246508476     o
          7.354158453634          0.049836177579         -7.979414905508     h
          8.707736108691         -1.656596767594         -9.922976833509     h
         -0.553096971703          8.447547964552         -6.090780566043     o
          0.927457263375          9.469666329766         -6.409245873302     h
         -1.301058527912          9.179682325352         -4.574310008333     h
         10.130283494419         -1.046793708218          7.405797160105     o
         11.496083114947         -0.030993806310          6.698842521502     h
          8.939919562870          0.212518941952          8.018943601998     h
          9.009552436928         -9.125263122796          1.492331600001     o
          7.256446842406         -9.179738408071          2.071292503763     h
          9.877613048603         -8.028257427577          2.688494592908     h
         11.432057120520         -5.784556477729          5.044905334179     o
         11.050873131812         -4.235761291405          5.964284524055     h
         12.325830869225         -6.831900169898          6.252409277753     h
        -12.392289370673          6.594928728230         -1.480508721218     o
        -13.633459112170          7.881248460676         -1.859219631433     h
        -12.706034743821          5.248867323399         -2.699982699748     h
         -9.107671883520          2.444778397507         -8.467539521445     o
         -7.598547307758          3.487459470197         -8.324199909497     h
         -9.276901785235          2.122749645365        -10.257307154317     h
         -9.367531801726         -8.752821543201          1.966179345840     o
         -9.850712801982         -6.974105055081          1.928719666828     h
        -10.846658741156         -9.610954440295          2.602086975733     h
          2.926957495490         -6.152994524746          7.034536445689     o
          3.377787779845         -4.665135239182          8.016302272135     h
          1.125947835514         -6.345938386317          7.379784539872     h
         -5.747051613858          3.394868181411         -2.937618833243     o
         -5.284972281500          4.056696928171         -4.592130986127     h
         -6.105805466773          4.875447592174         -1.908922763990     h
          3.639977037562         -9.255646168923          2.715661441499     o
          3.409053497877         -8.230848301758          4.229108018360     h
          3.609277617296        -10.982494102827          3.318158268177     h
         12.836081143963         -3.454840278473          0.163431313356     o
         12.320742806295         -4.318464000891          1.708632304419     h
         11.368177298662         -3.495684396567         -0.948538132005     h
         14.356174667823          4.246967672798         -0.920580577291     o
         15.449122781466          2.969736318790         -0.176905992899     h
         13.484609987398          3.309699433608         -2.245313632147     h
          3.747419636853         -1.242857345004          9.084668557564     o
          4.629801558366          0.340443312700          8.766959313407     h
          2.007130938128         -0.956088026534          8.539379081595     h
         -4.663984211831         -5.272373480297         -1.276778956639     o
         -6.068024979191         -6.181926627951         -2.033445694360     h
         -3.347206268463         -6.558917441766         -1.144612225023     h
        -12.776581148631         -5.502800963707         -4.526617236727     o
        -13.694211855778         -4.265513499579         -3.520270538647     h
        -13.694644795394         -5.592777610663         -6.105666397683     h
         -7.224953581906          6.355969220219          5.518114280081     o
         -7.466759576933          7.607715261990          6.831135386846     h
         -7.223236209545          4.754583267240          6.433266500341     h
         -6.557665123403         -2.236938171342         -6.758607407091     o
         -7.429164628503         -0.815794293579         -7.547268753763     h
         -7.353899105944         -2.295681633788         -5.104259373315     h
         -4.180854529350         -7.213156737876         -6.696249020602     o
         -5.556895996438         -8.012727678245         -5.772127445915     h
         -4.819366143209         -5.502845575413         -6.944092565693     h
         -7.241694883866          7.779755276710          0.020738939727     o
         -7.221555579316          7.432736067117          1.832367439032     h
         -8.998979826533          7.538562024755         -0.489006005285     h
         16.942624345007         -0.118901953383          1.219245099081     o
         18.533158899156         -0.841191246389          0.688230377851     h
         15.662278267588         -1.362488326123          0.750114632666     h
          2.229766230318         -3.188055296065         -8.633743010234     o
          2.021912637365         -4.720014490797         -7.630807089859     h
          4.032640062802         -2.811357132580         -8.635864625967     h
$end
$md
  hmass=5
  time=     10.00
  temp=    300.00
  step=      1.50
  shake=2
  dump=200
  skip=1
$set
  mddump  1000
$gbsa
  gbsagrid=tight
$wall
  potential=polynomial
  ellipsoid: 24.47449536088484, 15.00172464605726, 14.74046422005219, all
  ellipsoid: 15.16599373939388, 5.698043498080069, 5.501304734170035, 1-12
$constrain
   force constant=0.0200
   distance: 1, 2,  1.10080
   distance: 2, 3,  1.10080
   distance: 2, 4,  1.53317
   distance: 2, 7,  1.39726
   distance: 4, 5,  1.09107
   distance: 4, 6,  1.09107
   distance: 4, 9,  1.48916
   distance: 7, 8,  0.96373
   distance: 9, 10,  1.02912
   distance: 9, 11,  1.02912
   distance: 9, 12,  1.02813
   distance: 13, 14,  0.98138
   distance: 13, 15,  0.97724
   distance: 16, 17,  0.96551
   distance: 16, 18,  0.97256
   distance: 19, 20,  0.97486
   distance: 19, 21,  0.97887
   distance: 22, 23,  0.98692
   distance: 22, 24,  0.98013
   distance: 25, 26,  0.96810
   distance: 25, 27,  0.98734
   distance: 28, 29,  0.97363
   distance: 28, 30,  0.97990
   distance: 31, 32,  0.97206
   distance: 31, 33,  0.97810
   distance: 34, 35,  0.97445
   distance: 34, 36,  0.98201
   distance: 37, 38,  0.97442
   distance: 37, 39,  0.98582
   distance: 40, 41,  0.98393
   distance: 40, 42,  0.97679
   distance: 43, 44,  0.98390
   distance: 43, 45,  0.98472
   distance: 46, 47,  0.97682
   distance: 46, 48,  0.97808
   distance: 49, 50,  0.97903
   distance: 49, 51,  0.97388
   distance: 52, 53,  0.98525
   distance: 52, 54,  0.97019
   distance: 55, 56,  0.95972
   distance: 55, 57,  0.98708
   distance: 58, 59,  0.96316
   distance: 58, 60,  0.97599
   distance: 61, 62,  0.96597
   distance: 61, 63,  0.98056
   distance: 64, 65,  0.96729
   distance: 64, 66,  0.98279
   distance: 67, 68,  0.98013
   distance: 67, 69,  0.98203
   distance: 70, 71,  0.96874
   distance: 70, 72,  0.97257
   distance: 73, 74,  0.97415
   distance: 73, 75,  0.96648
   distance: 76, 77,  0.98279
   distance: 76, 78,  0.96926
   distance: 79, 80,  0.97356
   distance: 79, 81,  0.96605
   distance: 82, 83,  0.98880
   distance: 82, 84,  0.97090
   distance: 85, 86,  0.97819
   distance: 85, 87,  0.98138
   distance: 88, 89,  0.97667
   distance: 88, 90,  0.96732
   distance: 91, 92,  0.95681
   distance: 91, 93,  0.99713
   distance: 94, 95,  0.95893
   distance: 94, 96,  0.98978
   distance: 97, 98,  0.98452
   distance: 97, 99,  0.98709
   distance: 100, 101,  0.97478
   distance: 100, 102,  0.97703
   distance: 103, 104,  0.99468
   distance: 103, 105,  0.95695
   distance: 106, 107,  0.97631
   distance: 106, 108,  0.96116
   distance: 109, 110,  0.97978
   distance: 109, 111,  0.96351
   distance: 112, 113,  0.97498
   distance: 112, 114,  0.97281
   distance: 115, 116,  0.96269
   distance: 115, 117,  0.97122
   distance: 118, 119,  0.97192
   distance: 118, 120,  0.97239
   distance: 121, 122,  0.95765
   distance: 121, 123,  0.99986
   distance: 124, 125,  0.97815
   distance: 124, 126,  0.96919
   distance: 127, 128,  0.97016
   distance: 127, 129,  0.97495
   distance: 130, 131,  0.96307
   distance: 130, 132,  0.97150
   distance: 133, 134,  0.97009
   distance: 133, 135,  0.97464
   distance: 136, 137,  0.97178
   distance: 136, 138,  0.97898
   distance: 139, 140,  0.95756
   distance: 139, 141,  0.97344
   distance: 142, 143,  0.96784
   distance: 142, 144,  0.96832
   distance: 145, 146,  0.95786
   distance: 145, 147,  0.97026
   distance: 148, 149,  0.95726
   distance: 148, 150,  1.00158
   distance: 151, 152,  0.98275
   distance: 151, 153,  0.96261
   distance: 154, 155,  0.97158
   distance: 154, 156,  0.95750
   distance: 157, 158,  0.96445
   distance: 157, 159,  0.96140
   distance: 160, 161,  0.96234
   distance: 160, 162,  0.99069
   distance: 163, 164,  0.96861
   distance: 163, 165,  0.96313
   distance: 166, 167,  0.96440
   distance: 166, 168,  0.97001
   distance: 169, 170,  0.95641
   distance: 169, 171,  0.98469
   distance: 172, 173,  0.96919
   distance: 172, 174,  0.97094
   distance: 175, 176,  0.95587
   distance: 175, 177,  0.96738
   distance: 178, 179,  0.96459
   distance: 178, 180,  0.97518
   distance: 181, 182,  0.97482
   distance: 181, 183,  0.96604
   distance: 184, 185,  0.95818
   distance: 184, 186,  0.96598
   distance: 187, 188,  0.96613
   distance: 187, 189,  0.96070
   distance: 190, 191,  0.95704
   distance: 190, 192,  0.96669
$end
$end
$metadyn
  save=10
  kpush=0.160000    
  alp=0.666667    
$end
