           1           2  0.836502994833054     
           1           3  0.820005267552368     
           4           5  0.869923449324407     
           4           6  0.828210909624847     
           7           8  0.840853143122407     
           7           9  0.828792429472031     
          10          11  0.845500852855612     
          10          12  0.823397003897612     
          13          14  0.845043180264454     
          13          15  0.819847552772793     
          16          17  0.874147157998657     
          16          18  0.806987436504977     
          19          20  0.843016656136603     
          19          21  0.793978949457506     
          22          23  0.818098836640138     
          22          24  0.842059396163061     
          25          26  0.832287628370928     
          25          27  0.785753089861891     
          28          29  0.822950874777513     
          28          30  0.833350615004180     
          31          32  0.828827834763266     
          31          33  0.821740686241212     
          34          35  0.836247220008914     
          34          36  0.843381305962524     
          37          38  0.812561464585875     
          37          39  0.815676397336465     
          40          41  0.827367413683997     
          40          42  0.803896911877808     
          43          44  0.809042124950136     
          43          45  0.855292051475332     
          46          47  0.866738375308692     
          46          48  0.860004327969910     
          49          50  0.824368156660898     
          49          51  0.809044805807985     
          52          53  0.854162253303134     
          52          54  0.834981435790651     
          55          56  0.819210814354098     
          55          57  0.798879437100663     
          58          59  0.843818866817309     
          58          60  0.844061130378285     
          61          62  0.865346787723015     
          61          63  0.836752248144853     
          64          65  0.814860711632247     
          64          66  0.821487963453386     
          67          68  0.850135634629176     
          67          69  0.888238990388083     
          70          71  0.801199190815711     
          70          72  0.858068214106814     
          73          74  0.844487911642816     
          73          75  0.833217755211925     
          76          77  0.834030817467905     
          76          78  0.837072322242636     
          79          80  0.910973108525155     
          79          81  0.779231342454829     
          82          83  0.814426711773721     
          82          84  0.870707269942353     
          85          86  0.854212155310791     
          85          87  0.848795499969289     
          88          89  0.839114076557800     
          88          90  0.850769306239375     
          91          92  0.802757580992975     
          91          93  0.826254992799289     
          94          95  0.864293268643601     
          94          96  0.859952415137165     
          97          98  0.866065575067146     
          97          99  0.802757315828672     
         100         101  0.832608322394365     
         100         102  0.795095277891243     
         103         104  0.828788691457851     
         103         105  0.808950198393105     
         106         107  0.909534064197869     
         106         108  0.804398331127695     
         109         110  0.859537281957384     
         109         111  0.773727735733136     
         112         113  0.829188713602737     
         112         114  0.827020966639752     
         115         116  0.801135629653377     
         115         117  0.851593580301059     
         118         119  0.832743814771671     
         118         120  0.813522113530808     
         121         122  0.801305442377003     
         121         123  0.851035073895349     
         124         125  0.845939617798078     
         124         126  0.799223657826615     
         127         128  0.828948090595896     
         127         129  0.896905422927325     
         130         131  0.806575433479056     
         130         132  0.828961260194780     
         133         134  0.815248686905215     
         133         135  0.850679385991140     
         136         137  0.790486654579880     
         136         138  0.848146032999371     
         139         140  0.821751076582612     
         139         141  0.827895142055900     
         142         143  0.831430603077992     
         142         144  0.815666676571651     
         145         146  0.847832443136939     
         145         147  0.853489840270162     
         148         149  0.845452570016808     
         148         150  0.809082966027144     
         151         152  0.910441468791716     
         151         153  0.847523953077468     
         154         155  0.875345998788845     
         154         156  0.827844806002738     
         157         158  0.846088035847786     
         157         159  0.857619291283673     
         160         161  0.831323412981771     
         160         162  0.823646591171844     
         163         164  0.798075440261509     
         163         165  0.818107425777435     
         166         167  0.855521064208532     
         166         168  0.820805808159651     
         169         170  0.848684937530868     
         169         171  0.843200422537033     
         172         173  0.828598760460418     
         172         174  0.831512928969217     
         175         176  0.840067331813349     
         175         177  0.838415702289241     
         178         179  0.824775335127420     
         178         180  0.801147108901425     
         181         182  0.825098581559410     
         181         183  0.829779380263328     
         184         185  0.826268807799174     
         184         186  0.831043798526065     
         187         188  0.857894797175217     
         187         189  0.837038075659562     
         190         191  0.856894217692280     
         190         192  0.809249741349848     
         193         194  0.821413646722151     
         193         195  0.827836319513518     
         196         197  0.797561050607378     
         196         198  0.832522203110929     
         199         200  0.798377708354768     
         199         201  0.803926613932334     
         202         203  0.859082820235549     
         202         204  0.816734580910286     
         205         206  0.890365840036709     
         205         207  0.844628939303731     
         208         209  0.813702099125394     
         208         210  0.827492551224437     
         211         212  0.798080473089380     
         211         213  0.800813827993406     
         214         215  0.841325681461267     
         214         216  0.843194543607592     
         217         218  0.801998466350428     
         217         219  0.807162894702323     
         220         221  0.887789502906630     
         220         222  0.808615775219762     
         223         224  0.814563000213239     
         223         225  0.788332757845094     
         226         227  0.806866564026892     
         226         228  0.828302865257620     
         229         230  0.852596346523940     
         229         231  0.832382197921408     
         232         233  0.858396976889654     
         232         234  0.829766330132432     
         235         236  0.806965905391821     
         235         237  0.888861880657940     
         238         239  0.828679384073594     
         238         240  0.802249691607210     
         241         242  0.795853918074884     
         241         243  0.842316617438247     
         244         245  0.810596822358590     
         244         246  0.899250941045966     
         247         248  0.817849093233152     
         247         249  0.785440904455501     
         250         251  0.792903818740308     
         250         252  0.805596499988134     
         253         254  0.784446221341648     
         253         255  0.913820494967132     
         256         257  0.845840432938498     
         256         258  0.813035819971908     
         259         260  0.813354129728967     
         259         261  0.810143851902917     
         262         263  0.917676475447864     
         262         264  0.805233926758804     
         265         266  0.848746108258881     
         265         267  0.840342951206867     
         268         269  0.853675888781107     
         268         270  0.817322452332198     
         271         272  0.877478952568596     
         271         273  0.831570106941249     
         274         275  0.913737129880470     
         274         276  0.854671371441992     
         277         278  0.791572011139800     
         277         279  0.909946557520501     
         280         281  0.818316231659044     
         280         282  0.875184016798083     
         283         284  0.904883065022102     
         283         285  0.822235191939857     
         286         287  0.799423357833889     
         286         288  0.873367188124515     
         289         290  0.815091372120007     
         289         291  0.774818332866458     
         292         293  0.878996843382429     
         292         294  0.863548534830348     
         295         296  0.812488499720985     
         295         297  0.834044469951979     
         298         299  0.837717805627527     
         298         300  0.828783401940779     
         301         302  0.790527747002984     
         301         303  0.892448322076652     
         304         305  0.810885588497740     
         304         306  0.845109476529894     
         307         308  0.816298718857851     
         307         309  0.874291810852279     
         310         311  0.855886748628975     
         310         312  0.839638753626557     
         313         314  0.832800859447424     
         313         315  0.826429391316736     
         316         317  0.821844508354033     
         316         318  0.845463948940994     
         319         320  0.839267629646145     
         319         321  0.860304663195329     
         322         323  0.800328689591502     
         322         324  0.861909725556896     
         325         326  0.822935297027636     
         325         327  0.843638618185325     
         328         329  0.899393874146326     
         328         330  0.783530233234980     
         331         332  0.808299035714812     
         331         333  0.868072571134603     
         334         335  0.817179612104248     
         334         336  0.868471526943792     
         337         338  0.894239381097885     
         337         339  0.793781440464549     
         340         341  0.840989464665100     
         340         342  0.857643057623594     
         343         344  0.886671296839540     
         343         345  0.844099914619477     
         346         347  0.801645283897956     
         346         348  0.828512879350296     
         349         350  0.807153041313670     
         349         351  0.866594709019627     
         352         353  0.819960150444139     
         352         354  0.839230149568877     
         355         356  0.848888516953444     
         355         357  0.854998701642949     
         358         359  0.813193603446413     
         358         360  0.899522065583708     
         361         362  0.825057721296497     
         361         363  0.919481930326864     
         364         365  0.813868013011661     
         364         366  0.820470346438317     
         367         368  0.812950248732302     
         367         369  0.919582589808183     
         370         371  0.813133451167834     
         370         372  0.828829959673121     
         373         374  0.815185348411489     
         373         375  0.871858913454192     
         376         377  0.882080363164182     
         376         378  0.888441307928863     
         379         380  0.843046943465427     
         379         381  0.843583193386634     
         382         383  0.814097885498325     
         382         384  0.912058852416456     
         385         386  0.809664393938186     
         385         387  0.804792237422001     
         388         389  0.808060567338161     
         388         390  0.840243387583228     
         391         392  0.875193893053454     
         391         393  0.855285512095934     
         394         395  0.809265019645840     
         394         396  0.821210408379191     
         397         398  0.807066870498020     
         397         399  0.877862737478236     
         400         401  0.797861383551999     
         400         402  0.849160998602903     
         403         404  0.918749902725721     
         403         405  0.834478258479816     
         406         407  0.851399481858015     
         406         408  0.867911440606302     
         409         410  0.838879197649506     
         409         411  0.841449563861976     
         412         413  0.866267297787694     
         412         414  0.857399442482759     
         415         416  0.801765459502856     
         415         417  0.836717346937285     
         418         419  0.812819640194617     
         418         420  0.808106156883117     
         421         422  0.852831946199894     
         421         423  0.834942055462423     
         424         425  0.834833894763890     
         424         426  0.872199143741717     
         427         428  0.785291648871807     
         427         429  0.799247894190710     
         430         431  0.836197848807757     
         430         432  0.877952870629132     
         433         434  0.821946649185527     
         433         435  0.877221118224366     
         436         437  0.813174213524427     
         436         438  0.813245625291703     
         439         440  0.827517924534485     
         439         441  0.839404509240426     
         442         443  0.882980081163178     
         442         444  0.847686350369774     
         445         446  0.811806732470968     
         445         447  0.845937982673622     
         448         449  0.822985396160101     
         448         450  0.829719191125402     
         451         452  0.859801445159177     
         451         453  0.790030743893593     
         454         455  0.797992513585261     
         454         456  0.852047226679720     
         457         458  0.852422101274279     
         457         459  0.849112216227121     
         460         461  0.793701920384713     
         460         462  0.838657171197255     
         463         464  0.799317631088805     
         463         465  0.831823283048670     
         466         467  0.804428709185008     
         466         468  0.908833647740234     
         469         470  0.818077154148374     
         469         471  0.843258211417945     
         472         473  0.860970031420252     
         472         474  0.836081663709871     
         475         476  0.851589500549912     
         475         477  0.805925413784112     
         478         479  0.884521997457548     
         478         480  0.775801981150018     
         481         482  0.863516689751829     
         481         483  0.883949566993756     
         484         485  0.823981645671194     
         484         486  0.793329549300364     
         487         488  0.824081198911983     
         487         489  0.844634445523072     
         490         491  0.863815462790869     
         490         492  0.789119635363394     
         493         494  0.809376810856583     
         493         495  0.853913753867953     
         496         497  0.783291030296444     
         496         498  0.912779065866848     
         499         500  0.830077985749242     
         499         501  0.877418338032098     
         502         503  0.867897586016318     
         502         504  0.862896461745216     
         505         506  0.831894591636849     
         505         507  0.799653539133910     
         508         509  0.857748031048689     
         508         510  0.822445808077412     
         511         512  0.826896111206019     
         511         513  0.916494075443656     
         514         515  0.871192504592506     
         514         516  0.847581078887267     
         517         518  0.830837345054704     
         517         519  0.829231305591864     
         520         521  0.833220328445092     
         520         522  0.855178622977513     
         523         524  0.901801259704604     
         523         525  0.819524703561569     
         526         527  0.892291258244227     
         526         528  0.828932260690828     
         529         530  0.901085047806836     
         529         531  0.895589242870596     
