0        -14.80819766         -5.07054445
   1      -19.8807596164      907.3
   2      -24.9626972150     1105.4
   3      -30.0433244628     1311.4
   4      -35.1290786698     1496.8
   5      -40.2139072557     1680.3
   6      -45.3018491010     1848.1
   7      -50.3872319258     2024.6
   8      -55.4753748996     2185.5
   9      -60.5601034921     2346.5
  10      -65.6465687312     2514.9
  11      -70.7307112798     2687.6
  12      -75.8175474379     2845.4
  13      -80.9068926278     2957.0
  14      -85.9965397227     3105.0
  15      -91.0885555890     3244.9
  16      -96.1707245288     3424.8
  17     -101.2651790911     3591.5
  18     -106.3562556315     3725.2
  19     -111.4423590997     3886.9
  20     -116.5306775805     4028.5
  21     -121.6282822892     4131.0
  22     -126.7193922608     4256.0
  23     -131.8062190201     4411.0
  24     -136.8921657768     4581.9
  25     -141.9891251143     4727.3
  26     -147.0806308289     4863.0
  27     -152.1680564552     5039.3
  28     -157.2505501042     5193.7
  29     -162.3457559951     5367.2
  30     -167.4365837836     5521.3
  31     -172.5288903252     5720.3
  32     -177.6265666914     5876.6
  33     -182.7197839642     6025.0
  34     -187.8120381807     6163.2
  35     -192.9002266980     6323.2
  36     -197.9911495801     6466.2
  37     -203.0790433433     6638.7
  38     -208.1690541670     6782.1
  39     -213.2532362759     6954.6
  40     -218.3434670890     7096.9
  41     -223.4315395856     7242.5
  42     -228.5245708618     7417.9
  43     -233.6157902473     7575.5
  44     -238.7056306073     7695.1
  45     -243.7945187857     7835.3
  46     -248.8860808717     7983.5
  47     -253.9754867011     8143.5
  48     -259.0640337337     8289.2
  49     -264.1616371549     8427.5
  50     -269.2509315893     8575.9
  51     -274.3405498322     8738.7
  52     -279.4258784093     8928.3
  53     -284.5122842196     9083.8
  54     -289.5994328165     9222.6
  55     -294.6980985412     9392.2
  56     -299.7909748226     9538.2
  57     -304.8799642146     9710.2
  58     -309.9685985508     9849.4
  59     -315.0600289950     9999.8
  60     -320.1497801170    10172.0
  61     -325.2438097597    10297.1
  62     -330.3373973576    10436.1
  63     -335.4332469812    10553.0
  64     -340.5259370629    10690.9
  65     -345.6166782807    10820.6
  66     -350.7032260582    10982.7
  67     -355.8022076442    11147.6
  68     -360.8912924319    11275.2
  69     -365.9868955858    11429.6
  70     -371.0794864267    11566.3
  71     -376.1727958010    11683.2
  72     -381.2666408995    11829.4
  73     -386.3597134264    11962.6
  74     -391.4519536595    12109.0
  75     -396.5454448053    12266.2
  76     -401.6412315628    12389.2
  77     -406.7268782201    12552.1
  78     -411.8293062298    12733.1
  79     -416.9188368776    12892.5
  80     -422.0102383690    13041.4
  81     -427.0959735969    13198.4
  82     -432.1877311489    13338.0
  83     -437.2800307598    13470.6
  84     -442.3674680085    13647.5
  85     -447.4627918131    13821.7
  86     -452.5549868370    13962.0
  87     -457.6443670529    14111.5
  88     -462.7367097791    14237.6
  89     -467.8263804573    14420.6
  90     -472.9223942711    14557.4
  91     -478.0139554078    14707.9
  92     -483.1056011116    14855.0
  93     -488.2025952192    14958.2
  94     -493.2938326687    15103.4
  95     -498.3839677186    15253.0
  96     -503.4756699892    15418.9
  97     -508.5724536808    15546.0
  98     -513.6613340906    15683.2
  99     -518.7590365517    15820.3
 100     -523.8472705490    15957.1
 101     -528.9401525242    16061.7
 102     -534.0319610858    16184.7
 103     -539.1262715400    16312.0
 104     -544.2237898904    16519.1
 105     -549.3140256288    16653.5
 106     -554.4041796497    16730.0
 107     -559.4935777559    16873.0
 108     -564.5888492709    16984.6
 109     -569.6779878270    17188.3
 110     -574.7720478144    17314.7
 111     -579.8599101394    17483.1
 112     -584.9634306843    17559.5
 113     -590.0582530056    17699.8
 114     -595.1451142605    17866.7
 115     -600.2439608368    18039.5
 116     -605.3348857795    18171.9
 117     -610.4290413003    18286.9
 118     -615.5227000065    18420.0
 119     -620.6253513274    18570.2
 120     -625.7170434880    18713.8
 121     -630.8069498719    18861.1
 122     -635.9002231077    18987.6
 123     -640.9937408708    19079.2
 124     -646.0856275490    19220.4
 125     -651.1791521036    19360.7
 126     -656.2747100890    19490.4
 127     -661.3704221116    19626.3
 128     -666.4529690843    19780.3
 129     -671.5503421852    19917.5
 130     -676.6487758491    20022.9
 131     -681.7343521397    20186.0
 132     -686.8247428272    20321.9
 133     -691.9236127908    20461.2
 134     -697.0217225037    20572.4
 135     -702.1171875450    20715.0
 136     -707.2202711175    20850.7
 137     -712.3121682800    20993.6
 138     -717.4059394072    21122.9
 139     -722.4997287313    21274.4
 140     -727.5951180621    21418.9
 141     -732.6835161700    21580.3
 142     -737.7756244879    21706.2
 143     -742.8762207301    21804.2
 144     -747.9686935856    21956.4
 145     -753.0624647696    22095.0
 146     -758.1606020028    22245.9
 147     -763.2561792149    22380.0
 148     -768.3496173740    22529.7
 149     -773.4463201407    22637.9
 150     -778.5385122323    22751.7
 151     -783.6407615489    22890.4
 152     -788.7348456137    23032.1
 153     -793.8267810246    23147.8
 154     -798.9203429398    23313.0
 155     -804.0066585974    23458.9
 156     -809.0989353646    23592.5
 157     -814.1934007513    23718.8
 158     -819.2842874700    23851.1
 159     -824.3812356698    23957.8
 160     -829.4710908694    24095.0
 161     -834.5690414608    24216.7
 162     -839.6642799349    24362.9
 163     -844.7588561461    24491.6
 164     -849.8541841214    24605.8
 165     -854.9406160443    24744.7
 166     -860.0300212231    24875.6
 167     -865.1164245566    25017.4
 168     -870.2133731419    25135.7
 169     -875.3127540633    25257.6
 170     -880.4047570564    25371.5
 171     -885.5052911141    25497.4
 172     -890.5999217803    25605.2
 173     -895.6860790691    25764.1
 174     -900.7763946721    25911.8
 175     -905.8691327115    26060.0
 176     -910.9702788118    26235.3
 177     -916.0640321789    26386.4
 178     -921.1536515174    26527.4
 179     -926.2452781736    26671.3
 180     -931.3368517973    26842.2
 181     -936.4298101692    26959.5
 182     -941.5278356941    27076.9
 183     -946.6143933506    27243.4
 184     -951.7070052430    27366.6
 185     -956.8026217118    27526.6
 186     -961.9011679361    27701.4
 187     -966.9972231936    27853.6
 188     -972.0932557456    27992.4
 189     -977.1790716277    28134.8
 190     -982.2786233166    28266.3
 191     -987.3704309457    28400.9
 192     -992.4605877121    28539.7
 193     -997.5793008215    28626.1
 194    -1002.6758250605    28744.7
 195    -1007.7696965705    28879.5
 196    -1012.8584085849    29048.3
 197    -1017.9507339689    29200.2
 198    -1023.0501786039    29310.2
 199    -1028.1470314707    29444.8
 200    -1033.2399152390    29575.8
 201    -1038.3302919981    29732.0
 202    -1043.4257490918    29856.7
 203    -1048.5157308423    30011.2
 204    -1053.6074120518    30146.8
 205    -1058.6979748340    30299.1
 206    -1063.7900624444    30422.3
 207    -1068.8862737007    30576.6
 208    -1073.9750916834    30699.9
 209    -1079.0701592190    30815.2
 210    -1084.1639847641    30943.4
 211    -1089.2544471174    31077.2
 212    -1094.3558463358    31241.2
 213    -1099.4586748184    31353.4
 214    -1104.5600364673    31509.2
 215    -1109.6596636782    31636.4
 216    -1114.7518696731    31797.9
 217    -1119.8481901559    31966.4
 218    -1124.9403421142    32099.9
 219    -1130.0409335396    32214.5
 220    -1135.1331580868    32360.6
 221    -1140.2282879943    32501.6
 222    -1145.3248658229    32646.3
 223    -1150.4194336988    32767.4
 224    -1155.5079971520    32926.8
 225    -1160.5969444579    33097.7
 226    -1165.6926864983    33235.8
 227    -1170.7875676069    33373.2
 228    -1175.8797909083    33522.3
 229    -1180.9655698438    33659.1
 230    -1186.0613695429    33775.7
 231    -1191.1543608295    33917.2
 232    -1196.2564913666    34015.6
 233    -1201.3487180336    34155.6
 234    -1206.4533628333    34263.7
 235    -1211.5479066121    34366.1
 236    -1216.6353398379    34498.2
 237    -1221.7289648381    34642.9
 238    -1226.8251498035    34774.0
 239    -1231.9216008191    34886.0
 240    -1237.0146142600    35064.3
 241    -1242.1072512380    35194.6
 242    -1247.2017567075    35285.2
 243    -1252.2928622013    35422.1
 244    -1257.3944359543    35548.2
 245    -1262.5036076076    35658.8
 246    -1267.6098368269    35718.4
 247    -1272.7027397642    35827.7
 248    -1277.7940967238    35962.2
 249    -1282.8882252143    36102.8
 250    -1287.9869223674    36199.7
