   -0.69543840
    0.33931019
    0.33839384
   -0.68196122
    0.35393299
    0.34242106
   -0.67139092
    0.33403843
    0.34081358
   -0.68991526
    0.36911352
    0.34789061
   -0.67005224
    0.33965421
    0.33954845
   -0.69702403
    0.36842754
    0.35674407
   -0.66773525
    0.33491822
    0.34511897
   -0.69428847
    0.34551737
    0.34943560
   -0.67652904
    0.33269121
    0.33295264
   -0.67952091
    0.33432459
    0.33093344
   -0.68438924
    0.34376766
    0.36547699
   -0.67212189
    0.34175341
    0.36315723
   -0.70616801
    0.35874841
    0.34147488
   -0.66566312
    0.33225592
    0.33291163
   -0.68623907
    0.33393616
    0.32924614
   -0.69994217
    0.36612112
    0.32850545
   -0.68642812
    0.33715789
    0.33305840
   -0.67237269
    0.33879044
    0.32206065
   -0.69063866
    0.35588274
    0.32904389
   -0.66755792
    0.33722311
    0.32922379
   -0.69597975
    0.33188541
    0.35014368
   -0.67471656
    0.34245120
    0.35009672
   -0.67281117
    0.32585671
    0.34142984
   -0.68872600
    0.33864064
    0.34035675
   -0.66064895
    0.32875468
    0.32485264
   -0.68524441
    0.33974913
    0.34245391
   -0.70321177
    0.35219565
    0.33522482
   -0.69915682
    0.36382758
    0.35165197
   -0.70431259
    0.35893377
    0.35090177
   -0.69479663
    0.33950197
    0.35374382
   -0.68613507
    0.32756031
    0.35444911
   -0.67796781
    0.35579270
    0.34562236
   -0.70157146
    0.34081850
    0.34347227
   -0.67243531
    0.32374031
    0.34221129
   -0.70455493
    0.34275682
    0.35385566
   -0.72688625
    0.35194718
    0.35699455
   -0.67332450
    0.33210809
    0.32419413
   -0.67773814
    0.32437381
    0.34923528
   -0.69556036
    0.34362720
    0.35408102
   -0.68735081
    0.36469903
    0.34134326
   -0.67081938
    0.34036888
    0.35294037
   -0.69810970
    0.35231723
    0.36180199
   -0.69189416
    0.31246913
    0.35835856
   -0.70463010
    0.35184080
    0.35034624
   -0.71267866
    0.35608774
    0.33997758
   -0.67384250
    0.33384775
    0.36391014
   -0.67652616
    0.32632035
    0.36194122
   -0.65088862
    0.32390454
    0.33293567
   -0.67996897
    0.33536444
    0.33181517
   -0.67001967
    0.33937422
    0.35979936
   -0.68273631
    0.33742798
    0.35355960
   -0.66574089
    0.34227927
    0.32354255
   -0.68271959
    0.34633046
    0.33159126
   -0.65603808
    0.30764573
    0.33292185
   -0.66937506
    0.33933316
    0.34521791
   -0.65567082
    0.33656702
    0.35406551
   -0.71480586
    0.35578653
    0.35053877
   -0.68973673
    0.35070843
    0.32218943
   -0.68719355
    0.36614356
    0.34810794
   -0.67663223
    0.35577555
    0.28972762
   -0.68311465
    0.33581844
    0.36201365
   -0.64848682
    0.33099769
    0.34005302
   -0.70676556
    0.33653294
    0.33967828
   -0.68221123
    0.32038546
    0.34439019
   -0.69164007
    0.34653100
    0.33162619
   -0.62574479
    0.27500401
    0.34409185
   -0.68567648
    0.34658743
    0.34465913
   -0.72843771
    0.35305732
    0.36000575
   -0.66413999
    0.35886123
    0.30388492
   -0.67822650
    0.34566953
    0.31883380
   -0.66091778
    0.31234696
    0.32674764
   -0.68093423
    0.35699268
    0.33594518
   -0.69339967
    0.35690408
    0.34889308
   -0.67308526
    0.33812000
    0.33118796
   -0.66177023
    0.32815330
    0.33927740
   -0.64109520
    0.32081422
    0.32918296
   -0.67105709
    0.34049780
    0.34283704
   -0.63575863
    0.32078064
    0.32251245
   -0.69736897
    0.32617783
    0.35794961
   -0.69826675
    0.34936917
    0.35455261
   -0.66867949
    0.32312219
    0.33787483
   -0.68422171
    0.32611034
    0.33233395
   -0.67791782
    0.37265906
    0.34143541
   -0.68384532
    0.32001084
    0.34692926
   -0.69890220
    0.32856795
    0.35095236
   -0.63214819
    0.33063665
    0.30086691
   -0.68209951
    0.35227037
    0.32104938
   -0.69667380
    0.34615095
    0.34736018
   -0.65792993
    0.34868585
    0.31663557
   -0.65321910
    0.32398737
    0.34581204
   -0.71599793
    0.34853921
    0.35169051
   -0.64966776
    0.32112495
    0.32592873
   -0.69925537
    0.36076116
    0.33501655
   -0.66431993
    0.33294404
    0.33959755
   -0.64649874
    0.33011815
    0.33528897
   -0.64878353
    0.34269220
    0.31873178
   -0.65975494
    0.35534875
    0.30373418
   -0.64860805
    0.33336878
    0.32020901
   -0.67851801
    0.34912613
    0.32791636
   -0.64448734
    0.32798675
    0.35564323
   -0.68805241
    0.35636409
    0.34728235
   -0.63770192
    0.31449568
    0.32478947
   -0.66967028
    0.32468933
    0.32939773
   -0.68866102
    0.32963632
    0.36663844
   -0.67493264
    0.32620410
    0.35633920
   -0.63720245
    0.27941529
    0.35237286
   -0.65943421
    0.33116520
    0.33419072
   -0.68585835
    0.33395580
    0.34331812
   -0.67333375
    0.32073917
    0.33196355
   -0.67672876
    0.32780316
    0.35158255
   -0.64393698
    0.29693922
    0.34359862
   -0.71588642
    0.33651900
    0.35764970
   -0.68832877
    0.34916668
    0.36199239
   -0.67836607
    0.35467033
    0.32043361
   -0.68239585
    0.32771850
    0.33517853
   -0.66817717
    0.34767511
    0.31415886
   -0.67077558
    0.34865507
    0.33643047
   -0.65952165
    0.32510549
    0.32340385
   -0.66459595
    0.32366643
    0.32742061
   -0.66360787
    0.29265613
    0.35894517
   -0.68622973
    0.36387584
    0.31396360
   -0.68512186
    0.34049282
    0.35524157
   -0.68579930
    0.34843636
    0.33664085
   -0.64423443
    0.31590395
    0.31594175
   -0.66071066
    0.31234884
    0.34482739
   -0.70676502
    0.36036161
    0.35471621
   -0.67519921
    0.34930681
    0.33423689
   -0.64442904
    0.32501893
    0.32774899
   -0.66400109
    0.30449205
    0.34869580
   -0.68037058
    0.35320745
    0.31878680
   -0.65547632
    0.31280878
    0.33587058
   -0.64942486
    0.33237269
    0.31893906
   -0.66925335
    0.35164910
    0.31888530
   -0.66492695
    0.34207827
    0.31872193
   -0.68621025
    0.34839331
    0.33523157
   -0.64399805
    0.33723690
    0.32575497
   -0.66743826
    0.31414615
    0.34521131
   -0.70156831
    0.34224245
    0.34615207
   -0.68265378
    0.35770408
    0.32288729
   -0.64895566
    0.32624066
    0.32646478
   -0.68036060
    0.34913480
    0.32672601
   -0.62087787
    0.28174950
    0.34275693
   -0.68341563
    0.34635829
    0.31796094
   -0.61436890
    0.31561658
    0.32047168
   -0.68399705
    0.34809947
    0.32117256
   -0.66866768
    0.30609705
    0.36408465
   -0.65248110
    0.32269978
    0.31945054
   -0.68870895
    0.35000917
    0.34689125
   -0.66495088
    0.34876416
    0.32477767
   -0.65243353
    0.35297880
    0.29106815
   -0.66315827
    0.33026885
    0.33894976
   -0.69335438
    0.33959718
    0.36147671
   -0.67414278
    0.34982534
    0.33238498
   -0.67725317
    0.34115445
    0.35246528
   -0.63691369
    0.32872341
    0.31412792
   -0.66437078
    0.31763638
    0.32828816
   -0.67558656
    0.35517564
    0.34458417
   -0.67041933
    0.34094534
    0.32837210
   -0.68212785
    0.33566556
    0.34062180
   -0.66693533
    0.34562822
    0.31397323
   -0.69981242
    0.32903143
    0.35065531
   -0.63750590
    0.28105355
    0.34997507
   -0.64880248
    0.28225586
    0.35214079
   -0.65050313
    0.35124255
    0.28744892
   -0.68947308
    0.33534452
    0.34959898
   -0.62855533
    0.33139727
    0.32281671
   -0.65790823
    0.33810603
    0.33401207
   -0.63935145
    0.32536573
    0.33259180
   -0.65514274
    0.32241224
    0.33389515
   -0.68006255
    0.34661615
    0.35714672
   -0.66314068
    0.31089705
    0.33728843
   -0.69056720
    0.35189111
    0.33553483
   -0.65485834
    0.34035371
    0.31157909
   -0.66844610
    0.33153163
    0.31899282
   -0.66635941
    0.31445932
    0.33621291
   -0.69540332
    0.33523761
    0.34069849
   -0.66796546
    0.32808228
    0.33040689
   -0.67728988
    0.35476247
    0.33210199
   -0.66886428
    0.32869276
    0.34959788
   -0.64176999
    0.32346070
    0.31873179
   -0.68001492
    0.33131151
    0.33094193
   -0.64921775
    0.33209468
    0.31559668
   -0.66935459
    0.33247969
    0.32966556
   -0.65838042
    0.31632665
    0.34141395
   -0.63424727
    0.35521930
    0.28484453
   -0.65406189
    0.33152712
    0.32248052
   -0.64312119
    0.32087599
    0.32894387
   -0.67565829
    0.35954175
    0.33748326
   -0.66733077
    0.32961339
    0.35585404
   -0.67143634
    0.31379144
    0.34264769
   -0.70590731
    0.35263727
    0.34577167
   -0.65212488
    0.33602587
    0.32918389
   -0.62615236
    0.29165401
    0.35436378
   -0.63959730
    0.31892941
    0.32546004
   -0.66708949
    0.33745848
    0.33047599
   -0.64317611
    0.33354278
    0.31129890
   -0.69742254
    0.34478649
    0.33986263
   -0.66006135
    0.33116037
    0.34965600
   -0.63361881
    0.27456648
    0.34584355
   -0.66653534
    0.33187732
    0.32865131
   -0.67945779
    0.31106039
    0.35940952
   -0.63855245
    0.30950122
    0.34368121
   -0.65676323
    0.33481337
    0.32757466
   -0.65518672
    0.32700685
    0.32951701
   -0.64928697
    0.32051622
    0.32703508
   -0.65944366
    0.35974797
    0.30157642
   -0.68931807
    0.33509109
    0.34641122
   -0.67802646
    0.33429567
    0.33279012
   -0.67766980
    0.31334479
    0.35860783
   -0.66115944
    0.31590147
    0.31257569
   -0.68474178
    0.34018756
    0.34738602
   -0.64712265
    0.32825894
    0.32725107
   -0.66389256
    0.35156299
    0.31130777
   -0.66878678
    0.33070591
    0.31705807
   -0.66400778
    0.33161197
    0.31926364
   -0.65015080
    0.34029840
    0.31503018
   -0.66662463
    0.34602354
    0.31450585
   -0.66867962
    0.33138166
    0.33428488
   -0.68036199
    0.31826517
    0.34922572
   -0.65478680
    0.31996459
    0.33487848
   -0.67491294
    0.36404830
    0.33708921
   -0.63659815
    0.28371651
    0.35795331
   -0.67673829
    0.35078086
    0.30352224
   -0.67781981
    0.35337180
    0.34023172
   -0.69117454
    0.35052793
    0.35969494
   -0.64015298
    0.34818020
    0.28016300
   -0.65916857
    0.28896523
    0.35602985
   -0.67173660
    0.35192202
    0.33840076
   -0.67044211
    0.31405980
    0.35174305
   -0.67714473
    0.33352396
    0.35070875
   -0.65208156
    0.32612998
    0.34275551
   -0.67243309
    0.34717410
    0.31471211
   -0.66614811
    0.33363596
    0.32427036
   -0.68117043
    0.36709664
    0.32454080
   -0.67739340
    0.32777759
    0.35831127
   -0.67713392
    0.33321387
    0.34715056
   -0.66508049
    0.30429008
    0.35209425
   -0.68315350
    0.32951324
    0.34297415
   -0.62993961
    0.34816287
    0.28141393
   -0.66236868
    0.30840573
    0.34435739
   -0.64570896
    0.31429469
    0.34598145
   -0.67490022
    0.32402906
    0.35392786
   -0.65534773
    0.32827814
    0.31796703
   -0.64479222
    0.32313850
    0.33303798
   -0.66455387
    0.32753740
    0.32872761
   -0.64918952
    0.33060585
    0.33908069
   -0.63593775
    0.33874368
    0.31306347
   -0.65835544
    0.32732352
    0.32443473
   -0.65549445
    0.34280482
    0.31711157
   -0.69396773
    0.33232284
    0.36214994
   -0.65723735
    0.32201379
    0.34641456
   -0.64053661
    0.31138648
    0.32823101
