$coord
            9.5977063652          -12.6008282860            0.3010185491     O 
            7.9649064021          -13.2230662589           -0.3399979177     H 
            9.4120198096          -12.5186022512            2.1323879794     H 
            1.7698420949            5.9746792570            8.7484060453     O 
           -0.0114773619            5.9793281236            8.2518448359     H 
            2.4549987316            7.5724312441            8.1959742193     H 
            0.2045069624            0.7450083437           -6.5477548315     O 
           -0.0367715982           -0.6574203810           -7.7202396012     H 
            1.8326802728            0.3855360291           -5.7856271144     H 
          -11.2239292284            3.1379934654            0.8879984667     O 
           -9.7728801842            3.2552231946           -0.2466788029     H 
          -12.6135139004            3.6949720859           -0.1810802917     H 
           -4.6935384009            5.8323853642            2.1241098066     O 
           -3.6328406374            6.7895471778            0.9641707722     H 
           -3.8203575724            5.7293066189            3.7418736979     H 
           -6.5136393113           -9.4885088312            0.5525448705     O 
           -6.5618260146           -7.9031913333           -0.3641540460     H 
           -5.4167865940           -9.2703035501            2.0306124411     H 
           -3.1576141454           -3.7231507248           -5.3684460160     O 
           -3.5745377676           -5.4414870813           -4.8968818511     H 
           -1.5095465527           -3.4092163138           -4.6761457412     H 
           -0.9403036618          -11.1498480846           -0.1139728712     O 
           -1.7370489801          -10.9653953222            1.5256421449     H 
            0.7297600893          -10.3903700760            0.0611397850     H 
           -3.0438851841           -5.0985994893            0.4511585842     O 
           -1.7211016399           -5.8000387566            1.5262937635     H 
           -3.1918370553           -6.1489786536           -1.0315495821     H 
            1.2233157105            9.2490517962           -9.3121107647     O 
            0.5240989104            8.6502762148          -10.8900187905     H 
            2.9365151942            9.8202319601           -9.7103148242     H 
           -6.2668948635            2.1074430581           -7.3674235115     O 
           -7.3237390926            3.5571451370           -7.7931868561     H 
           -4.9637092648            2.7942365386           -6.2738632321     H 
           -3.5450762981            5.3004754911           -4.7526713544     O 
           -4.4382736048            6.5801640724           -3.8077308528     H 
           -1.7176149992            5.5401268739           -4.5777730772     H 
           -8.0939929051           -5.5235904865           -2.2113193439     O 
           -7.9917578427           -4.1534501821           -3.4376272860     H 
           -8.7094872291           -7.0360621934           -3.0978987759     H 
           -8.7936286555            4.4551203852           -3.1972754991     O 
           -9.8287175201            3.8348951671           -4.5715166103     H 
           -9.4132561407            6.1344318403           -2.8081273704     H 
           -2.0809350090            8.8962321408           -1.1200711803     O 
           -1.8372481297            9.6380859996           -2.7849293870     H 
           -1.1533044625            9.9924388956            0.0071123115     H 
            0.5459173658            3.8096737736          -10.4180708706     O 
            0.5679364149            2.8646232223           -8.8080077094     H 
           -0.1433120681            2.6035509976          -11.6328604124     H 
           -2.5783296204            0.2116682550            5.0800129722     O 
           -2.0767835959           -1.2056609309            6.1459882762     H 
           -4.2628205309            0.7528756464            5.5937654126     H 
           -4.0402825605           -0.7895665018           15.0216086228     O 
           -5.7001972212            0.0112721374           15.3446220971     H 
           -4.3597262420           -2.5859115579           15.0570382505     H 
           -3.3986691777          -10.0468411653            4.3089077065     O 
           -3.3130072067           -8.8816661848            5.7521747176     H 
           -4.4365483987          -11.4406259623            4.9256068817     H 
           -2.6518262041            1.1775202033           10.5498325484     O 
           -0.8383708686            1.0030651447           10.5041863936     H 
           -3.1731946887            0.6791340163           12.2524154237     H 
           -6.5618790055           -5.1600702186            4.1850208140     O 
           -6.0466845384           -4.0187354028            5.5131048859     H 
           -5.3875664213           -4.9292397901            2.7955267452     H 
            7.0822116527            0.4118061808            6.9816782787     O 
            8.3665654964           -0.2456214861            8.1269576215     H 
            6.4520939229           -0.9661076071            5.9738478808     H 
            1.3575382597           -4.9642532782           -2.5295318792     O 
            1.9648751481           -5.8809208321           -1.0743659826     H 
            1.4104337554           -6.2369881489           -3.8964105697     H 
           -0.7910898919           11.4886620468           -5.2992963443     O 
           -0.5617056408           10.7432395457           -6.9623525276     H 
            0.9409151149           11.5188320114           -4.6560515586     H 
            1.1100820583           -0.2853614212           14.7724911418     O 
            1.5006605577            1.4571506300           14.3755984146     H 
           -0.6045171954           -0.2812725745           15.4194537980     H 
           -6.9544669998            1.9338436536            7.1099232029     O 
           -8.1226364128            3.1541182450            6.3571302308     H 
           -7.9533263070            0.3946348658            7.3085763521     H 
          -13.4022236989           -0.5449305208           -1.9123209147     O 
          -12.2179856009           -1.1264254853           -0.6214172601     H 
          -14.6791975834            0.4405877059           -1.0506483009     H 
            5.6253286579            5.8365136442            4.5172874900     O 
            4.0969157133            4.8253859591            4.5545904102     H 
            6.8290549484            4.8517419513            3.5297994793     H 
           -4.6734442512           -1.8694162616           -9.8273666162     O 
           -3.9589259716           -2.6683045250           -8.3229037614     H 
           -5.3244511291           -0.2703403236           -9.1616116435     H 
            4.2712547185           -1.1973898340           -4.1332639743     O 
            6.0303951980           -1.7325471363           -4.3326625199     H 
            3.3239259654           -2.6958072367           -3.6006296259     H 
           -6.8734632635           -7.9441945837           -8.0264201379     O 
           -7.0576875136           -8.8811496197           -9.5978296516     H 
           -7.8989690496           -6.4019637170           -8.3017270944     H 
           -8.9227310903           -1.3779119993           -4.8691703442     O 
           -7.9371250153           -0.0126298025           -5.6372932888     H 
          -10.3629080747           -0.6374647728           -4.0279198401     H 
            2.6859763082            0.9505001868            9.3725387852     O 
            4.4152454665            0.7077787613            8.7695090129     H 
            2.2816874845            2.6416113933            8.7931440848     H 
            6.8074287361           -8.3919010426            3.7877674419     O 
            6.4072311883           -8.9709587181            5.4717063613     H 
            7.9714502789           -6.9928105142            4.0072749515     H 
            1.7113945832            2.6052682763            4.5024695269     O 
            2.7329447373            1.1349939455            4.1409118083     H 
            0.0412649703            1.9614027574            4.9526677129     H 
            7.3754166759            5.6799351650            9.1207826941     O 
            8.9327345686            4.8809309011            8.4556979795     H 
            6.3428429443            5.7866419944            7.5758320788     H 
           -6.5607236938            9.5317390802           -4.2443755996     O 
           -6.3682962463           10.1308286070           -2.5339229809     H 
           -6.1252314582           10.9595360330           -5.3220231803     H 
          -11.1109124134            8.6255478412           -1.1689130750     O 
          -11.2280488753           10.3777791614           -1.6960842741     H 
          -10.0657744692            8.6702414255            0.3577265495     H 
            1.7144204458           -8.3039665055            8.9005624371     O 
            1.9550161570           -9.4760397654            7.4886187702     H 
           -0.0963887313           -7.9100425695            8.9425516920     H 
           -8.5583421716           -8.6763860728            7.2447780069     O 
           -8.0280611710           -7.5015990670            5.9190716954     H 
          -10.3831050484           -8.9320663940            7.0904613698     H 
            0.7286007139           -6.1044458908            3.5965740172     O 
            1.1966012222           -7.8530746654            3.8852084194     H 
            0.2561324515           -5.3550556345            5.2149040339     H 
            0.4635181002            7.5974756638            3.2543611303     O 
            0.5268350669            5.9381313054            4.0073533398     H 
            1.5258149708            7.4624659372            1.7284088143     H 
            1.7308874142           -3.4321610889          -14.3487313856     O 
            2.8424373423           -2.1364018917          -14.9973517987     H 
            1.5721366999           -3.0988201919          -12.5153249423     H 
            5.0402874271           -4.6193415095            8.1388590358     O 
            4.2936327340           -3.8321288097            6.6578066824     H 
            3.8948406498           -6.0037644197            8.5884731209     H 
          -10.5175134721            5.0739157646            5.3901886245     O 
          -10.9356893968            4.2288182661            3.7894787699     H 
           -9.8342023516            6.6850518516            4.7897556479     H 
          -14.7538969698            6.9221139102            1.8820388584     O 
          -14.1485484864            7.7833069739            3.3746683229     H 
          -13.6033242653            7.4584966544            0.5212301555     H 
          -12.0024474854           -5.7259207637            4.4025605993     O 
          -13.7487681869           -5.3348699315            4.0460465720     H 
          -11.0066783603           -4.4866504755            3.4542175463     H 
            2.9842783864          -13.7426745301            9.8271323800     O 
            2.6512410732          -12.9923191429           11.4590057846     H 
            1.3486120753          -14.0165625989            9.0461388074     H 
           11.8945862914           -8.6058980197            8.8557547006     O 
           12.0114050477           -7.5165951880           10.3615511723     H 
           10.2436984044           -9.3858452546            8.9773246708     H 
            1.3158451091            6.0841230753           -5.1643096294     O 
            1.4354075474            7.3969488126           -6.4422687598     H 
            2.0112173405            6.7038093472           -3.5554201579     H 
            6.1363722396           -7.9175490077           -3.9710615598     O 
            6.3496030434           -9.2532906395           -5.2199010715     H 
            7.7772806723           -7.7177432003           -3.0986242971     H 
          -16.0433552069            9.4245102764           -3.5178781962     O 
          -14.8287620706            9.6530238709           -4.8984885250     H 
          -17.6929260908            9.3417510297           -4.3267653635     H 
           12.0117947532           -0.4820568556            5.0973410122     O 
           11.2933416173           -2.0864340990            5.6471059541     H 
           13.7743067476           -0.4898867839            5.5884993246     H 
           -0.4399602844            7.9780756928          -14.2681857918     O 
           -1.5292307470            6.5768387168          -14.6461180480     H 
            1.2928876965            7.3210207997          -14.3352301212     H 
          -13.5927805520           -5.7202800850           -2.0214554006     O 
          -14.4337448240           -5.0248468863           -0.5540177233     H 
          -11.8063552774           -5.4336030031           -1.8090512264     H 
           -2.9974914353            5.5679704585            7.0315079526     O 
           -4.2982105994            6.7320606180            7.5931641951     H 
           -3.3286354467            3.9834032305            7.8860605465     H 
            3.5973373896           -9.0489013128            0.0106686850     O 
            4.5142112932           -8.5708655070           -1.5474802135     H 
            4.7477053166           -8.7907102248            1.4338889258     H 
           -6.6099257918          -13.2420386978            6.6185890786     O 
           -7.4378854913          -11.6220721512            7.0367486366     H 
           -7.8139477906          -14.1260151619            5.5559533535     H 
            5.0668652170            3.3697141468           -6.7736182216     O 
            3.4926286834            4.1613977957           -6.1578165883     H 
            5.8733474913            2.5630849120           -5.3550152926     H 
            4.6104883740            1.1872514690          -15.3024032858     O 
            4.5793863621            0.8156672779          -13.4543659493     H 
            6.3788073794            1.2925942598          -15.6955233118     H 
           -3.2300418157           -7.5939896798            8.6335203854     O 
           -4.3136669987           -8.5646602441            9.7668568986     H 
           -3.8510236385           -5.8466234687            8.6445494536     H 
           -3.0784340021          -12.2361044513          -10.9478816924     O 
           -4.4653968884          -11.7681248157          -12.0473974836     H 
           -3.8534346081          -12.7563557771           -9.3686332047     H 
            3.9552510512            1.6366310317           -0.1719157962     O 
            5.5934356631            1.7058372140            0.6881353534     H 
            4.2272914785            0.6943844063           -1.7507585925     H 
           -3.4616021085           -8.5122276292           -3.6409631859     O 
           -4.3941407928           -9.6235195218           -4.7439925228     H 
           -2.5267288638           -9.5829603466           -2.4583473978     H 
            6.8404712189          -10.2396598055            8.7503570690     O 
            6.7347571848           -9.1433083593           10.2568032799     H 
            5.5647605273          -11.5269629294            9.0477941707     H 
           -7.7148642362           -2.6504527657          -14.3250867707     O 
           -8.0135189806           -2.5716260890          -16.1035647410     H 
           -6.0626961470           -3.4366412196          -14.0867613100     H 
           -9.8028023818           -9.6835499167           -4.3234641526     O 
          -11.3530013580           -9.0264401747           -5.1049825448     H 
           -8.5664472290           -9.5924860324           -5.6900473478     H 
           -3.3830696020            6.6337397537           -9.4672282664     O 
           -1.7699010849            5.7515219475           -9.8134151934     H 
           -3.6892901054            6.2599190961           -7.6633018233     H 
          -19.2759684931            8.7291510661            1.2312711026     O 
          -17.5097589672            8.0846731989            1.2726578608     H 
          -19.1310204394           10.5250451527            1.0486329001     H 
            6.7043684780           -7.6812012886           13.0903698899     O 
            6.1845164072           -5.8937897891           13.1206980164     H 
            5.2696227480           -8.6222285485           13.7452338103     H 
           -2.5224327417            6.5825037899           12.4990783638     O 
           -1.1952411464            5.6800511738           13.3613616245     H 
           -1.7892091601            8.1904296294           11.9900207282     H 
            8.1913144361           -3.3345866542            0.9808518482     O 
            8.4353380805           -2.8159472794           -0.7870897865     H 
            9.7377914385           -2.9284207827            1.8609579898     H 
            7.3273617610           10.5744394553            4.6806526169     O 
            7.0714021748            8.7597594158            4.7627731912     H 
            6.2411107679           11.0816959243            3.2643599050     H 
           -9.3175118368            1.4358220945          -11.5914896579     O 
           -8.8826943325           -0.1497580448          -12.4135882526     H 
           -8.0697924049            2.6375459412          -12.2255545242     H 
            9.7783601909          -13.2208088579            5.4305056051     O 
           11.5361636656          -13.2159381847            5.9595271326     H 
            8.9244776263          -11.9707151774            6.4583371028     H 
           -8.2936103076            8.6678570886          -12.6320429878     O 
           -6.9403718918            9.8959982353          -12.4958218375     H 
           -7.5847899929            7.2216661801          -13.4940283110     H 
            9.0699755997            3.1336485840           -3.3226897537     O 
            9.5952970710            3.0196980951           -5.0723512692     H 
           10.4273087109            2.4130466266           -2.3311177629     H 
          -15.1960123179          -13.9719460131            5.2718027428     O 
          -13.6895469545          -14.6347930261            4.4674497324     H 
          -16.2265573303          -13.1903190007            3.9776818575     H 
          -16.1305328899           -3.5818144030            1.9218828557     O 
          -17.7645688071           -3.4054648539            2.7451135285     H 
          -15.1099190600           -2.1669220537            2.5701196949     H 
          -14.4663844306          -10.5247776989           -1.6281596560     O 
          -13.0921023638          -10.6743046831           -0.3860197549     H 
          -14.4045482606           -8.7111887155           -2.0672841711     H 
          -15.1734090509           12.5871968854            0.5043414296     O 
          -13.6671866219           13.4613835394           -0.0584784754     H 
          -15.5486599148           11.4269914093           -0.8840844945     H 
          -10.5574410529           13.7598764862           -1.5338604079     O 
           -8.7971805963           13.5063982097           -1.1233122720     H 
          -10.6362420154           14.0430734788           -3.3747263766     H 
           -5.5181382664           12.8910468088           -0.1499266983     O 
           -4.7212279318           11.9345007098            1.2339664528     H 
           -4.1715009626           13.5997088533           -1.1723910336     H 
            0.0798558940           10.8433196430           11.0840103201     O 
            1.5842820676           10.5145087965           12.0787281617     H 
            0.7509214230           10.9222770871            9.3513450274     H 
            2.2832794244           10.8073112688            6.6048169938     O 
            2.8251569024           12.4483491250            5.9877395544     H 
            1.7238022819            9.8164372834            5.1434119902     H 
            0.2241685276           14.5269656597          -10.1944255250     O 
           -1.1605437790           13.4077059358          -10.6365368803     H 
            1.6864077362           13.9088033968          -11.0679825055     H 
            4.1250864357            5.9716081982          -13.3294544684     O 
            3.2202978064            5.2502586239          -11.8861081767     H 
            4.4479568151            4.5051543163          -14.3937425646     H 
            8.2522032664            2.2355557561            2.2993299179     O 
            8.2954137477            1.4781265697            3.9676608963     H 
            9.8668672027            1.8350671794            1.4842598282     H 
           11.0639144106            7.5244718993          -10.8444688404     O 
            9.9269067543            7.2786179185           -9.4266532243     H 
           12.1974092710            8.8366442173          -10.2763375701     H 
           -5.1983764455           13.4707764103           -7.1485479805     O 
           -4.8941668920           13.0218181271           -8.8894382861     H 
           -3.5509522936           13.4674166142           -6.3386874468     H 
          -11.1754017676          -10.0001368689            2.0593648922     O 
           -9.4595269413           -9.7381059054            1.4019253382     H 
          -11.5789650952           -8.4776097656            3.0576149107     H 
            2.3393499755          -17.0195653664            1.1446441984     O 
            3.1842256559          -16.7296521319            2.7413775437     H 
            0.5570696630          -16.6718419682            1.4109487326     H 
           15.4662207611           -4.5948369762           -2.8578132448     O 
           14.4495129437           -4.4977023108           -1.2882978796     H 
           15.2383379855           -6.2831630433           -3.5650935418     H 
            1.8607226556          -11.1146497945            4.7688948747     O 
            3.1826861591          -12.3806129245            4.6012963014     H 
            0.3469193183          -12.0462870283            5.2432105909     H 
            6.7622420946           14.0531628222           -7.0374647369     O 
            6.7105253839           13.2178429757           -8.6594261641     H 
            8.2838032039           13.4753522990           -6.1913261734     H 
          -13.3464735444           -4.9232511418           12.5654802584     O 
          -14.2311084783           -4.7025557546           10.9590264179     H 
          -13.2289306700           -3.2204760887           13.2162710643     H 
          -13.5241681959           -3.5231293692          -12.2107919692     O 
          -12.0689804777           -3.4844947215          -11.0609786265     H 
          -13.6356406613           -1.8715994312          -12.9558233857     H 
          -10.5529886384           13.9294541785           -6.4984282669     O 
          -11.3393722053           12.3381868966           -7.0025684717     H 
           -8.7988707612           13.8728716521           -6.9889878227     H 
          -12.8250231115            9.3522544351           -7.3860711450     O 
          -11.4468902224            8.1259338604           -7.2182239630     H 
          -13.5295652665            8.9614092943           -9.0439046264     H 
           10.1992632951           -0.9562113699           10.7630874004     O 
           11.6838335015            0.0790643322           10.9418460803     H 
            8.9165324697           -0.2303287683           11.8812873817     H 
           -9.3617729906           -3.8450649864           -9.1664501449     O 
           -9.6024386089           -2.9082371591           -7.5808447678     H 
           -7.8620725256           -3.1032006612           -9.9406315455     H 
            2.1778908260          -12.0042309131          -10.9409389523     O 
            2.7864472438          -13.3448791872           -9.8771094937     H 
            0.3920186126          -12.3065517596          -11.1788223003     H 
            1.4909969187           -8.4915878878           -6.0548601221     O 
            1.0849777252          -10.1765083449           -5.4641387731     H 
            0.2122451825           -8.1022846808           -7.3103666159     H 
           -8.4884666172            8.9258962396            3.0579799948     O 
           -8.0683238378           10.5098723951            3.8710167478     H 
           -6.9109846946            7.9856557918            2.7322382126     H 
          -13.8703634907           -2.2791458626           -6.5664097546     O 
          -15.5443947610           -2.4044121764           -7.3083815865     H 
          -14.0682883936           -2.1017319246           -4.7419953684     H 
          -20.3980382836            8.8503456405           -6.1937851670     O 
          -21.4342354212           10.1795973459           -6.8458912866     H 
          -19.7560507901            7.9148017974           -7.6974254408     H 
            8.3130669356           15.2941241094           -0.4961925705     O 
            9.4795812371           15.0737682819            0.8954683412     H 
            8.9807408559           14.2762940675           -1.8807263617     H 
          -12.0414402622            2.4960543038           -7.0246348758     O 
          -11.0513647321            2.4999592057           -8.5549886051     H 
          -12.8056645679            0.8131251339           -6.9345742910     H 
            4.9177330876            9.2950886998           12.2605105463     O 
            5.6419432728           10.7830524796           11.4555544749     H 
            5.6185195248            7.9036903307           11.3029681274     H 
            4.7519556691            0.0102897218          -10.5719225416     O 
            6.3872908981           -0.8021812793          -10.4210420960     H 
            4.7368040244            1.3167017479           -9.2745545869     H 
           -6.1032149709          -10.6055220343           11.7564188420     O 
           -6.0728816686          -12.2085260094           10.9125161280     H 
           -7.9065047100          -10.2690194269           12.0471885986     H 
           10.1123007619           11.7353140934           -3.8256143845     O 
           11.6518818668           11.8347438199           -2.7586707082     H 
            9.2333007520           10.2393811070           -3.1459148048     H 
           -9.8701653488           -2.3442548376            1.2623885153     O 
           -8.9927057673           -3.5781952165            0.2208614378     H 
           -8.6162746156           -1.0475333005            1.6152499516     H 
           15.0569397226            6.7359789774            8.9545698904     O 
           13.8527742539            5.5363447473            8.1884851838     H 
           14.0222007813            7.7792870967           10.0407089277     H 
          -17.4932066801            1.5910453499            6.8826837708     O 
          -18.5208445558            2.9846941777            6.2586123353     H 
          -16.2507894111            2.4016692427            7.9982561923     H 
           -7.1160116019            8.5057202936            8.6321472482     O 
           -7.3618522835            7.1506571433            9.9035822384     H 
           -8.7188672168            8.7888027632            7.8410848297     H 
          -14.4841495126            4.6047044321           -3.0126717346     O 
          -13.6298615916            4.1282931496           -4.5630448737     H 
          -14.9885465354            6.3730039038           -3.1588323128     H 
           -8.4813655887            1.3995307228           15.2843131666     O 
           -9.8699320672            0.6160877147           14.3590714539     H 
           -8.0687307270            2.8677023799           14.2572512549     H 
           -0.1802730663           -4.8266702144           12.3740280189     O 
            0.3395366006           -3.3322051458           13.2852535797     H 
           -1.8612735816           -5.2655044159           12.9891661588     H 
            2.1300762138          -10.0156651527           13.5776187841     O 
            0.9520432989           -9.1864961520           14.6715916727     H 
            1.9059097870           -9.2040523786           11.9109746299     H 
           -3.6751724679           11.0805592323          -11.5810271074     O 
           -3.5342870586            9.4891836155          -10.5857828655     H 
           -2.7569300795           10.6931868505          -13.1083196615     H 
            8.1833068258            7.7209330361           -1.3598750383     O 
            9.0560932235            7.7027818816            0.2576909730     H 
            8.5886184478            6.0933952084           -2.1604712211     H 
           13.9562259125            4.9769174560           -6.2500068659     O 
           12.6973531123            3.9697983084           -7.1471464116     H 
           13.7483221940            6.7397748448           -6.7895941454     H 
            3.4686961550           17.1726187803           -0.3269836671     O 
            5.2928633124           17.1301844601           -0.4121009508     H 
            2.9089664012           17.1457497204           -2.0590450561     H 
           10.8048538905            9.1759581451           10.8276967920     O 
           10.1593074976           10.8719019124           10.7198444053     H 
            9.5254905787            8.1304117312           10.0105442622     H 
           11.3972224653            4.0925352403            6.8660023375     O 
           11.5778505545            2.3409587453            6.2743413674     H 
           11.2489209130            5.1212324641            5.3210491638     H 
           10.1576269237           -7.6393574074           -1.1880235171     O 
            9.5150784370           -6.3327844175           -0.0726461071     H 
           10.1158988107           -9.2106748359           -0.2464186706     H 
           12.5675411200           -8.7259984348            3.3198405563     O 
           13.5103598647          -10.1510868897            2.6727893761     H 
           12.7567286567           -8.7158498345            5.1277453965     H 
           21.5899542380            4.0561716301           -3.5690530916     O 
           22.8225334503            2.7491907768           -3.2609071739     H 
           19.9538546700            3.2085210016           -3.4271664334     H 
           -3.6885374296           10.6290165139            4.0519276286     O 
           -2.1864098973            9.5921715306            3.8746107335     H 
           -3.6848336695           11.3221965602            5.7391568808     H 
           14.4422416778            3.7609181001          -11.9885964299     O 
           16.1165138704            4.1963065034          -11.4295230987     H 
           13.3522291122            5.1644484069          -11.4887835690     H 
          -17.9154647925           -3.5864147481           -9.4499016099     O 
          -16.5347152020           -3.9405961813          -10.6209228845     H 
          -18.2976463957           -5.1179639106           -8.5363493308     H 
            7.1427503999            2.4838461458           12.9476110419     O 
            6.9900672584            3.5243528261           11.4167631202     H 
            5.4986136615            2.5049099415           13.7219958288     H 
          -17.5952041754            1.6280047249           -9.0121978342     O 
          -17.9655642782            1.7943429281           -7.2019013752     H 
          -18.2193349448           -0.0189074680           -9.4874995437     H 
           -5.0479868440           -2.8959776367            8.6068092569     O 
           -4.2750474833           -1.4002866739            9.3577616121     H 
           -6.5639578112           -3.2912508323            9.5705076838     H 
          -18.7220289511            6.5301725199          -10.1999004806     O 
          -18.4429086429            4.7264683091           -9.9460220154     H 
          -17.2153150880            7.1639812981          -11.0071066175     H 
           -3.3470838218           -5.3777808769          -14.0629708744     O 
           -1.7412144893           -4.8449717985          -14.7406942112     H 
           -2.9768066479           -5.8927799273          -12.3300206050     H 
            4.0518523058           -2.2796636925            3.5560031701     O 
            5.5277084563           -2.6126467090            2.4827074996     H 
            2.8677780956           -3.6463920428            3.2250067970     H 
          -18.6097374162            2.0462247945           -4.0918810874     O 
          -17.0306147394            2.8406236447           -3.4887596857     H 
          -19.9469370991            3.1667340477           -3.5125379503     H 
           16.0076629944           -3.3566364067           11.3291547895     O 
           15.5406558027           -1.6269171714           11.7017990327     H 
           14.7617155352           -4.3890733213           12.1748570974     H 
            9.6369149767           -4.7720007041            6.1893528231     O 
            8.0982302550           -4.7383002459            7.2102355702     H 
           10.8187723412           -5.8819186435            7.0344378179     H 
           24.8829513800           -1.1339908754            2.3124199262     O 
           26.6329259179           -0.7092431712            2.4771166584     H 
           24.4859028088           -1.0608674798            0.5010686189     H 
           19.6287563281           -5.2874078525           -0.0935968789     O 
           18.1424383136           -4.8758217687           -1.1289827176     H 
           19.7312996038           -7.1045555786           -0.2098376597     H 
            9.3319905062            3.2255772506          -13.5491965350     O 
           11.1046889437            2.8952040639          -13.7888522640     H 
            9.1704119272            5.0358776258          -13.4598468424     H 
            4.1261277665           10.6386899654           -4.2745103718     O 
            4.4449303099           10.8396473371           -2.4606410317     H 
            4.9351314159           12.0444331090           -5.1362821464     H 
            2.3068489874            4.7619645306           13.6572799147     O 
            3.1380282766            6.2035180869           14.3831432524     H 
            2.2117139002            5.1352380278           11.8345638792     H 
           14.7592753746          -12.4530317894            6.9491406401     O 
           16.1706248785          -11.5618508877            6.1954126653     H 
           14.0799826854          -11.2744455412            8.1775576679     H 
            9.0263338332           -2.5445324431           -3.8713223544     O 
            9.4366912032           -4.1549590079           -4.6822340423     H 
           10.4509368352           -1.4417963608           -4.2891334212     H 
            5.5532882097           -2.7932421263           12.8837660908     O 
            5.1531434038           -3.0029736488           11.1006752563     H 
            4.1202156786           -1.9790412891           13.6556968979     H 
            7.1117155493           12.8333294203            9.1971050039     O 
            7.1181223982           11.9590502069            7.5546997329     H 
            6.2939115362           14.4145560497            8.8718533720     H 
           -0.0100044093           13.0887658347            1.3440052564     O 
           -0.3478799784           14.2928553107            0.0035289459     H 
           -0.6400800104           13.8666273258            2.8860800404     H 
            3.3055213875            6.5638584407           -0.6639226459     O 
            5.0309632169            7.2234301846           -0.7310480343     H 
            3.4650747419            4.7254333501           -0.4456734318     H 
            4.7665068542           11.8070918442            0.5767477512     O 
            3.0533576016           12.3836327978            0.9777358995     H 
            5.8151008832           13.2914685172            0.2514657240     H 
           12.5821994071            1.1189443866            0.0616349240     O 
           12.9814622990           -0.5880089592            0.5602689477     H 
           13.6913481012            2.2064109607            1.0765162713     H 
            3.2350938434           15.6700267553            4.9968208857     O 
            3.4729246797           16.2146660680            3.2692832893     H 
            1.5681257398           16.2516106854            5.4507263506     H 
          -19.9260321600            5.9564092495            5.5084184438     O 
          -18.9358582215            6.8895108053            6.7342206489     H 
          -19.8821850637            7.0009838856            3.9915095826     H 
           -7.0409779731            4.5597393384           11.5170999103     O 
           -6.8733377515            3.3306878056           10.1379028196     H 
           -5.3326728361            5.0194055187           12.0396169174     H 
          -13.4202664570           10.8974388174            4.9659590830     O 
          -14.1424995025           11.6373628884            3.4198728035     H 
          -11.8881536656           11.8330023875            5.3079446292     H 
           13.4102205255           -0.5444112655           -5.1559348533     O 
           14.1622177206           -2.0594545688           -4.4236107513     H 
           13.8331429225           -0.5960866809           -6.9617521628     H 
          -11.8729492223           -8.5828257293          -11.7506422033     O 
          -12.3340615697           -8.2471951085           -9.9863305086     H 
          -12.4808012750           -7.1070853315          -12.6293861866     H 
           -5.4620982844            4.2988004415          -13.3647540869     O 
           -4.3495833812            2.8831853425          -13.7103998072     H 
           -4.8064571567            5.0590623123          -11.7966541784     H 
          -17.6786292744           -7.5204759411            5.5819900400     O 
          -19.0878156329           -8.0311393551            6.5926765776     H 
          -17.6968216752           -8.6505309941            4.0940752581     H 
          -14.2234274574          -13.2525032431           -5.8479744821     O 
          -15.6816514674          -12.8621606461           -6.8410235296     H 
          -14.3655137173          -12.2313626045           -4.2942814453     H 
           -6.6786079322           16.8373236953            2.6698078935     O 
           -6.2865953923           15.4344880492            1.4925206357     H 
           -7.8142858128           17.9459512986            1.8039615397     H 
           -8.5693397708           -5.3356219744           11.0736203404     O 
          -10.3033192271           -5.1721161482           11.7100678523     H 
           -8.5815942223           -6.7391835452            9.8596101554     H 
          -21.9695432423            2.4546427055            1.8339015152     O 
          -22.4373635645            3.3952998687            0.3381607980     H 
          -21.9324767822            3.6388488275            3.2184996765     H 
           11.3503244452          -11.6058186858           -4.8020432875     O 
            9.9450093742          -11.8241093179           -5.9606912094     H 
           10.7698983395          -12.0796064064           -3.1409084876     H 
            5.0098583760          -15.1507066619            5.1964309995     O 
            4.5727262148          -15.3031539001            6.9600893852     H 
            6.8202197653          -14.8913162822            5.1162891746     H 
           -6.9893614629           -9.4129308085          -12.9300225323     O 
           -6.1941706307           -8.0136271166          -13.7845985205     H 
           -8.8062067268           -9.0720415870          -12.8736383377     H 
           13.3468978021           -4.0952415958            1.5449159962     O 
           14.4699505657           -3.5155946365            2.8687085611     H 
           12.9240107528           -5.8282904532            2.0553969494     H 
          -13.7672123120            7.5856033428          -12.0693058407     O 
          -12.1580560021            8.1523779168          -12.7023547656     H 
          -13.8605231689            5.7640297563          -12.4648093843     H 
           13.8379007524           11.4084768064           -0.6989733402     O 
           13.7476211311            9.5522466997           -0.6942038545     H 
           13.0575226052           12.0258484943            0.8585682743     H 
           21.8210133746           -4.9575328887            4.4968002639     O 
           20.8928669720           -5.0050820304            2.9035967693     H 
           23.2848458620           -3.9384564507            4.1128292314     H 
           14.7955972292            9.9873898211            5.0386288436     O 
           15.0098089463            8.8946317540            6.5164913400     H 
           16.4431883246           10.0695681547            4.2470858604     H 
            9.7935977408           -7.1853074246          -11.5458349359     O 
            8.1121073392           -7.3905164742          -12.2236354536     H 
            9.6568624219           -7.4809125640           -9.7372020421     H 
           -5.3921270300          -12.8508608390           -6.3073273914     O 
           -5.6059314093          -13.4963003104           -4.5892918641     H 
           -7.0423178211          -13.0033395341           -7.1286402551     H 
           16.3501291524            1.2158062433            7.2145303124     O 
           15.7181841875            1.7452412789            8.8491051464     H 
           17.6431492914           -0.0491772929            7.5270466981     H 
          -13.3738910128           -7.3931946320           -7.0042675116     O 
          -13.1121927282           -5.5646780858           -6.8882723284     H 
          -15.1046950339           -7.6156969041           -6.4051820906     H 
           11.4449059550           -5.4879619170           12.6988708122     O 
           10.0007994144           -6.3259291777           13.4413725036     H 
           10.7855138133           -3.8923247681           12.0097756130     H 
           17.6362519858           10.4551915950           -4.0228750893     O 
           16.6470442475           11.3613522306           -2.7784826041     H 
           18.2082966008            8.9521152634           -3.1568215254     H 
          -14.0732487513            2.5772436300          -12.7479577210     O 
          -15.1472608007            2.1728608121          -11.3153478732     H 
          -12.3373796729            2.1283597927          -12.2918510986     H 
           -9.8949955060          -12.9342965117           -8.6826461946     O 
          -11.4011107798          -13.1264245259           -7.6370442197     H 
          -10.4106201965          -11.9339025248          -10.1080034921     H 
           13.6899813176            9.9200893372           -7.2152536328     O 
           15.2713242818           10.2673666106           -6.3193231425     H 
           12.3388478672           10.5995850687           -6.1693193160     H 
            7.0717514211          -11.2418488769           -7.7139342312     O 
            6.5937003546          -10.7017106313           -9.3766264261     H 
            5.9600699180          -12.6840812385           -7.2976199289     H 
           24.0664981165           -0.6895174396           -2.6892225924     O 
           22.4882972662           -1.4228081619           -3.3674009643     H 
           25.3815714884           -1.2277121029           -3.8084246662     H 
           17.6182124026           -0.6495643420            1.7824402073     O 
           18.7422036200            0.2950830489            2.8916457455     H 
           18.4899908755           -2.1837448431            1.3481624101     H 
           -2.1064728568           15.8658660164            5.2626995784     O 
           -3.5575928601           16.6194251146            4.4504527402     H 
           -2.7565623077           14.9720932169            6.7193057587     H 
            0.7448041692           -3.2516757714           -9.4517379195     O 
            2.4062658690           -3.6259306211           -8.7124697917     H 
           -0.2970785096           -4.7406187819           -9.2824559629     H 
           -8.6690764548            6.5795726441           -7.9616794318     O 
           -8.4337148599            7.4072149448           -9.5911003339     H 
           -7.7382392637            7.4968944850           -6.6747503347     H 
          -17.9833332763          -10.8644604362            1.8626712558     O 
          -19.5053956472          -10.6226260068            0.8749609447     H 
          -16.6380148884          -10.7633859354            0.5741775410     H 
            7.4986901550            7.6600112308           -6.9888761815     O 
            6.7711256640            5.9462328663           -7.0679834426     H 
            6.4840250327            8.5387329733           -5.7298144353     H 
           11.5065505729            4.9729947959           13.9823363831     O 
            9.8714366339            4.1252670177           13.9138255618     H 
           11.2953519928            6.5954127282           13.1588918441     H 
           -1.9189187735           15.9230937335           -2.4929414588     O 
           -2.2054488349           17.7014115115           -2.3465360029     H 
           -0.5937742306           15.7095506702           -3.7572139479     H 
          -15.5809401160           -3.5142420179            8.1872917126     O 
          -16.3431685887           -1.8782140739            7.9962829588     H 
          -16.4954720509           -4.6951854781            7.1391889814     H 
            4.0891882025          -14.9486867499           -6.3290665959     O 
            2.3325034834          -14.4988324264           -6.0063661541     H 
            4.7958087938          -14.9794061045           -4.6290037461     H 
          -11.1620484374           -9.9849258887           12.3247328500     O 
          -12.0291479507          -10.1972275404           10.7154488005     H 
          -11.9735290757           -8.5549118254           13.1043438274     H 
            0.1100067227           -3.0814965471            7.6839924915     O 
            1.1547686431           -1.6174886491            8.1110939246     H 
           -0.1624831260           -3.9116705907            9.3195011065     H 
           -0.3719454228          -13.1810857923           -4.7742294884     O 
           -2.0298658761          -13.3275798006           -5.5154558108     H 
           -0.6107461171          -13.0551019579           -2.9593854258     H 
          -21.3780932019           -9.4687624355           -1.8124203578     O 
          -22.9380084346          -10.1834605567           -2.3790655564     H 
          -21.8040752698           -7.7828494250           -1.1071445865     H 
          -13.4300206681           -9.9154670656            7.6544997574     O 
          -14.0064398619          -11.5400555931            6.9613678201     H 
          -14.6932406670           -8.7007177854            7.1249956980     H 
           -1.9677459145            0.4790362403          -13.3369430652     O 
           -0.8570148715           -0.6544747170          -14.2277393350     H 
           -2.8613939648           -0.5595596134          -12.0666489590     H 
           14.5059176968          -13.3574623443            1.4823161910     O 
           14.5652685240          -14.2882375543            3.0380466920     H 
           12.8035485869          -13.5087037616            0.8011120512     H 
            4.5227684100           -7.5686821197          -12.1719942660     O 
            3.5141769282           -9.0831378966          -11.9123093041     H 
            3.5404092557           -6.4169138882          -13.2076414049     H 
           -1.4873261332          -14.4512898381            6.8932613121     O 
           -3.1984830646          -14.0772352399            7.4159567552     H 
           -1.7045521200          -15.3647859075            5.3147462998     H 
           -8.7502296429           13.3563092435            5.8210163693     O 
           -7.6116681924           13.3745156107            7.2376593764     H 
           -8.2210559573           14.7548617781            4.7448701662     H 
          -10.3586141300          -14.4032890017           -2.2399418955     O 
          -10.2375691879          -12.6525946211           -2.8477251231     H 
          -11.6091223461          -15.1713447362           -3.3030944911     H 
            5.0888028259          -13.7810182904           -1.4391783723     O 
            4.0993561447          -15.0984468894           -0.5778910732     H 
            4.3129734917          -12.1758852964           -0.9547133401     H 
           14.8827078042           -0.9564214063           -9.9341033789     O 
           16.7530398973           -0.8058624481           -9.9548537690     H 
           14.3174030963            0.5441111020          -10.8315010785     H 
            9.1992429378           -2.3993654518           -9.5161996630     O 
            9.8892658071           -3.6356160178          -10.6653914231     H 
            7.9346053243           -3.3190567159           -8.5172467209     H 
           15.5159786348           -4.4858631658            6.2011734042     O 
           15.6460605972           -4.1951670979            8.0020317005     H 
           16.3407633830           -6.0760133342            5.8421490404     H 
          -18.5616146365           -2.7878010344           -2.6355689602     O 
          -18.6573972844           -1.0326967289           -3.2089725687     H 
          -17.4313749221           -2.8085514361           -1.1834286515     H 
          -20.4447755325           -1.9834180673            4.1741019493     O 
          -21.2956019469           -0.7247159462            3.1531711355     H 
          -19.5863697363           -1.0090963673            5.4585474058     H 
          -13.8722598688            4.2787942422            9.1479992328     O 
          -12.5841964963            4.4775413855            7.8341188837     H 
          -14.7471171331            5.8826043806            9.2239381377     H 
          -16.8499452932            2.1013763256            1.0662607373     O 
          -16.2806932233            3.8136851948            1.3406439258     H 
          -18.6763770698            2.1136228367            1.1808427327     H 
          -21.6450347313            5.7550497816           -2.2328757175     O 
          -20.8047632253            6.8417083901           -0.9999127806     H 
          -21.6106838193            6.7321980574           -3.7849602018     H 
          -22.3551636695           -4.9254434272           -0.0689792218     O 
          -21.1572902607           -3.9845482136           -1.1308050287     H 
          -21.9776589383           -4.4567508056            1.6463105911     H 
          -18.1770385422           -7.1473093105           -5.3754191533     O 
          -18.1561369517           -5.5474366922           -4.4493004064     H 
          -19.1467329497           -8.2711249867           -4.3034008961     H 
           10.6408092443           -6.6148395666           -6.3921645085     O 
           12.2182294870           -6.1671289804           -7.2338225059     H 
           10.9734985379           -8.0972648513           -5.3738386776     H 
            5.8614081599           10.3686632192          -10.8186948872     O 
            5.7361625309            9.2325497730          -12.2404586781     H 
            6.6501810907            9.3390967390           -9.4683477992     H 
           20.2037557821           -2.0132650279            8.3471960815     O 
           19.2976844876           -2.8647476706            9.6788101828     H 
           20.6337969249           -3.2894381809            7.0781947645     H 
          -13.4739208627            0.0022488697            4.1664807352     O 
          -12.6682832172            1.0568875913            2.8918332521     H 
          -14.9589036827            0.8759766933            4.8102852475     H 
           -2.7221826272          -16.3263807708            2.2020584993     O 
           -3.5366128822          -17.9395239841            2.2527248728     H 
           -3.6117348623          -15.3344618399            0.8942445412     H 
          -10.3428230797          -14.7286916152            3.1818001535     O 
          -10.6818456628          -12.9021149505            3.0091474231     H 
          -10.3674303176          -15.3155091799            1.4580321001     H 
          -10.3419339639           -1.7477624148            7.5637327847     O 
          -11.5490572303           -1.0099066039            6.3597396052     H 
          -10.5381401055           -3.5418251858            7.3039126088     H 
           17.2581799120            1.5868873232           -2.7258638937     O 
           17.1704060290            0.9399365035           -0.9878673541     H 
           15.5755671837            1.3814418552           -3.4665345971     H 
           19.8705213795            9.7490151249            3.7180353149     O 
           20.0164271069            8.4270464324            5.0539392740     H 
           21.0797057253           11.0314620980            4.1108249635     H 
           14.7870823756            1.8396982361           12.1115067186     O 
           16.3483777300            2.3339367164           12.8826148403     H 
           13.5288088420            3.0817855699           12.7845591687     H 
           11.1503604662            7.1247662076            2.8576558800     O 
           12.2044428039            6.2337384511            1.6425985639     H 
           12.2916360883            8.3597249409            3.6221599509     H 
           11.3148227756           13.2741245850            3.3062472280     O 
           12.6562402458           12.8697427323            4.4729669599     H 
            9.8927506787           12.1979763989            3.8341442302     H 
           10.1004859612            2.4316121864           -8.3988554189     O 
            9.5875260611            2.9616659234          -10.0778207384     H 
           10.0642014045            0.5961528184           -8.4939477503     H 
           15.7797457551           -9.0832622961           -5.1597112642     O 
           15.8671335185           -8.4205184932           -6.8601789079     H 
           14.3321064065          -10.2201550732           -5.1026328544     H 
          -12.1428450814            0.0740686816           11.9608900439     O 
          -11.4239225346           -0.6838637900           10.4281967101     H 
          -12.8439825683            1.6632573546           11.4075370637     H 
            2.1122597721           16.1532992765           -5.6532236744     O 
            1.2613121475           15.7716001324           -7.2415391011     H 
            3.8730863715           15.8078089183           -6.0039215508     H 
           -5.4595414565          -13.9853587601           -1.3265775332     O 
           -5.6942280258          -12.2492387577           -0.6813910904     H 
           -7.1702513904          -14.6470010724           -1.4115825841     H 
            5.2023076749           -4.9066017293           -7.8567716823     O 
            5.0590002875           -6.0568473150           -9.2853510778     H 
            5.3314204070           -5.9479915065           -6.3352475097     H 
           13.7965694129            6.3849691941           -1.4118126614     O 
           15.5663715376            6.2007182293           -0.9939908191     H 
           13.6411159550            5.7182492630           -3.1260183070     H 
           -4.7916642123           -6.0306951803           14.2231415963     O 
           -4.8500090792           -7.8292604866           14.4596381182     H 
           -6.2569944355           -5.6867080022           13.1147669116     H 
           -4.2194833308           12.6043150172            8.9359996724     O 
           -2.7880804105           12.3394596627           10.0486931440     H 
           -5.2660083358           11.0928342170            9.1550929596     H 
          -16.4528430027            8.7824047235            8.3808555245     O 
          -15.3611458998            9.6488094507            7.1498034819     H 
          -16.9819503705           10.0249082311            9.5815935035     H 
           18.6312772025            4.5456131074           -8.2154509370     O 
           19.8781228921            5.0084779454           -6.9737845946     H 
           16.9969758876            4.5828412347           -7.3389876404     H 
           14.6605076110           -6.0283226031           -9.4157055694     O 
           13.7216803075           -6.6933574032          -10.8250170763     H 
           14.7972398614           -4.2113955014           -9.7199096233     H 
           19.7928965030           -2.0692850982           -4.8607584379     O 
           18.7574475591           -3.5525267747           -4.6991675090     H 
           18.7729975014           -0.6650360620           -4.1289550241     H 
           19.7535553931           -0.2029783064           -9.6604574928     O 
           19.5839140253            1.6044153065           -9.3022382855     H 
           20.1038432935           -0.9971209192           -8.0426495203     H 
           21.2047718324            1.6130976410            4.6970495724     O 
           22.6538143897            0.9492571124            3.7847479922     H 
           21.1100691634            0.6132443361            6.2259771106     H 
           18.0067358308          -10.1750069051           -0.4895774372     O 
           16.9865374459          -11.5955119827            0.0568555563     H 
           17.4643055798           -9.8614772555           -2.2102088538     H 
           19.9437723977            6.1653884375            7.0981110409     O 
           20.2199913802            4.5548470586            6.2688644215     H 
           18.2751387359            6.1222553875            7.8599741618     H 
           18.0721840974           -8.9015610567            4.7342313927     O 
           17.9980235555           -9.2179970381            2.9291643706     H 
           19.7231222557           -8.2107318272            5.0613071771     H 
           18.8262846845            6.7013133093           -0.2108185577     O 
           19.4381846246            7.9326798687            1.0057720600     H 
           20.2490865513            5.9868324431           -1.1237129834     H 
           15.4604359159            4.0908276202            3.0321465592     O 
           15.9003749757            3.1138164850            4.5180490097     H 
           16.9971318522            4.6955142723            2.2671229678     H 
           -2.1801810178           -7.4932592542           -9.4930025502     O 
           -2.1823698547           -9.2031019545          -10.2021414654     H 
           -3.8304281915           -7.3594797108           -8.6301937451     H 
           -6.1953621638            0.5665292251           -0.0264778202     O 
           -6.2189074122            1.6653239979           -1.4670428491     H 
           -4.4829162260           -0.0671499450            0.0335679406     H 
           -1.3102931316            1.5622554983           -1.0172938426     O 
           -1.9520246915            2.9404129197           -0.0356440045     H 
            0.3829239792            1.2302455089           -0.4568305450     H 
           -2.3525392503            5.5217643081          -14.9185503545     H 
$end
$set
 chrg  1
 ewin_conf 50.0 
$end
