           1           2  0.797620418750891     
           1           3  0.829661076525654     
           4           5  0.803968866069234     
           4           6  0.841172154730739     
           7           8  0.829002403654460     
           7           9  0.835022343501015     
          10          11  0.792737656933718     
          10          12  0.826063388997596     
          13          14  0.840390196994448     
          13          15  0.835205030311787     
          16          17  0.805960163079845     
          16          18  0.789169779380791     
          19          20  0.839764167093308     
          19          21  0.857494134361792     
          22          23  0.826025425711978     
          22          24  0.812506246433827     
          25          26  0.831039263830617     
          25          27  0.851360611646540     
          28          29  0.838049025554482     
          28          30  0.812011533627878     
          31          32  0.815165955070687     
          31          33  0.811368909467062     
          34          35  0.844173756483892     
          34          36  0.789231422375928     
          37          38  0.810082530870256     
          37          39  0.796164497857330     
          40          41  0.845883087971760     
          40          42  0.844058917245180     
          43          44  0.821715425833032     
          43          45  0.848749362360634     
          46          47  0.765590562928656     
          46          48  0.832478711608333     
          49          50  0.827210175682084     
          49          51  0.832240966122539     
          52          53  0.796387401332309     
          52          54  0.865761553943623     
          55          56  0.789600012578637     
          55          57  0.828628460117445     
          58          59  0.856172537202140     
          58          60  0.827392730679287     
          61          62  0.850700197681620     
          61          63  0.810369600444614     
          64          65  0.820225424522136     
          64          66  0.838334177363925     
          67          68  0.860610894399168     
          67          69  0.808336315337792     
          70          71  0.829227711033668     
          70          72  0.818223716437685     
          73          74  0.850817474496537     
          73          75  0.853258098529498     
          76          77  0.816101247532283     
          76          78  0.820895883177600     
          79          80  0.798204941085535     
          79          81  0.834572574544770     
          82          83  0.800556284194019     
          82          84  0.813570873400383     
          85          86  0.800586361009865     
          85          87  0.806318182336591     
          88          89  0.811022183809731     
          88          90  0.799831631422438     
          91          92  0.838041748511970     
          91          93  0.779158760178553     
          94          95  0.796891087490098     
          94          96  0.845285782389229     
          97          98  0.809093465911262     
          97          99  0.829115223033695     
         100         101  0.853799937608201     
         100         102  0.833825201306997     
         103         104  0.847079130201298     
         103         105  0.792091962742158     
         106         107  0.778246190002146     
         106         108  0.779187118212181     
         109         110  0.850188577535852     
         109         111  0.831670790364455     
         112         113  0.840812247724749     
         112         114  0.805841835155728     
         115         116  0.801112286956809     
         115         117  0.796473736966422     
         118         119  0.799697807394267     
         118         120  0.818957078727731     
         121         122  0.839527987970398     
         121         123  0.822848597766948     
         124         125  0.834311463450707     
         124         126  0.781507859182107     
         127         128  0.872857759716404     
         127         129  0.785861854455312     
         130         131  0.812609761226393     
         130         132  0.801141867567451     
         133         134  0.790686936174694     
         133         135  0.800409490598080     
         136         137  0.848781703065135     
         136         138  0.787998874480935     
         139         140  0.855233547592134     
         139         141  0.798118988174865     
         142         143  0.864137518388981     
         142         144  0.854707451234221     
         145         146  0.802478840769272     
         145         147  0.850988916861505     
         148         149  0.836193712579848     
         148         150  0.790228016250906     
         151         152  0.825301849961579     
         151         153  0.775770003711322     
         154         155  0.816150599584027     
         154         156  0.842806503128631     
         157         158  0.805325839096699     
         157         159  0.843237024531310     
         160         161  0.895469602284019     
         160         162  0.819261561544183     
         163         164  0.836337384060764     
         163         165  0.840456026372529     
         166         167  0.844583595455541     
         166         168  0.842210295965563     
         169         170  0.769832225071679     
         169         171  0.807271966750801     
         172         173  0.793898373142729     
         172         174  0.857287767862286     
         175         176  0.769664430247066     
         175         177  0.849703033863433     
         178         179  0.766248893484568     
         178         180  0.904027796779406     
         181         182  0.831370531649306     
         181         183  0.789502567146814     
         184         185  0.856829217920274     
         184         186  0.843292172117890     
         187         188  0.816194714956074     
         187         189  0.794345728079135     
         190         191  0.857876819871246     
         190         192  0.805707322790735     
         193         194  0.796264578072339     
         193         195  0.842005821791445     
         196         197  0.919723927310930     
         196         198  0.823894399381327     
         199         200  0.807686219103126     
         199         201  0.814695019912558     
         202         203  0.777448187477447     
         202         204  0.758601672770080     
         205         206  0.769089446652711     
         205         207  0.893722769710962     
         208         209  0.803623180351964     
         208         210  0.847479795459984     
         211         212  0.866914015876978     
         211         213  0.835484930024825     
         214         215  0.795210252441474     
         214         216  0.854271553609866     
         217         218  0.812864646417806     
         217         219  0.797636720371767     
         220         221  0.833331956142538     
         220         222  0.825616967736785     
         223         224  0.841301508212666     
         223         225  0.844718157889574     
         226         227  0.857281924325929     
         226         228  0.866289679859935     
         229         230  0.837833076112198     
         229         231  0.840255371457095     
         232         233  0.860382084036808     
         232         234  0.867427386774594     
         235         236  0.832760479943844     
         235         237  0.786302305002602     
         238         239  0.800039158132246     
         238         240  0.784858460520487     
         241         242  0.859443978369183     
         241         243  0.827216199300541     
         244         245  0.851541658407277     
         244         246  0.809493639158224     
         247         248  0.788922031541387     
         247         249  0.844205707311616     
         250         251  0.852376374795184     
         250         252  0.802229682919692     
         253         254  0.836306077513363     
         253         255  0.793375417905462     
         256         257  0.842284038429710     
         256         258  0.904031003755104     
         259         260  0.821148033181913     
         259         261  0.843716280178185     
         262         263  0.825788042105078     
         262         264  0.791899840618195     
         265         266  0.836424403430044     
         265         267  0.869761027891348     
         268         269  0.864846607946219     
         268         270  0.838334113352907     
         271         272  0.791445157726046     
         271         273  0.778603957081720     
         274         275  0.861416638327056     
         274         276  0.844517101280803     
         277         278  0.775875254177632     
         277         279  0.822651978586976     
         280         281  0.832357898186997     
         280         282  0.831216807071897     
         283         284  0.866624998713381     
         283         285  0.845480137249112     
         286         287  0.831158926922887     
         286         288  0.870789585305375     
         289         290  0.811042425727074     
         289         291  0.893736522375458     
         292         293  0.836018098892996     
         292         294  0.872435863527324     
         295         296  0.807579304641967     
         295         297  0.836486788988685     
         298         299  0.870155437662158     
         298         300  0.820424111867831     
         301         302  0.791818857493960     
         301         303  0.820421304667119     
         304         305  0.882039975518116     
         304         306  0.858223652680461     
         307         308  0.846351805666217     
         307         309  0.832760459000529     
         310         311  0.839048194699565     
         310         312  0.770300171800262     
         313         314  0.837965021712438     
         313         315  0.812177457279174     
         316         317  0.914940916126840     
         316         318  0.781416416227928     
         319         320  0.858817458675005     
         319         321  0.831062479532710     
         322         323  0.848215871153081     
         322         324  0.815566173130375     
         325         326  0.846525645535480     
         325         327  0.853158568701950     
         179         328  0.100460516400258     
         328         329  0.840947936173781     
         328         330  0.809985125730019     
         331         332  0.900094825808257     
         331         333  0.819213322993084     
         334         335  0.781716172645724     
         334         336  0.799566328267230     
         337         338  0.818330633214054     
         337         339  0.816126853049452     
         340         341  0.791001814654894     
         340         342  0.860699134905518     
         343         344  0.840116377249057     
         343         345  0.813338884607226     
         346         347  0.779251972125576     
         346         348  0.882819848915290     
         349         350  0.831500153375391     
         349         351  0.819150106872337     
         352         353  0.839799110082327     
         352         354  0.846470660766890     
         355         356  0.856872997816352     
         355         357  0.830912231569580     
         358         359  0.905972309348407     
         358         360  0.788622176031048     
         361         362  0.769853626164812     
         361         363  0.873179531890058     
         364         365  0.834833187030675     
         364         366  0.803255950357860     
         367         368  0.809966966096197     
         367         369  0.813768085547304     
         370         371  0.869430142674480     
         370         372  0.875337540907465     
         373         374  0.879363836514860     
         373         375  0.824758194905379     
         376         377  0.778675008525753     
         376         378  0.795580517472341     
         379         380  0.822296036247441     
         379         381  0.839366542507819     
         382         383  0.849032633585889     
         382         384  0.860487263569690     
         385         386  0.878012643028276     
         385         387  0.818189482426375     
         388         389  0.818847678642322     
         388         390  0.848036691665840     
         391         392  0.886584826817167     
         391         393  0.825342805291253     
         394         395  0.840364507606957     
         394         396  0.869805600305106     
         397         398  0.801722983844412     
         397         399  0.867387517465566     
         400         401  0.806508616516749     
         400         402  0.866718210474356     
         403         404  0.803054970469833     
         403         405  0.827555744934984     
         406         407  0.834563127176477     
         406         408  0.867884310916757     
         409         410  0.872686462082785     
         409         411  0.820453780986650     
         412         413  0.813894851871596     
         412         414  0.819435739907986     
         415         416  0.782837634747915     
         415         417  0.839161941199031     
         418         419  0.858872575069309     
         418         420  0.859880938872678     
         421         422  0.805294331720633     
         421         423  0.844049210690051     
         424         425  0.915726444344310     
         424         426  0.820575551268405     
         427         428  0.791364776186428     
         427         429  0.863969554126255     
         430         431  0.884446206918984     
         430         432  0.883771194087697     
         433         434  0.804987055010224     
         433         435  0.837683958044599     
         436         437  0.890193323683079     
         436         438  0.790555153570275     
         439         440  0.859861664868146     
         439         441  0.858315108665744     
         442         443  0.809487439611588     
         442         444  0.806294698973043     
         445         446  0.825622677552922     
         445         447  0.864379326196433     
         448         449  0.804226598001209     
         448         450  0.907442264493731     
         451         452  0.840279035476416     
         451         453  0.827924802979274     
         454         455  0.817949171504900     
         454         456  0.785251516835482     
         457         458  0.803257490941661     
         457         459  0.824410216909394     
         460         461  0.848858957559624     
         460         462  0.805136818176291     
         463         464  0.865041466366337     
         463         465  0.878630599014287     
         466         467  0.860122154998760     
         466         468  0.834844287622569     
         469         470  0.806554915959899     
         469         471  0.828340863699801     
         472         473  0.813390005136903     
         472         474  0.852256769231635     
         475         476  0.826727167846461     
         475         477  0.806660389852253     
         478         479  0.815173413865062     
         478         480  0.877124073654579     
         481         482  0.845601103800785     
         481         483  0.796385192463830     
         484         485  0.917834537647476     
         484         486  0.793528167250637     
         487         488  0.914675990275810     
         487         489  0.795443400713959     
         490         491  0.784250866081086     
         490         492  0.909695907211453     
         493         494  0.801370676523697     
         493         495  0.803184346185496     
         496         497  0.857833723182547     
         496         498  0.877611539740045     
         499         500  0.839121047492627     
         499         501  0.860589759199844     
         502         503  0.867307662149500     
         502         504  0.847266213784631     
         505         506  0.875889766068862     
         505         507  0.825395532710068     
         508         509  0.839039451357277     
         508         510  0.796522335015655     
         511         512  0.881667605412455     
         511         513  0.806556044791051     
         514         515  0.806687668649654     
         514         516  0.814739363256944     
         517         518  0.824655152805213     
         517         519  0.875518927697506     
         520         521  0.818992763057312     
         520         522  0.857479102766632     
         523         524  0.868339257119367     
         523         525  0.845307737631580     
         526         527  0.817009205133346     
         526         528  0.817490363545385     
         529         530  0.840878160626618     
         529         531  0.828151874161053     
         532         533  0.814230581205201     
         532         534  0.827656974128275     
         535         536  0.856249134528791     
         535         537  0.809524447979332     
         538         539  0.862635266810108     
         538         540  0.867682352974454     
         541         542  0.848755921411260     
         541         543  0.816196177786318     
         544         545  0.835301118169345     
         544         546  0.881333045159799     
         547         548  0.827814876354023     
         547         549  0.841238864328824     
         550         551  0.882127870124448     
         550         552  0.794290791449479     
         553         554  0.795223871052639     
         553         555  0.914119169854688     
         556         557  0.830857778124282     
         556         558  0.866119375085849     
         559         560  0.866884429266614     
         559         561  0.857177093647734     
         562         563  0.798875185437198     
         562         564  0.837296129744712     
         565         566  0.829672558440484     
         565         567  0.828774789830837     
         568         569  0.858767535046484     
         568         570  0.793492140423058     
         571         572  0.783960007547893     
         571         573  0.823584919814691     
         574         575  0.832610944497550     
         574         576  0.853202904068253     
         577         578  0.908737349770046     
         577         579  0.819028597308365     
         580         581  0.875079587784824     
         580         582  0.854296814810799     
         583         584  0.828302573592141     
         583         585  0.842923274375125     
         586         587  0.841101616716644     
         586         588  0.883194688054863     
         589         590  0.811091452947416     
         589         591  0.808603120032642     
         592         593  0.851756558437614     
         592         594  0.833284979770921     
         595         596  0.919211266050137     
         595         597  0.793832581013613     
         598         599  0.814748414200703     
         598         600  0.848491216806791     
         601         602  0.867382303866637     
         601         603  0.788869654691222     
         604         605  0.890389476854710     
         604         606  0.829697783126445     
         607         608  0.841959382970482     
         607         609  0.855625843819333     
         610         611  0.857593475067537     
         610         612  0.846652615288336     
         613         614  0.875301802465161     
         613         615  0.835763158241824     
         616         617  0.808163170103104     
         616         618  0.890945360909233     
         619         620  0.810473179839389     
         619         621  0.814470847138067     
         622         623  0.794930001217908     
         622         624  0.834904882557233     
         625         626  0.861377330431668     
         625         627  0.794440099543110     
         628         629  0.851110513163093     
         628         630  0.861302040076004     
         631         632  0.812717509336653     
         631         633  0.823603171993458     
         634         635  0.859576297847265     
         634         636  0.860680196030454     
         637         638  0.814677692433498     
         637         639  0.863639055226670     
         640         641  0.851789217475111     
         640         642  0.844595155203044     
         643         644  0.833909280289740     
         643         645  0.850528516357872     
         646         647  0.815498950865351     
         646         648  0.881987793751388     
         649         650  0.827120366113310     
         649         651  0.859328145926780     
         652         653  0.823642649155673     
         652         654  0.838521008919264     
         655         656  0.871883895648030     
         655         657  0.785780621899633     
         658         659  0.867738917585520     
         658         660  0.827209021833708     
         661         662  0.796985451810475     
         661         663  0.824958414888657     
         664         665  0.915956586096109     
         664         666  0.790956389103004     
         667         668  0.792806391580790     
         667         669  0.882602473621570     
         670         671  0.794348228654679     
         670         672  0.847903364379085     
         673         674  0.802772287684898     
         673         675  0.801320441346574     
         676         677  0.781876324733888     
         676         678  0.912727890271133     
         679         680  0.909017883239406     
         679         681  0.762819415849806     
         682         683  0.828287683807688     
         682         684  0.823984790369498     
         685         686  0.867938476917714     
         685         687  0.799851014239632     
         688         689  0.835012643984666     
         688         690  0.821116754004063     
         691         692  0.863399094031263     
         691         693  0.831601993441377     
         694         695  0.809902734748986     
         694         696  0.871383348163897     
         697         698  0.838970099630335     
         697         699  0.855211616197893     
         700         701  0.782718943870278     
         700         702  0.845038247715194     
         703         704  0.835342177802555     
         703         705  0.795844626083297     
         706         707  0.845567445382521     
         706         708  0.806737998921624     
         709         710  0.888852071506638     
         709         711  0.789358250301203     
         712         713  0.849436845971089     
         712         714  0.812565422115443     
         715         716  0.809512821491648     
         715         717  0.915336671321153     
         718         719  0.884038066603697     
         718         720  0.812783565178839     
         721         722  0.887590581824373     
         721         723  0.823760503540312     
         724         725  0.868822733892384     
         724         726  0.771374363211487     
         727         728  0.832672291401927     
         727         729  0.851796083127007     
         730         731  0.845538326965442     
         730         732  0.855292316748384     
         733         734  0.845334315303249     
         733         735  0.853595190977813     
         736         737  0.852076363204201     
         736         738  0.846837420937065     
         739         740  0.848908705543718     
         739         741  0.882905660089915     
         742         743  0.839628736229898     
         742         744  0.841462069133057     
         745         746  0.830722136100501     
         745         747  0.865404640985465     
         748         749  0.817896639002233     
         748         750  0.782879318715735     
         751         752  0.877534797977273     
         751         753  0.850034328833310     
         754         755  0.893143356028841     
         754         756  0.866595987189030     
