           1           2  0.815902680469407     
           1           3  0.871043682065470     
           4           5  0.811177369860746     
           4           6  0.812298182688902     
           7           8  0.818723679580207     
           7           9  0.820138382165565     
          10          11  0.831085164088048     
          10          12  0.796974007102913     
          13          14  0.822030518127624     
          13          15  0.815778537031079     
          16          17  0.839327254204748     
          16          18  0.802931052765001     
          19          20  0.794316223113882     
          19          21  0.795765646688460     
          22          23  0.813578382122298     
          22          24  0.821861859894210     
          25          26  0.812967628295361     
          25          27  0.847984788041379     
          28          29  0.816384708535186     
          28          30  0.836227413370910     
          31          32  0.826958025465254     
          31          33  0.827953035239746     
          34          35  0.789607426034918     
          34          36  0.789678914931588     
          37          38  0.866375124288211     
          37          39  0.843584336266763     
          40          41  0.838845473895774     
          40          42  0.824621183162650     
          43          44  0.817471451797944     
          43          45  0.821659378771811     
          46          47  0.831727008977121     
          46          48  0.813210296431923     
          49          50  0.801491542849946     
          49          51  0.792383524322514     
          52          53  0.835599162654319     
          52          54  0.800937066928651     
          55          56  0.804960632978293     
          55          57  0.826286235131745     
          58          59  0.826698955296954     
          58          60  0.808292263875991     
          61          62  0.796986936384328     
          61          63  0.810972474817217     
          64          65  0.780175767549377     
          64          66  0.819184684542371     
          67          68  0.791079464985621     
          67          69  0.822325554799634     
          70          71  0.801604006941505     
          70          72  0.812507557039722     
          73          74  0.833994517198759     
          73          75  0.838384362170403     
          76          77  0.832031239844445     
          76          78  0.790742320466765     
          79          80  0.846543610300247     
          79          81  0.831947194780135     
          82          83  0.866563072591010     
          82          84  0.779200431228787     
          85          86  0.837143495520139     
          85          87  0.820761201476932     
          88          89  0.795985550481595     
          88          90  0.833276431427842     
          91          92  0.819011894724045     
          91          93  0.778059105419380     
          94          95  0.837918296390293     
          94          96  0.813324834893449     
          97          98  0.848680635192374     
          97          99  0.806120295168082     
         100         101  0.814008321487784     
         100         102  0.817834386150707     
         103         104  0.801823819921166     
         103         105  0.859734382814514     
         106         107  0.820079258179635     
         106         108  0.792295377231095     
         109         110  0.827286350885442     
         109         111  0.837606871286354     
         112         113  0.823461375679382     
         112         114  0.837873391864339     
         115         116  0.818442618761027     
         115         117  0.819278675041420     
         118         119  0.784724606222702     
         118         120  0.760582810294691     
         121         122  0.793284476286201     
         121         123  0.823721601308359     
         124         125  0.827199377688767     
         124         126  0.815226882245308     
         127         128  0.803761680704612     
         127         129  0.810401409609326     
         130         131  0.912661927380775     
         130         132  0.789144904031304     
         133         134  0.816162804487250     
         133         135  0.842781122986544     
         136         137  0.783215093027497     
         136         138  0.828486080280939     
         139         140  0.814929864870470     
         139         141  0.815568605190786     
         142         143  0.833808720388056     
         142         144  0.834803380097905     
         145         146  0.820087393674251     
         145         147  0.800426844133955     
         148         149  0.837187314299966     
         148         150  0.847314119664085     
         151         152  0.811582835623754     
         151         153  0.839472564967604     
         154         155  0.822718151453329     
         154         156  0.808316591189393     
         157         158  0.859738676826334     
         157         159  0.844022783868440     
         160         161  0.814007839576342     
         160         162  0.799247352766331     
         163         164  0.835977871734392     
         163         165  0.844757363726795     
         166         167  0.812631402436494     
         166         168  0.844128413726027     
         169         170  0.802654960099311     
         169         171  0.799244537760028     
         172         173  0.833572255122666     
         172         174  0.805160324399176     
         175         176  0.856131773361245     
         175         177  0.790410322226094     
         178         179  0.859940756754250     
         178         180  0.802790541644547     
         181         182  0.818442697199477     
         181         183  0.819544340866636     
         184         185  0.801568574917666     
         184         186  0.831828947243633     
         187         188  0.855317197318637     
         187         189  0.862173230803365     
         190         191  0.854482199633850     
         190         192  0.853117881718148     
         193         194  0.900024479940361     
         193         195  0.792770659084532     
         196         197  0.830997463191029     
         196         198  0.845286974372352     
         199         200  0.841885602120673     
         199         201  0.812310347092195     
         202         203  0.855629505981413     
         202         204  0.818407981779631     
         205         206  0.844203461276471     
         205         207  0.823266009566892     
         208         209  0.796905515326313     
         208         210  0.886969681300005     
         211         212  0.817758312023690     
         211         213  0.808955968832937     
         214         215  0.795162076957414     
         214         216  0.849890387524104     
         217         218  0.814553026823129     
         217         219  0.809778325137474     
         220         221  0.811988566804754     
         220         222  0.839229944097344     
         223         224  0.804052310354647     
         223         225  0.855083719211544     
         226         227  0.819435393409908     
         226         228  0.832339633940156     
         229         230  0.813073214888608     
         229         231  0.848504923039420     
         232         233  0.815055635543360     
         232         234  0.847886764074684     
         235         236  0.852875924475390     
         235         237  0.823379668996905     
         238         239  0.853292094879547     
         238         240  0.867060894767813     
         241         242  0.872574763697673     
         241         243  0.872356049547219     
         244         245  0.884303323902007     
         244         246  0.817940401191971     
         247         248  0.849940706182371     
         247         249  0.866119427889861     
         250         251  0.858502196357643     
         250         252  0.862409231348215     
         253         254  0.823945545774579     
         253         255  0.816648153234985     
         256         257  0.786067523202027     
         256         258  0.846919066027550     
         259         260  0.811567530138882     
         259         261  0.837123131267059     
         262         263  0.856559276099260     
         262         264  0.811316675788271     
         265         266  0.840050689417172     
         265         267  0.825353184828470     
         268         269  0.855324193000942     
         268         270  0.865193248999123     
         271         272  0.805187898510093     
         271         273  0.810710853371857     
         274         275  0.819145085534419     
         274         276  0.829397292928350     
         277         278  0.823073004561849     
         277         279  0.808522475307388     
         280         281  0.888153078811441     
         280         282  0.814226514892573     
         283         284  0.814592685275663     
         283         285  0.790847236380947     
         286         287  0.843655485038250     
         286         288  0.805018017032391     
         289         290  0.784144855165408     
         289         291  0.819877377324175     
         292         293  0.847278929012000     
         292         294  0.765604550906668     
         295         296  0.819965566184060     
         295         297  0.811994532555308     
         298         299  0.794283547388258     
         298         300  0.833567646427528     
         301         302  0.829451494655140     
         301         303  0.813353728720441     
         304         305  0.875475245563398     
         304         306  0.831345418345267     
         307         308  0.822985425273929     
         307         309  0.812470774889696     
         310         311  0.836634768089621     
         310         312  0.877692160600311     
         313         314  0.841030681203662     
         313         315  0.878517494956199     
         316         317  0.829671975653130     
         316         318  0.854498321551432     
         319         320  0.792897251583824     
         319         321  0.809075512808057     
         322         323  0.832091972767579     
         322         324  0.816361901668458     
         325         326  0.796483025545872     
         325         327  0.844614667336993     
         328         329  0.811370655723620     
         328         330  0.854272301606120     
         331         332  0.796343511571608     
         331         333  0.896433130785441     
         334         335  0.839583597880018     
         334         336  0.792564959297979     
         337         338  0.833924011434961     
         337         339  0.861943242465427     
         340         341  0.877434232842371     
         340         342  0.863948398467715     
         343         344  0.822845565681978     
         343         345  0.812603469258444     
         346         347  0.806417829301376     
         346         348  0.817500699000703     
         349         350  0.829513494198232     
         349         351  0.807248070259327     
         352         353  0.854068612170549     
         352         354  0.808938931495484     
         355         356  0.812126038601203     
         355         357  0.892894433566712     
         358         359  0.813006495402515     
         358         360  0.833547255182047     
         361         362  0.835631124942815     
         361         363  0.892468563644001     
         364         365  0.783405183631699     
         364         366  0.840881863888326     
         367         368  0.872893235653346     
         367         369  0.812928333455641     
         370         371  0.813524408430012     
         370         372  0.813602717515291     
         373         374  0.898409524025423     
         373         375  0.809745344805696     
         376         377  0.852713707292865     
         376         378  0.791698399018901     
         379         380  0.837518425403151     
         379         381  0.828649269421892     
         382         383  0.843682302307365     
         382         384  0.856492094400628     
         385         386  0.879872388451498     
         385         387  0.812762746980629     
         388         389  0.846863661120666     
         388         390  0.793724259173776     
         391         392  0.868757016595417     
         391         393  0.869014860477531     
         394         395  0.795031504869040     
         394         396  0.824710756567612     
         397         398  0.785450354851351     
         397         399  0.811605840408643     
         400         401  0.847665245526631     
         400         402  0.851624904941627     
         403         404  0.841049470348660     
         403         405  0.832028039414806     
         406         407  0.833884752759139     
         406         408  0.823111537596003     
         409         410  0.799695160993878     
         409         411  0.811431019452744     
         412         413  0.824201104476027     
         412         414  0.805774991474241     
         415         416  0.794449081226595     
         415         417  0.834467215499494     
         418         419  0.809691962508739     
         418         420  0.877769933582905     
         421         422  0.776456411019995     
         421         423  0.915444973756449     
         424         425  0.818831036409638     
         424         426  0.815744249797631     
         427         428  0.801803082707597     
         427         429  0.809262103949781     
         430         431  0.832212610094453     
         430         432  0.827887784752229     
         433         434  0.799850389331810     
         433         435  0.867471946437371     
         436         437  0.824791651526757     
         436         438  0.847914814637753     
         439         440  0.807904848405432     
         439         441  0.845926695518287     
         442         443  0.862225550438654     
         442         444  0.866380191048050     
         445         446  0.807105750263043     
         445         447  0.914643192808863     
         448         449  0.848116974981806     
         448         450  0.848911889724930     
         451         452  0.816595210793932     
         451         453  0.847092580240448     
         454         455  0.861857954157433     
         454         456  0.859703344294722     
         457         458  0.845903654799304     
         457         459  0.850710297848786     
         460         461  0.846098061263932     
         460         462  0.814422608220255     
         463         464  0.799333168477505     
         463         465  0.891633267253338     
         466         467  0.814063043600481     
         466         468  0.804313940167201     
         469         470  0.868374925402328     
         469         471  0.850379182485997     
         472         473  0.864171465431310     
         472         474  0.811970633501999     
         475         476  0.841360539604650     
         475         477  0.879133804091845     
         478         479  0.849950008895965     
         478         480  0.867708232807827     
         481         482  0.807168955883210     
         481         483  0.805743849440590     
         484         485  0.895616652239191     
         484         486  0.776063386732752     
         487         488  0.831490997483237     
         487         489  0.815684459896867     
         490         491  0.831555251702944     
         490         492  0.865577062411772     
         493         494  0.776172200003807     
         493         495  0.837347693372398     
         496         497  0.839897284886996     
         496         498  0.806537579908626     
         499         500  0.888281727166301     
         499         501  0.823804174475179     
         502         503  0.861321121403978     
         502         504  0.889772892713498     
         505         506  0.864551273671151     
         505         507  0.840788527546456     
         508         509  0.856239354689263     
         508         510  0.836981583972203     
         511         512  0.808677740505776     
         511         513  0.803895352560566     
         514         515  0.883598642871085     
         514         516  0.806793936223950     
         517         518  0.838392523726474     
         517         519  0.866493955398737     
         520         521  0.817184697846351     
         520         522  0.870008200172302     
         523         524  0.782491779176688     
         523         525  0.892410924226225     
         526         527  0.853230142518611     
         526         528  0.790054556458206     
         529         530  0.816201091535897     
         529         531  0.807957970942483     
         532         533  0.838730507667700     
         532         534  0.840311098124543     
         535         536  0.872251188659596     
         535         537  0.815805404676243     
         538         539  0.835754535621620     
         538         540  0.882261616787282     
         541         542  0.795423235974887     
         541         543  0.908838482899591     
         544         545  0.831128258587176     
         544         546  0.841035299078402     
         547         548  0.861075811368760     
         547         549  0.835628804620711     
         550         551  0.838389293101996     
         550         552  0.869937903741651     
         553         554  0.819625964759851     
         553         555  0.860251120276174     
         556         557  0.807040608443277     
         556         558  0.889053368399176     
         559         560  0.847391291599969     
         559         561  0.844056466050709     
         562         563  0.847615895613865     
         562         564  0.841107565581623     
         565         566  0.852958022787776     
         565         567  0.844139567912806     
         568         569  0.858697602306393     
         568         570  0.839248858022245     
         571         572  0.835223605177655     
         571         573  0.849882418783080     
         574         575  0.839186532219274     
         574         576  0.883826015660498     
         577         578  0.826744604797089     
         577         579  0.820649573716597     
         580         581  0.867699107293624     
         580         582  0.822348314728444     
         583         584  0.844777526306722     
         583         585  0.849927096261800     
         586         587  0.820545165010503     
         586         588  0.787378815802764     
         589         590  0.848225811826416     
         589         591  0.879559920453161     
         592         593  0.822479106457042     
         592         594  0.853864569520812     
         595         596  0.894811952493807     
         595         597  0.798450342886316     
         598         599  0.854163944263106     
         598         600  0.846158804425840     
         601         602  0.844841755876201     
         601         603  0.821235489551305     
         604         605  0.864863974061194     
         604         606  0.847924428182101     
         607         608  0.854407296746654     
         607         609  0.864114039463099     
         610         611  0.870182906353528     
         610         612  0.866859266038265     
         613         614  0.857772137604217     
         613         615  0.828302928204176     
         616         617  0.812911690490475     
         616         618  0.809455548186535     
         619         620  0.841501765440162     
         619         621  0.824403817499591     
         622         623  0.911351121497998     
         622         624  0.797371516592796     
         439         626  0.102183070332627     
         625         626  0.766164311923529     
         625         627  0.846293338729894     
         628         629  0.856007789214517     
         628         630  0.796827262915557     
         631         632  0.820410398454795     
         631         633  0.815580320068300     
         634         635  0.862496156513499     
         634         636  0.837034977512373     
         637         638  0.893112342017646     
         637         639  0.831045807938107     
         640         641  0.802423807304197     
         640         642  0.862227347508596     
         643         644  0.850814174674919     
         643         645  0.858060592454206     
         646         647  0.872802419915107     
         646         648  0.800137280470839     
         649         650  0.850610548593723     
         649         651  0.840859536582577     
         652         653  0.828203583757919     
         652         654  0.845197393114925     
         655         656  0.856509063237982     
         655         657  0.878254955517539     
         658         659  0.840447384499675     
         658         660  0.833196309738504     
         661         662  0.876346171641120     
         661         663  0.814492418108160     
         664         665  0.821326604932863     
         664         666  0.789490075811673     
         667         668  0.835608139180610     
         667         669  0.862402715120544     
         670         671  0.840325130543324     
         670         672  0.856975739752724     
         673         674  0.839485657233716     
         673         675  0.800061946262372     
         676         677  0.766832851898662     
         676         678  0.846374924961274     
         679         680  0.814934335151616     
         679         681  0.835333814733419     
         682         683  0.856500471065954     
         682         684  0.821285564763560     
         685         686  0.837023523312282     
         685         687  0.823038082374161     
         688         689  0.828673755254818     
         688         690  0.816752325076835     
         691         692  0.806509286026510     
         691         693  0.874362528842635     
         694         695  0.812570259441478     
         694         696  0.822986967998722     
         697         698  0.870870732904532     
         697         699  0.850826566355242     
         700         701  0.797891992338325     
         700         702  0.919533727285966     
         703         704  0.822965184024649     
         703         705  0.869665148121887     
         706         707  0.847693430193619     
         706         708  0.847965702965223     
         709         710  0.841499385105624     
         709         711  0.837692802879814     
         712         713  0.831328115396136     
         712         714  0.796005357950179     
         715         716  0.813283314518177     
         715         717  0.844822021989764     
         718         719  0.856347035479713     
         718         720  0.798615243499424     
         721         722  0.831417279811036     
         721         723  0.845817621773770     
         724         725  0.821487375509928     
         724         726  0.843494844023761     
         727         728  0.871092285533169     
         727         729  0.875252020224497     
         730         731  0.910415222766909     
         730         732  0.820849383050809     
         733         734  0.826330136242092     
         733         735  0.905126967630536     
         736         737  0.870409379443316     
         736         738  0.825252898293893     
         739         740  0.830524206860758     
         739         741  0.836160108921747     
         742         743  0.794966941125640     
         742         744  0.871332981315354     
         745         746  0.833857110564090     
         745         747  0.854211947404341     
         748         749  0.774262458424953     
         748         750  0.816566081791783     
         751         752  0.849174520843748     
         751         753  0.877262793450962     
         754         755  0.876706128241049     
         754         756  0.869375770826652     
