   -0.67468274
    0.33115400
    0.32833189
   -0.67565660
    0.35780349
    0.33669881
   -0.67153180
    0.35085172
    0.31366857
   -0.67139191
    0.33355927
    0.32071582
   -0.64611618
    0.32024916
    0.32069170
   -0.66598820
    0.33688385
    0.32643817
   -0.67143280
    0.32851730
    0.34321692
   -0.67630312
    0.34947591
    0.33474763
   -0.66126861
    0.33453035
    0.30831011
   -0.68467113
    0.34462165
    0.34633813
   -0.66258432
    0.32519844
    0.33610148
   -0.67926027
    0.34308848
    0.35394138
   -0.68146308
    0.34090530
    0.34046638
   -0.67259616
    0.35024996
    0.34939402
   -0.67059020
    0.34733587
    0.33897471
   -0.65682053
    0.34655483
    0.30608787
   -0.68660252
    0.35870087
    0.34564562
   -0.67637213
    0.33160853
    0.35304662
   -0.68207379
    0.32868251
    0.34353134
   -0.70264812
    0.34111740
    0.35171927
   -0.64227262
    0.29894111
    0.34878246
   -0.66345154
    0.33581286
    0.34440048
   -0.67319013
    0.33323332
    0.33164577
   -0.70136429
    0.34657330
    0.32491486
   -0.69362942
    0.34357024
    0.35812318
   -0.67797845
    0.34367102
    0.34311497
   -0.67724856
    0.34823670
    0.33114067
   -0.66193523
    0.32719066
    0.35222943
   -0.68507843
    0.34983376
    0.31877712
   -0.63806891
    0.31757013
    0.33762754
   -0.68181220
    0.32974289
    0.33062278
   -0.65493709
    0.31771930
    0.35532077
   -0.66987257
    0.34197747
    0.33002425
   -0.65012123
    0.31178658
    0.33829598
   -0.70569103
    0.34140331
    0.33887824
   -0.67162557
    0.34346060
    0.33445128
   -0.67982529
    0.35218699
    0.35605205
   -0.67409120
    0.33938176
    0.34304105
   -0.68461737
    0.34488991
    0.35294268
   -0.66136688
    0.33036343
    0.33970439
   -0.66719776
    0.32769389
    0.33594446
   -0.65785397
    0.32616333
    0.32525345
   -0.63981718
    0.28547364
    0.35141175
   -0.67310918
    0.32597211
    0.34185970
   -0.69785877
    0.35620722
    0.33344270
   -0.65290177
    0.31584504
    0.32867440
   -0.70160423
    0.35385321
    0.33602844
   -0.66951618
    0.34427287
    0.33366047
   -0.66167009
    0.32816492
    0.33607978
   -0.63494383
    0.34693429
    0.27732021
   -0.66939131
    0.33534379
    0.34272829
   -0.62541573
    0.27584882
    0.34004779
   -0.67338655
    0.33610937
    0.34883394
   -0.70353891
    0.33683912
    0.35523566
   -0.65206090
    0.30242094
    0.33891317
   -0.65152325
    0.31259749
    0.34588334
   -0.64247622
    0.28539613
    0.35593256
   -0.64941308
    0.29832910
    0.33137147
   -0.64774278
    0.32245261
    0.32445920
   -0.67478601
    0.33354797
    0.35609702
   -0.68067951
    0.35407966
    0.35160725
   -0.64078878
    0.33190036
    0.30930300
   -0.65607170
    0.34379974
    0.33349087
   -0.70199436
    0.34927962
    0.33996054
   -0.67828545
    0.34121339
    0.36243462
   -0.62359487
    0.28518641
    0.35068344
   -0.69775898
    0.35814480
    0.32090205
   -0.67270664
    0.33789034
    0.33538773
   -0.65883595
    0.31833305
    0.34096294
   -0.66368806
    0.35203893
    0.33207440
   -0.67324255
    0.33663957
    0.34743555
   -0.66507509
    0.35213471
    0.31906486
   -0.68415581
    0.35834433
    0.34970367
   -0.67046991
    0.30752799
    0.35661472
   -0.66697838
    0.35065696
    0.32670689
   -0.67640287
    0.35399885
    0.32318770
   -0.66971539
    0.33209194
    0.31603393
   -0.66062297
    0.34522101
    0.31731265
   -0.68366886
    0.35510814
    0.34367217
   -0.70551249
    0.34355259
    0.36027847
   -0.66310598
    0.33250011
    0.32381055
   -0.67097363
    0.32861725
    0.32577900
   -0.68388950
    0.35141720
    0.34012425
   -0.66835840
    0.33235422
    0.35457021
   -0.63674903
    0.31403714
    0.33388401
   -0.66524267
    0.32648992
    0.32462502
   -0.66736333
    0.33684694
    0.32807186
   -0.64800315
    0.27877104
    0.34957703
   -0.67391163
    0.32543000
    0.33031872
   -0.66025522
    0.32306252
    0.33389183
   -0.64627644
    0.32475941
    0.32284545
   -0.67371608
    0.32301955
    0.33187844
   -0.66535253
    0.35240752
    0.31455142
   -0.65201942
    0.33721867
    0.32118458
   -0.65530111
    0.34204045
    0.29930701
   -0.65580769
    0.33923816
    0.32039455
   -0.63955600
    0.34797584
    0.30058700
   -0.66506088
    0.33447016
    0.33852448
   -0.68284462
    0.33850741
    0.34340977
   -0.67910259
    0.32099418
    0.34049116
   -0.64107963
    0.32642129
    0.33456665
   -0.63531134
    0.28177301
    0.35117567
   -0.66123046
    0.33310238
    0.31125457
   -0.67865175
    0.34907566
    0.34542572
   -0.63668230
    0.35215567
    0.28409112
   -0.64279028
    0.31824757
    0.32578537
   -0.64585746
    0.31369902
    0.33790264
   -0.68005324
    0.33383790
    0.34279131
   -0.68165006
    0.34083478
    0.34022290
   -0.64536918
    0.35226190
    0.29124361
   -0.63899954
    0.33810369
    0.31758602
   -0.64892631
    0.31844446
    0.32376609
   -0.63433705
    0.35137072
    0.28283282
   -0.67177581
    0.32453795
    0.32954887
   -0.67648007
    0.33592538
    0.34663570
   -0.68639748
    0.33123565
    0.33593837
   -0.73572014
    0.34326666
    0.36274940
   -0.66212748
    0.33143620
    0.31712617
   -0.64762995
    0.30117483
    0.33223605
   -0.63509715
    0.33460731
    0.31430828
   -0.64453900
    0.34224027
    0.31150056
   -0.67740142
    0.34050594
    0.33351068
   -0.64957867
    0.32730314
    0.31948229
   -0.67031418
    0.34464043
    0.30740473
   -0.66141880
    0.35424756
    0.30198199
   -0.62903897
    0.28680026
    0.33403752
   -0.68625679
    0.32025370
    0.33394068
   -0.65471650
    0.30205899
    0.34775461
   -0.67838176
    0.32623876
    0.36288148
   -0.69369985
    0.32545430
    0.35799524
   -0.63199930
    0.31071553
    0.32584742
   -0.68378139
    0.33864095
    0.35504918
   -0.61683187
    0.33342896
    0.27662517
   -0.66682237
    0.32634644
    0.33377118
   -0.66403080
    0.35703919
    0.29752113
   -0.70350031
    0.35525670
    0.33230659
   -0.62625184
    0.31973765
    0.32591234
   -0.69609374
    0.33945628
    0.34112501
   -0.66840264
    0.33551919
    0.33635230
   -0.63798722
    0.29839503
    0.33664334
   -0.63981817
    0.32495207
    0.33151823
   -0.65824828
    0.31863947
    0.33690029
   -0.64789605
    0.32285944
    0.32781069
   -0.69362560
    0.31776714
    0.34732511
   -0.68261365
    0.33309235
    0.33188273
   -0.65434851
    0.32040030
    0.32039153
   -0.65316669
    0.31188421
    0.33044964
   -0.67737377
    0.32061578
    0.35626293
   -0.68375268
    0.35085514
    0.33795587
   -0.67957566
    0.31422968
    0.35329433
   -0.66674657
    0.36333628
    0.32456823
   -0.66804054
    0.32573884
    0.32501681
   -0.67296424
    0.33394962
    0.34319993
   -0.62280481
    0.34801372
    0.29352351
   -0.65487639
    0.32260294
    0.33812475
   -0.62958535
    0.29200943
    0.35030361
   -0.67721804
    0.32134085
    0.35935186
   -0.62882692
    0.34992182
    0.28606931
   -0.67478510
    0.34731484
    0.32684962
   -0.64800211
    0.33109933
    0.31477687
   -0.67832900
    0.34476220
    0.33273547
   -0.65182523
    0.32708444
    0.35792906
   -0.64053830
    0.32029825
    0.32312790
   -0.69539691
    0.33562517
    0.35412739
   -0.65997262
    0.32860634
    0.33052522
   -0.64752309
    0.32700759
    0.31843828
   -0.67176864
    0.34846232
    0.32897573
   -0.66256545
    0.32581554
    0.33324018
   -0.65230407
    0.35865059
    0.31590562
   -0.66566914
    0.33312220
    0.33617425
   -0.65510642
    0.31474747
    0.34555688
   -0.66142683
    0.32108768
    0.33275091
   -0.64812795
    0.33454644
    0.31945147
   -0.66523140
    0.32694648
    0.32681693
   -0.65329950
    0.36220100
    0.31088235
   -0.67630083
    0.31699274
    0.35182960
   -0.65061684
    0.33148096
    0.32095993
