   -0.65443174
    0.34163644
    0.30671361
   -0.68380326
    0.35722807
    0.33050817
   -0.70309197
    0.34726180
    0.34900887
   -0.69980023
    0.34877883
    0.34838948
   -0.69920165
    0.35668230
    0.35613599
   -0.69244476
    0.33517599
    0.34673993
   -0.68157785
    0.34629439
    0.35225663
   -0.69082099
    0.33301928
    0.34661460
   -0.69373960
    0.34196243
    0.35566989
   -0.69950097
    0.35332074
    0.33907137
   -0.68337338
    0.33636308
    0.35058613
   -0.68397562
    0.33956966
    0.34648847
   -0.66958703
    0.33123507
    0.32651950
   -0.66688715
    0.34007650
    0.35492750
   -0.67012313
    0.34602860
    0.34246823
   -0.66780808
    0.35086271
    0.34340943
   -0.69695312
    0.34670756
    0.34943629
   -0.66953441
    0.33141682
    0.33995102
   -0.70520482
    0.35182861
    0.35310116
   -0.67578651
    0.32090859
    0.33775721
   -0.69130255
    0.34545913
    0.34080004
   -0.68206168
    0.33826698
    0.35381391
   -0.71406431
    0.34444232
    0.34718328
   -0.67124231
    0.35223031
    0.36797301
   -0.69801540
    0.34549931
    0.35719886
   -0.67657707
    0.34619011
    0.36040779
   -0.65748684
    0.32229999
    0.32832025
   -0.68283008
    0.35681678
    0.34744973
   -0.68560338
    0.33977049
    0.34955117
   -0.67520463
    0.35358692
    0.32858373
   -0.65915910
    0.33457014
    0.33039607
   -0.65878605
    0.32495718
    0.34814008
   -0.66860502
    0.33380915
    0.31206318
   -0.68526896
    0.35110042
    0.34829341
   -0.71272798
    0.35010798
    0.35013302
   -0.70041620
    0.34971804
    0.35332503
   -0.69885754
    0.35084594
    0.34642892
   -0.68097745
    0.33496562
    0.33975198
   -0.69090657
    0.34271661
    0.34719733
   -0.67723084
    0.34955523
    0.34632849
   -0.67452529
    0.36103943
    0.31996638
   -0.68056671
    0.35510288
    0.34886584
   -0.68561909
    0.33502332
    0.33916426
   -0.67205588
    0.31877233
    0.33009458
   -0.66335071
    0.32919540
    0.32725038
   -0.67319854
    0.32892956
    0.35573742
   -0.69638290
    0.35466123
    0.34297891
   -0.68677192
    0.33273538
    0.35263106
   -0.68150386
    0.33790131
    0.34903380
   -0.71555447
    0.35459857
    0.35252394
   -0.68315246
    0.33994482
    0.35286563
   -0.68111788
    0.33950610
    0.33367316
   -0.66131368
    0.35785204
    0.33869333
   -0.69076403
    0.32645492
    0.35059098
   -0.68593808
    0.34070358
    0.34465622
   -0.67860127
    0.33989582
    0.33938487
   -0.67672636
    0.35486445
    0.33193953
   -0.68358076
    0.35847894
    0.36376548
   -0.66419055
    0.31120073
    0.32752497
   -0.64842004
    0.31915380
    0.33315353
   -0.69588880
    0.35548979
    0.33360508
   -0.69086626
    0.35635971
    0.34744061
   -0.68245450
    0.33324530
    0.33793651
   -0.65300184
    0.32081642
    0.34764246
   -0.65269862
    0.32089924
    0.33436868
   -0.69577066
    0.33938567
    0.33108819
   -0.65742161
    0.32944590
    0.33097738
   -0.70834415
    0.32800325
    0.33741432
   -0.69017598
    0.34066713
    0.34235491
   -0.66293231
    0.32464206
    0.33283720
   -0.67818088
    0.35133548
    0.33575981
   -0.69830135
    0.34171752
    0.34668967
   -0.68101852
    0.35060052
    0.34084289
   -0.67829936
    0.35139390
    0.34269568
   -0.70147822
    0.34995123
    0.35134824
   -0.67559072
    0.35230914
    0.32581067
   -0.67262595
    0.33815972
    0.33392122
   -0.68322996
    0.33304387
    0.33673217
   -0.67530073
    0.35304759
    0.34179628
   -0.67326607
    0.32943152
    0.33671743
   -0.66313611
    0.32983855
    0.32570034
   -0.66383351
    0.32360375
    0.34627445
   -0.67574214
    0.33987630
    0.33566135
   -0.66080700
    0.32644403
    0.33539475
   -0.68468608
    0.35445445
    0.34099434
   -0.70342355
    0.34461841
    0.34209892
   -0.66230751
    0.31927032
    0.35706710
   -0.65994293
    0.33836285
    0.32276683
   -0.65113148
    0.34657594
    0.31850550
   -0.64713357
    0.33922653
    0.31895568
   -0.68471323
    0.33310850
    0.35399787
   -0.67625839
    0.34025648
    0.34690997
   -0.70121867
    0.34686314
    0.33906701
   -0.66423654
    0.33615484
    0.33757841
   -0.66601494
    0.34313469
    0.33879733
   -0.69224387
    0.35966736
    0.33928148
   -0.67350667
    0.34720324
    0.35595802
   -0.67259238
    0.30486441
    0.35821402
   -0.64729850
    0.33152401
    0.31604448
   -0.69504837
    0.34808952
    0.34673954
   -0.66978935
    0.35522104
    0.32522520
   -0.64910716
    0.31787721
    0.32312088
   -0.68543084
    0.35244304
    0.34575897
   -0.63777194
    0.32511040
    0.31503839
   -0.63306850
    0.33924826
    0.31505966
   -0.68064283
    0.33744521
    0.33115989
   -0.68112615
    0.35120308
    0.33361023
   -0.68164174
    0.32398795
    0.34744776
   -0.65271266
    0.32708717
    0.32474006
   -0.67268592
    0.34683785
    0.31131314
   -0.69566961
    0.33997414
    0.31834435
   -0.68744500
    0.34441977
    0.34741544
   -0.66397273
    0.33765743
    0.32055479
   -0.66377122
    0.33251493
    0.32651196
   -0.69481746
    0.34083399
    0.35052714
   -0.66908062
    0.34080459
    0.34630480
   -0.68047926
    0.35278823
    0.33602769
   -0.67009275
    0.33382709
    0.34106577
   -0.67693421
    0.33935935
    0.31953608
   -0.67487950
    0.33624016
    0.33938589
   -0.62681707
    0.28460454
    0.35708040
   -0.68830413
    0.34796503
    0.33506901
   -0.68078512
    0.33430452
    0.32251725
   -0.67750335
    0.35679526
    0.33067013
   -0.64236541
    0.33094639
    0.32256464
   -0.70507334
    0.33491726
    0.33584441
   -0.65864193
    0.32059252
    0.32192693
   -0.63779243
    0.31005231
    0.33780467
   -0.65919472
    0.32160578
    0.33932088
   -0.64949538
    0.31371907
    0.33683342
   -0.68878829
    0.33968392
    0.32963898
   -0.68530752
    0.35938663
    0.34285652
   -0.71587723
    0.35483902
    0.35631470
   -0.65408525
    0.33901343
    0.31843296
   -0.68957544
    0.32481185
    0.35897587
   -0.67727964
    0.34617843
    0.33627809
   -0.67401268
    0.31991021
    0.35348411
   -0.68214793
    0.34134984
    0.33948256
   -0.65143694
    0.30827260
    0.33342521
   -0.67410192
    0.32294723
    0.32761894
   -0.66974663
    0.30705827
    0.33852060
   -0.66124820
    0.32677850
    0.32394252
   -0.69392751
    0.35781503
    0.35282932
   -0.70108844
    0.34213858
    0.36082973
   -0.66395694
    0.34193679
    0.30916915
   -0.69150006
    0.34734458
    0.33745260
   -0.64524805
    0.34201351
    0.31230995
   -0.65676438
    0.33771559
    0.31903472
   -0.69323235
    0.35377949
    0.34182366
   -0.65524858
    0.32595722
    0.32984392
   -0.70412730
    0.35177593
    0.35017993
   -0.68154677
    0.35592018
    0.33621018
   -0.69170063
    0.33806207
    0.34091710
   -0.67544481
    0.31790153
    0.33552789
   -0.65299634
    0.33808382
    0.32258187
   -0.69330310
    0.35239069
    0.34326975
   -0.66320014
    0.32788818
    0.34353020
   -0.65282441
    0.32381790
    0.33887969
   -0.65930848
    0.34542846
    0.32557476
   -0.64731462
    0.33605615
    0.31612008
   -0.65982646
    0.32094425
    0.33391505
   -0.66357985
    0.36589546
    0.31104924
   -0.65909937
    0.35142796
    0.30392932
   -0.67457160
    0.34309081
    0.33057153
   -0.68050484
    0.32807997
    0.34811606
   -0.70475598
    0.34355264
    0.34937683
   -0.66419779
    0.33216402
    0.31691409
   -0.65469842
    0.32209092
    0.33692687
   -0.65745412
    0.32137767
    0.33634926
   -0.66146379
    0.32849815
    0.32962426
   -0.67793048
    0.33833250
    0.33098888
   -0.64922099
    0.31278999
    0.32369503
   -0.66799055
    0.32185476
    0.33428856
   -0.64217567
    0.35282595
    0.30391462
   -0.67287278
    0.33311858
    0.33185503
   -0.64763828
    0.34641423
    0.28455629
   -0.67293398
    0.33319157
    0.34595397
   -0.65714434
    0.33402583
    0.33155457
   -0.64382688
    0.31713479
    0.33332307
   -0.65618261
    0.31159166
    0.34694151
   -0.70033572
    0.33650247
    0.33482168
   -0.68584244
    0.33400482
    0.34495326
   -0.67722647
    0.33579156
    0.33641948
   -0.66642280
    0.32279748
    0.32752342
   -0.63557785
    0.32550583
    0.32702382
   -0.65619737
    0.33296794
    0.32118723
   -0.64676086
    0.35462586
    0.28914122
   -0.65540361
    0.30814585
    0.34546844
   -0.66923281
    0.34726720
    0.32069508
   -0.65665471
    0.32170841
    0.30879601
   -0.65503411
    0.31733754
    0.35888571
   -0.64158407
    0.31759724
    0.32366633
   -0.68851823
    0.33842089
    0.34342704
   -0.62811072
    0.33820647
    0.30509865
   -0.68844811
    0.31899313
    0.35003936
   -0.65270439
    0.28874509
    0.35510238
   -0.65206489
    0.34459261
    0.31864553
   -0.65350799
    0.35031151
    0.29730857
   -0.65221289
    0.29397953
    0.35287680
   -0.68686815
    0.33108060
    0.34681971
   -0.67006391
    0.32153122
    0.34273497
   -0.64322854
    0.35110490
    0.28737874
   -0.67254903
    0.33111671
    0.33418074
   -0.67050448
    0.31763536
    0.34390739
   -0.64171143
    0.31600446
    0.32703369
   -0.64318448
    0.32015831
    0.32711530
   -0.68469151
    0.34281255
    0.34171648
   -0.65570310
    0.32428557
    0.32295261
   -0.65584551
    0.33379032
    0.31310901
   -0.69954249
    0.34861160
    0.32522681
   -0.67716361
    0.35649938
    0.34768499
   -0.64949002
    0.29116544
    0.35347625
   -0.67014188
    0.30253224
    0.35704446
   -0.67637826
    0.35732646
    0.32912714
   -0.66601177
    0.35534835
    0.29196511
   -0.63453709
    0.28795101
    0.35437831
   -0.63349805
    0.31475593
    0.34114591
   -0.67073519
    0.33831899
    0.33056241
   -0.67196088
    0.33633702
    0.32216832
   -0.67224050
    0.31265694
    0.35845888
   -0.62368995
    0.31013731
    0.32819193
   -0.70238258
    0.35744564
    0.34412507
   -0.64004277
    0.34680553
    0.29332301
   -0.66399392
    0.31630568
    0.34941494
   -0.69078221
    0.34063967
    0.33753670
   -0.68303824
    0.35129659
    0.33395634
   -0.66872714
    0.34397476
    0.33119749
   -0.66418859
    0.33086030
    0.32976173
   -0.67659094
    0.35159557
    0.34370063
   -0.70028909
    0.34133095
    0.34893761
   -0.67249421
    0.33294122
    0.33578855
   -0.69328564
    0.35107945
    0.35096365
   -0.66900993
    0.32271075
    0.34621184
   -0.66869243
    0.33234025
    0.32828256
   -0.65024026
    0.32929782
    0.31672407
   -0.65307520
    0.31203689
    0.34413919
   -0.66130067
    0.35179829
    0.30256364
   -0.67244268
    0.32951934
    0.33945342
   -0.68001351
    0.33550579
    0.35529240
   -0.65521908
    0.34006560
    0.32061233
   -0.66208254
    0.32387801
    0.32658942
   -0.68121977
    0.33203334
    0.34533936
   -0.65658174
    0.35748394
    0.32667218
   -0.63091014
    0.30139817
    0.33710945
   -0.66574960
    0.33234693
    0.33071284
   -0.64791962
    0.32713479
    0.32994863
   -0.68524004
    0.35392245
    0.34740332
   -0.68536015
    0.35327761
    0.31703763
   -0.69327900
    0.33380673
    0.35096430
   -0.66962085
    0.33936796
    0.32278395
   -0.68972937
    0.36777018
    0.32637983
   -0.65719345
    0.32131036
    0.34221839
