$coord
         -2.180506094963         -1.067216069224          1.723662109466     h 
         -1.541690885050         -0.061534720964          0.018436938801     c 
         -2.220067867811         -1.089277873836         -1.658113510868     h 
          1.349208929913          0.127247303744         -0.016613876372     c 
          1.949621417958          1.200584912337          1.638251991054     h 
          1.910581286740          1.178814003518         -1.698933218395     h 
         -2.367224922449          2.446516960631          0.011732604292     o 
         -4.186076257550          2.536233021717          0.032425191051     h 
          2.587226145778         -2.399897652254         -0.014610424862     n 
          2.042690827666         -3.418141000070         -1.579449432660     h 
          2.079601274727         -3.397557718857          1.575688519539     h 
          4.520792709900         -2.211353598304         -0.038460306829     h 
$end
